Yield function of production of Ti44 by protons, neutrons, alphas, pi+ and pi-, [(Ti44 atoms * cm2) / (g * prim. part. nucleon)] (computed with Geant4.10).
The primaries are alphas.
Energy[GeV/nuc],depths[g/cm2]: 1 3 5 10 15 20 30 44.64
0.01 3.62097E-06 8.33021E-15 4.48326E-15 5.38971E-15 4.59825E-15 5.22895E-15 2.84723E-15 1.50154E-14
0.03 1.34860E-05 1.96849E-07 1.31932E-10 1.14059E-10 1.04717E-10 9.29845E-11 8.86794E-11 8.11614E-11
0.1 1.68339E-05 1.55917E-05 1.16738E-05 7.94763E-06 4.25181E-08 3.67214E-08 3.34419E-08 3.17551E-08
0.18 1.49623E-05 1.53001E-05 1.40429E-05 1.32729E-05 1.12607E-05 8.92312E-06 5.95169E-06 4.82414E-07
0.3 1.83094E-05 1.80193E-05 1.77541E-05 1.73056E-05 1.64797E-05 1.60397E-05 1.61752E-05 1.68766E-05
0.56 2.51910E-05 2.57633E-05 2.66092E-05 2.81383E-05 2.75455E-05 2.72738E-05 3.15277E-05 2.75137E-05
1.0 4.23447E-05 4.66122E-05 5.03293E-05 5.44836E-05 5.86765E-05 6.40963E-05 6.61537E-05 6.81374E-05
3.0 9.28120E-05 1.07123E-04 1.19715E-04 1.28987E-04 1.73302E-04 1.56185E-04 1.72872E-04 1.85640E-04
10.0 2.41742E-04 2.79938E-04 3.12849E-04 3.64030E-04 4.21691E-04 4.47377E-04 4.67729E-04 5.06510E-04
30.0 4.29226E-04 4.91242E-04 5.79407E-04 6.08768E-04 7.49528E-04 8.39347E-04 8.52904E-04 9.33809E-04
100.0 6.25786E-04 7.00129E-04 8.22768E-04 9.53272E-04 1.06225E-03 1.15812E-03 1.27001E-03 1.37800E-03
