Yield function of production of Ti44 by protons, neutrons, alphas, pi+ and pi-, [(Ti44 atoms * cm2) / (g * prim. part. nucleon)] (computed with Geant4.10).
The primaries are protons.
Energy[GeV/nuc],depths[g/cm2]: 1 3 5 10 15 20 30 44.64
0.01 3.96772E-17 0.00000E+00 0.00000E+00 0.00000E+00 0.00000E+00 0.00000E+00 0.00000E+00 0.00000E+00
0.03 9.85757E-09 3.98825E-16 4.68630E-16 5.68057E-16 1.72564E-15 0.00000E+00 0.00000E+00 0.00000E+00
0.1 6.81720E-07 2.77546E-07 6.35143E-08 2.76933E-08 5.67596E-10 5.10343E-10 4.82928E-10 4.37348E-10
0.18 2.61980E-06 2.09665E-06 1.62517E-06 1.19362E-06 5.83504E-07 2.32652E-07 5.50588E-08 2.28958E-08
0.3 5.96778E-06 5.91956E-06 5.65953E-06 4.98855E-06 4.35573E-06 3.79998E-06 3.21641E-06 2.62274E-06
0.56 1.29986E-05 1.30902E-05 1.36335E-05 1.36343E-05 1.34754E-05 1.29716E-05 1.26107E-05 1.20782E-05
1.0 2.10831E-05 2.38697E-05 2.36354E-05 2.58360E-05 3.02651E-05 2.58713E-05 2.75412E-05 2.64936E-05
3.0 3.03601E-05 3.35575E-05 3.70332E-05 5.26485E-05 4.97590E-05 5.05864E-05 5.17724E-05 6.28092E-05
10.0 7.00368E-05 7.90452E-05 9.72239E-05 1.00839E-04 1.18807E-04 1.39311E-04 1.47846E-04 1.45283E-04
30.0 9.72500E-05 1.05621E-04 1.25117E-04 1.29920E-04 1.52868E-04 1.69129E-04 1.82097E-04 1.95222E-04
100.0 1.54071E-04 1.79332E-04 1.93228E-04 2.10720E-04 2.65063E-04 2.74414E-04 2.77538E-04 2.64776E-04
