Yield function of production of Ti44 by protons, neutrons, alphas, pi+ and pi-, [(Ti44 atoms * cm2) / (g * prim. part. nucleon)] (computed with Geant4.10).
The primaries are protons.
Energy[GeV/nuc],depths[g/cm2]: 1 3 5 10 15 20 30 44.64
0.01 3.96772E-17 0.00000E+00 0.00000E+00 0.00000E+00 0.00000E+00 0.00000E+00 0.00000E+00 0.00000E+00
0.03 9.85757E-09 3.98825E-16 4.68630E-16 5.68057E-16 1.72564E-15 0.00000E+00 0.00000E+00 0.00000E+00
0.1 6.81720E-07 2.77546E-07 6.35143E-08 2.76933E-08 5.67596E-10 5.10343E-10 4.82928E-10 4.37348E-10
0.18 2.61980E-06 2.09665E-06 1.62517E-06 1.19362E-06 5.83504E-07 2.32652E-07 5.50588E-08 2.28958E-08
0.3 5.96750E-06 5.91943E-06 5.65845E-06 4.98790E-06 4.35521E-06 3.79936E-06 3.21641E-06 2.62274E-06
0.56 1.23199E-05 1.22448E-05 1.25753E-05 1.21070E-05 1.19057E-05 1.14422E-05 1.13000E-05 1.07945E-05
1.0 1.61731E-05 1.61420E-05 1.62424E-05 1.64730E-05 1.61554E-05 1.58218E-05 1.72634E-05 1.52761E-05
3.0 1.28836E-05 1.29971E-05 1.32475E-05 1.34991E-05 1.39127E-05 1.38072E-05 1.41847E-05 1.44447E-05
10.0 1.45127E-05 1.54804E-05 1.55101E-05 1.62399E-05 1.66952E-05 1.73851E-05 1.79955E-05 1.90852E-05
30.0 1.54041E-05 1.57066E-05 1.61827E-05 1.68851E-05 1.78363E-05 1.86191E-05 1.87995E-05 1.88457E-05
100.0 1.76830E-05 1.81335E-05 1.89176E-05 1.94119E-05 1.98664E-05 2.12886E-05 2.21534E-05 1.97298E-05
