Yield function of production of Ti44 by protons, neutrons, alphas, pi+ and pi-, [(Ti44 atoms * cm2) / (g * prim. part. nucleon)] (computed with Geant4.10).
The primaries are alphas.
Energy[GeV/nuc],depths[g/cm2]: 1 3 5 10 15 20 30 44.64
0.01 3.62097E-06 8.33021E-15 4.48326E-15 5.38971E-15 4.59825E-15 5.22895E-15 2.84723E-15 1.50154E-14
0.03 1.34860E-05 1.96849E-07 1.31932E-10 1.14059E-10 1.04717E-10 9.29845E-11 8.86794E-11 8.11614E-11
0.1 1.68339E-05 1.55917E-05 1.16738E-05 7.94763E-06 4.25181E-08 3.67214E-08 3.34419E-08 3.17551E-08
0.18 1.49623E-05 1.53001E-05 1.40423E-05 1.32729E-05 1.12604E-05 8.92305E-06 5.95169E-06 4.82414E-07
0.3 1.83021E-05 1.80071E-05 1.77486E-05 1.72975E-05 1.64624E-05 1.60255E-05 1.61405E-05 1.68500E-05
0.56 2.33351E-05 2.33267E-05 2.34496E-05 2.38002E-05 2.40460E-05 2.40268E-05 2.50566E-05 2.36402E-05
1.0 2.78943E-05 2.83488E-05 2.93819E-05 3.02485E-05 3.13754E-05 3.18159E-05 3.34747E-05 3.34680E-05
3.0 3.38114E-05 3.51099E-05 3.67067E-05 3.81874E-05 4.03339E-05 4.12668E-05 4.27319E-05 4.47374E-05
10.0 3.99480E-05 4.25272E-05 4.48635E-05 4.69790E-05 5.12047E-05 5.27962E-05 5.42214E-05 5.57314E-05
30.0 4.64239E-05 4.96388E-05 5.26311E-05 5.51951E-05 5.96504E-05 6.26559E-05 6.55537E-05 7.03643E-05
100.0 3.72928E-05 4.13330E-05 4.90290E-05 5.21841E-05 6.27587E-05 6.26655E-05 7.12811E-05 8.24072E-05
