Yield function of production of Ti44 by protons, neutrons, alphas, pi+ and pi-, [(Ti44 atoms * cm2) / (g * prim. part. nucleon)] (computed with Geant4.10).
The primaries are alphas.
Energy[GeV/nuc],depths[g/cm2]: 1 3 5 10 15 20 30 40 50 60 70 80 90 100 110 120 130 140 150 160 170 180 190 200 210 220 230 240 250 260 270 280 290 300.9
0.01 2.61056E-06 6.79989E-15 5.70626E-15 5.71226E-15 4.40730E-15 4.41206E-15 2.58410E-15 1.25189E-15 9.05087E-16 1.00437E-15 1.12384E-15 1.27006E-15 1.45391E-15 1.69229E-15 2.01734E-15 5.71096E-15 0.00000E+00 0.00000E+00 0.00000E+00 0.00000E+00 0.00000E+00 0.00000E+00 0.00000E+00 0.00000E+00 0.00000E+00 0.00000E+00 0.00000E+00 0.00000E+00 0.00000E+00 0.00000E+00 0.00000E+00 0.00000E+00 0.00000E+00 0.00000E+00
0.03 9.49937E-06 1.30254E-07 1.04560E-10 9.13220E-11 7.27099E-11 6.98682E-11 5.29648E-11 4.19796E-11 3.36814E-11 2.61761E-11 2.34909E-11 2.01142E-11 1.68302E-11 1.41300E-11 1.21074E-11 1.12861E-11 8.39885E-12 8.06461E-12 6.99826E-12 5.03033E-12 5.03967E-12 3.95802E-12 4.17361E-12 4.45653E-12 2.25375E-12 3.87435E-12 3.30902E-12 1.98008E-12 1.90602E-12 3.03320E-12 7.13346E-12 3.41371E-12 0.00000E+00 0.00000E+00
0.1 1.08039E-05 9.83747E-06 7.30630E-06 4.77996E-06 2.33748E-08 1.96459E-08 1.69180E-08 1.43707E-08 1.23631E-08 1.08300E-08 9.40319E-09 8.48254E-09 7.77138E-09 7.03296E-09 6.60808E-09 5.99339E-09 5.57622E-09 5.02835E-09 5.49189E-09 4.20813E-09 3.92722E-09 3.91008E-09 3.71297E-09 3.28654E-09 3.43876E-09 3.51485E-09 3.39686E-09 2.67643E-09 2.54997E-09 2.47151E-09 3.76327E-09 3.01579E-09 4.76218E-09 9.38301E-09
0.18 8.60020E-06 8.39900E-06 7.44727E-06 6.88554E-06 5.44777E-06 3.87493E-06 2.22915E-06 1.70934E-07 1.46014E-07 1.29996E-07 1.17747E-07 1.07594E-07 9.49323E-08 8.92055E-08 8.22285E-08 7.59267E-08 7.22248E-08 6.40702E-08 6.26342E-08 6.30336E-08 5.62998E-08 5.40028E-08 4.71620E-08 4.64316E-08 4.42572E-08 3.99712E-08 4.36979E-08 4.14064E-08 4.10507E-08 3.77821E-08 3.28970E-08 8.75579E-08 3.63808E-08 1.21189E-07
0.3 9.08757E-06 9.03697E-06 8.26997E-06 7.78357E-06 6.78884E-06 5.91550E-06 5.16524E-06 4.00813E-06 3.01974E-06 2.10890E-06 1.20473E-06 7.95957E-07 7.47530E-07 6.85764E-07 6.36528E-07 6.08005E-07 5.69425E-07 5.43217E-07 4.90281E-07 4.56429E-07 4.57322E-07 4.60429E-07 4.30753E-07 4.16388E-07 3.85828E-07 3.95848E-07 3.64514E-07 3.88461E-07 3.41319E-07 3.47186E-07 4.25410E-07 3.00253E-07 4.98400E-07 2.50316E-07
0.56 1.13382E-05 1.13759E-05 1.13578E-05 1.11670E-05 1.09447E-05 1.08592E-05 1.10166E-05 1.01385E-05 9.39476E-06 8.64208E-06 8.08049E-06 7.36219E-06 6.87140E-06 6.26910E-06 5.96601E-06 5.34896E-06 5.13790E-06 4.65609E-06 4.39648E-06 4.07690E-06 3.86662E-06 3.57108E-06 3.42223E-06 3.47244E-06 3.30758E-06 3.18737E-06 3.19179E-06 2.91920E-06 2.89758E-06 3.02389E-06 2.81564E-06 3.12563E-06 2.77971E-06 3.72981E-06
1.0 1.42717E-05 1.50932E-05 1.55222E-05 1.60720E-05 1.72394E-05 1.77616E-05 1.74339E-05 1.77397E-05 1.79261E-05 1.76843E-05 1.71850E-05 1.68723E-05 1.64204E-05 1.61855E-05 1.53348E-05 1.52201E-05 1.42633E-05 1.39182E-05 1.34416E-05 1.29482E-05 1.25888E-05 1.25865E-05 1.15329E-05 1.15903E-05 1.11384E-05 1.06925E-05 1.05847E-05 1.07246E-05 1.01545E-05 1.03211E-05 9.95563E-06 8.87291E-06 9.17449E-06 1.07742E-05
3.0 2.26780E-05 2.37185E-05 2.47453E-05 2.60439E-05 2.82355E-05 2.95731E-05 3.05259E-05 3.19198E-05 3.34079E-05 3.36943E-05 3.53237E-05 3.50609E-05 3.44050E-05 3.54579E-05 3.48601E-05 3.61331E-05 3.57642E-05 3.60815E-05 3.46863E-05 3.60882E-05 3.57137E-05 3.39006E-05 3.44596E-05 3.39959E-05 3.27915E-05 3.28771E-05 3.75292E-05 3.35372E-05 3.25854E-05 3.42187E-05 4.44195E-05 3.46819E-05 3.27925E-05 3.16379E-05
10.0 3.65456E-05 3.91909E-05 4.14129E-05 4.34314E-05 4.70577E-05 5.08088E-05 5.33031E-05 5.78929E-05 6.15599E-05 6.28228E-05 6.47110E-05 6.72934E-05 6.75628E-05 6.80541E-05 6.82380E-05 6.95607E-05 6.86079E-05 6.90308E-05 6.98998E-05 6.84011E-05 7.07530E-05 7.05214E-05 6.92129E-05 7.08539E-05 6.87549E-05 6.70549E-05 6.75245E-05 6.62282E-05 6.99803E-05 6.58407E-05 6.48093E-05 6.03339E-05 6.42950E-05 7.44064E-05
30.0 6.09863E-05 6.39458E-05 6.94407E-05 7.16486E-05 7.80586E-05 8.28355E-05 8.57273E-05 9.47614E-05 1.04994E-04 1.06325E-04 1.11489E-04 1.17033E-04 1.20078E-04 1.21992E-04 1.26015E-04 1.30849E-04 1.34520E-04 1.34496E-04 1.37109E-04 1.32731E-04 1.37449E-04 1.43040E-04 1.43778E-04 1.45103E-04 1.49391E-04 1.43211E-04 1.54104E-04 1.48552E-04 1.64185E-04 1.58679E-04 1.62159E-04 1.49546E-04 1.67335E-04 1.79250E-04
100.0 1.12680E-04 1.18929E-04 1.30736E-04 1.30814E-04 1.42691E-04 1.53080E-04 1.62228E-04 1.79323E-04 1.90672E-04 1.96663E-04 2.10907E-04 2.17693E-04 2.26149E-04 2.35982E-04 2.63429E-04 2.67652E-04 2.57823E-04 2.57623E-04 2.75820E-04 2.75177E-04 3.09277E-04 2.77538E-04 2.83878E-04 2.85285E-04 3.04439E-04 2.92936E-04 3.03000E-04 2.89402E-04 2.88215E-04 2.79412E-04 3.20823E-04 2.86431E-04 4.33271E-04 3.61267E-04
