Yield function of production of Ti44 by protons, neutrons, alphas, pi+ and pi-, [(Ti44 atoms * cm2) / (g * prim. part. nucleon)] (computed with Geant4.10).
The primaries are protons.
Energy[GeV/nuc],depths[g/cm2]: 1 3 5 10 15 20 30 40 50 60 70 80 90 100 110 120 130 140 150 160 170 180 190 200 210 220 230 240 250 260 270 280 290 300.9
0.01 0.00000E+00 0.00000E+00 0.00000E+00 0.00000E+00 0.00000E+00 0.00000E+00 0.00000E+00 0.00000E+00 0.00000E+00 0.00000E+00 0.00000E+00 0.00000E+00 0.00000E+00 0.00000E+00 0.00000E+00 0.00000E+00 0.00000E+00 0.00000E+00 0.00000E+00 0.00000E+00 0.00000E+00 0.00000E+00 0.00000E+00 0.00000E+00 0.00000E+00 0.00000E+00 0.00000E+00 0.00000E+00 0.00000E+00 0.00000E+00 0.00000E+00 0.00000E+00 0.00000E+00 0.00000E+00
0.03 1.06847E-08 2.89153E-16 3.28961E-16 6.37688E-16 2.84186E-15 0.00000E+00 0.00000E+00 0.00000E+00 0.00000E+00 0.00000E+00 0.00000E+00 0.00000E+00 0.00000E+00 0.00000E+00 0.00000E+00 0.00000E+00 0.00000E+00 0.00000E+00 0.00000E+00 0.00000E+00 0.00000E+00 0.00000E+00 0.00000E+00 0.00000E+00 0.00000E+00 0.00000E+00 0.00000E+00 0.00000E+00 0.00000E+00 0.00000E+00 0.00000E+00 0.00000E+00 0.00000E+00 0.00000E+00
0.1 4.95295E-07 2.17307E-07 5.63565E-08 2.53490E-08 4.05355E-10 3.39319E-10 2.92382E-10 2.28760E-10 1.82477E-10 1.45407E-10 1.19079E-10 1.03189E-10 8.42957E-11 7.52208E-11 6.55047E-11 5.12109E-11 4.61514E-11 4.04402E-11 3.19304E-11 2.52356E-11 3.05327E-11 2.29196E-11 1.96339E-11 2.22348E-11 2.71281E-11 2.36464E-11 3.43480E-11 1.09660E-11 1.50278E-11 3.10197E-11 2.12658E-11 1.41288E-11 3.80111E-11 0.00000E+00
0.18 1.65111E-06 1.21264E-06 9.36145E-07 6.87784E-07 3.19782E-07 1.14978E-07 2.62254E-08 8.92722E-09 7.20139E-09 6.37755E-09 5.60650E-09 5.17540E-09 4.62292E-09 3.98933E-09 3.73035E-09 3.38635E-09 3.13884E-09 2.72920E-09 2.68557E-09 2.53927E-09 2.19944E-09 2.04607E-09 1.87501E-09 1.73866E-09 1.74599E-09 1.57270E-09 1.55177E-09 3.24554E-09 1.52114E-09 1.06795E-09 9.87184E-10 1.07756E-09 1.09302E-09 7.14897E-10
0.3 3.54842E-06 3.30672E-06 2.82993E-06 2.42892E-06 1.84573E-06 1.40056E-06 1.07669E-06 5.85743E-07 2.84349E-07 1.23285E-07 7.18879E-08 6.17446E-08 5.42561E-08 4.97506E-08 4.73590E-08 4.52754E-08 4.14169E-08 3.92467E-08 3.85676E-08 3.77763E-08 3.28636E-08 3.17376E-08 3.44855E-08 2.94585E-08 3.17294E-08 2.77939E-08 2.89044E-08 2.52001E-08 2.28935E-08 2.27992E-08 2.24767E-08 5.21482E-08 5.07975E-08 6.42648E-09
0.56 5.84435E-06 5.83744E-06 5.82498E-06 5.52839E-06 5.23068E-06 4.58812E-06 4.34404E-06 3.49022E-06 2.93834E-06 2.38418E-06 2.00522E-06 1.68205E-06 1.40404E-06 1.17565E-06 9.56603E-07 7.84135E-07 6.34223E-07 5.15284E-07 4.19453E-07 3.46483E-07 3.24179E-07 3.44062E-07 2.84789E-07 2.56242E-07 2.57635E-07 2.57417E-07 3.02734E-07 2.47983E-07 2.43818E-07 2.27779E-07 2.47204E-07 2.20966E-07 1.74570E-07 2.07059E-07
1.0 7.89691E-06 7.98063E-06 8.01342E-06 8.17315E-06 7.46435E-06 7.16272E-06 7.09451E-06 6.70306E-06 5.85454E-06 5.42427E-06 5.06465E-06 4.67425E-06 4.42720E-06 4.12664E-06 3.85248E-06 3.61544E-06 3.40072E-06 3.37657E-06 2.98410E-06 2.79523E-06 2.60420E-06 2.51573E-06 2.54193E-06 2.23379E-06 2.27381E-06 1.99405E-06 1.94868E-06 1.93927E-06 1.94100E-06 1.66097E-06 1.60857E-06 1.84111E-06 1.58998E-06 1.57890E-06
3.0 7.76518E-06 7.84700E-06 8.05593E-06 8.24667E-06 8.47782E-06 8.74271E-06 8.93536E-06 8.90683E-06 9.10544E-06 9.47311E-06 9.08586E-06 9.11152E-06 8.85068E-06 8.92755E-06 8.83315E-06 8.76330E-06 8.69652E-06 8.73189E-06 8.77841E-06 8.16766E-06 8.39098E-06 8.96722E-06 8.17227E-06 8.91460E-06 7.89983E-06 7.92177E-06 8.16104E-06 8.19964E-06 1.14425E-05 7.68363E-06 7.20499E-06 7.95159E-06 6.30606E-06 5.83993E-06
10.0 1.13815E-05 1.17043E-05 1.22300E-05 1.25546E-05 1.33580E-05 1.40352E-05 1.42147E-05 1.51931E-05 1.57198E-05 1.57831E-05 1.61845E-05 1.67190E-05 1.65621E-05 1.67342E-05 1.65689E-05 1.69264E-05 1.69787E-05 1.67069E-05 1.64512E-05 1.64597E-05 1.63244E-05 1.64898E-05 1.67806E-05 1.67859E-05 1.67126E-05 1.65816E-05 1.62453E-05 1.63927E-05 1.66727E-05 1.64434E-05 1.55716E-05 1.94077E-05 1.76341E-05 1.15389E-05
30.0 1.73903E-05 1.78384E-05 1.85901E-05 1.92100E-05 2.00449E-05 2.13274E-05 2.29654E-05 2.38603E-05 2.57714E-05 2.66540E-05 2.82217E-05 2.87757E-05 3.02033E-05 3.01241E-05 3.08287E-05 3.17686E-05 3.24452E-05 3.20529E-05 3.35089E-05 3.52878E-05 3.30990E-05 3.38709E-05 3.39234E-05 3.42984E-05 3.54115E-05 3.74195E-05 3.64648E-05 3.67184E-05 3.52502E-05 3.78492E-05 3.84910E-05 4.10060E-05 3.28451E-05 3.88527E-05
100.0 3.20508E-05 3.30320E-05 3.43495E-05 3.52622E-05 3.78886E-05 4.00192E-05 4.20821E-05 4.48496E-05 4.79318E-05 5.07183E-05 5.31301E-05 5.65938E-05 5.87595E-05 6.18155E-05 6.35955E-05 6.65917E-05 6.72942E-05 6.95030E-05 7.19694E-05 7.12760E-05 7.27918E-05 7.02666E-05 7.22806E-05 7.33161E-05 7.25754E-05 7.60947E-05 7.62038E-05 7.52461E-05 7.77559E-05 9.03203E-05 7.67371E-05 8.01753E-05 7.90688E-05 9.14566E-05
