Yield function of production of Ti44 by protons, neutrons, alphas, pi+ and pi-, [(Ti44 atoms * cm2) / (g * prim. part. nucleon)] (computed with Geant4.10).
The primaries are protons.
Energy[GeV/nuc],depths[g/cm2]: 1 3 5 10 15 20 30 40 50 60 70 80 90 100 110 120 130 140 150 160 170 180 190 200 210 220 230 240 250 260 270 280 290 300 310 320 330 340 350 360 370 380 400 410 420 430 446.4
0.01 2.04140E-04 2.50340E-08 2.13318E-08 2.04602E-08 1.85789E-08 1.80169E-08 1.76749E-08 1.41961E-08 1.25228E-08 9.36647E-09 6.97876E-09 5.21447E-09 3.44499E-09 2.53839E-09 1.41452E-09 9.65318E-10 1.27931E-09 9.91507E-10 3.87884E-10 4.65856E-10 6.52678E-10 2.48600E-10 2.34059E-10 2.77817E-11 6.60892E-11 6.15205E-11 3.44105E-11 0.00000E+00 0.00000E+00 0.00000E+00 0.00000E+00 0.00000E+00 0.00000E+00 0.00000E+00 0.00000E+00 0.00000E+00 0.00000E+00 0.00000E+00 0.00000E+00 0.00000E+00 0.00000E+00 0.00000E+00 0.00000E+00 0.00000E+00 0.00000E+00 0.00000E+00 0.00000E+00
0.03 2.06492E-04 2.68529E-05 4.00495E-07 3.76453E-07 3.34452E-07 3.15966E-07 3.06773E-07 2.64581E-07 2.27891E-07 1.87740E-07 1.48443E-07 1.18918E-07 9.54242E-08 7.46396E-08 5.33032E-08 4.25308E-08 3.11539E-08 2.50281E-08 1.65097E-08 1.38115E-08 1.30251E-08 8.25952E-09 6.75909E-09 4.89147E-09 3.51221E-09 2.57436E-09 2.46677E-09 1.70121E-09 1.01744E-09 4.44766E-10 2.22504E-10 1.04477E-10 1.60325E-10 6.34303E-11 6.78653E-11 0.00000E+00 0.00000E+00 0.00000E+00 0.00000E+00 0.00000E+00 0.00000E+00 0.00000E+00 0.00000E+00 0.00000E+00 0.00000E+00 0.00000E+00 0.00000E+00
0.1 2.15043E-04 1.92945E-04 1.48841E-04 1.07265E-04 1.07200E-05 1.02425E-05 9.98138E-06 9.04717E-06 7.99722E-06 6.91399E-06 6.30619E-06 5.09690E-06 4.52602E-06 3.82277E-06 3.20703E-06 2.57511E-06 2.07971E-06 1.74695E-06 1.44576E-06 1.19002E-06 1.04299E-06 8.29887E-07 8.42494E-07 7.50742E-07 5.45920E-07 4.67651E-07 4.09959E-07 3.00220E-07 2.51033E-07 2.09814E-07 1.60470E-07 1.66072E-07 1.57520E-07 1.38190E-07 1.27814E-07 9.85697E-08 7.35890E-08 3.08496E-08 6.10479E-08 3.77502E-08 5.47454E-08 1.87541E-08 4.10926E-08 1.16157E-08 2.50926E-08 4.04520E-08 0.00000E+00
0.18 2.71773E-05 4.63753E-05 6.49370E-05 8.31199E-05 1.24533E-04 1.28376E-04 9.27510E-05 4.36892E-05 4.00329E-05 3.70205E-05 3.24667E-05 2.84351E-05 2.49499E-05 2.18060E-05 1.88100E-05 1.69346E-05 1.46301E-05 1.28936E-05 1.14396E-05 1.00734E-05 9.09836E-06 7.72081E-06 6.85289E-06 6.02490E-06 5.46188E-06 5.06753E-06 4.65349E-06 4.15766E-06 3.96335E-06 3.61034E-06 3.39478E-06 3.20501E-06 2.72629E-06 2.93763E-06 2.22303E-06 2.33617E-06 1.98551E-06 1.87623E-06 1.73910E-06 1.78453E-06 1.31747E-06 1.42947E-06 1.53896E-06 1.75530E-06 1.02115E-06 1.22610E-06 1.44392E-06
0.3 5.00470E-05 6.18769E-05 8.26950E-05 9.22382E-05 1.14410E-04 1.30177E-04 1.43337E-04 1.57432E-04 1.63791E-04 1.60519E-04 1.27051E-04 1.08627E-04 9.66545E-05 8.59947E-05 7.68485E-05 6.98799E-05 6.26015E-05 5.60842E-05 5.01736E-05 4.55877E-05 4.36452E-05 3.80344E-05 3.53666E-05 3.28637E-05 2.87625E-05 2.76248E-05 2.47957E-05 2.33834E-05 2.25749E-05 2.18886E-05 2.02715E-05 1.81642E-05 1.79069E-05 1.92615E-05 1.69440E-05 1.67680E-05 1.51302E-05 1.47674E-05 1.56703E-05 1.11093E-05 1.09658E-05 1.16099E-05 1.17062E-05 1.18927E-05 1.00072E-05 1.48557E-05 9.69802E-06
0.56 9.37550E-05 1.16430E-04 1.42386E-04 1.65120E-04 2.20086E-04 2.53656E-04 2.86052E-04 3.38068E-04 3.66116E-04 3.84025E-04 3.81291E-04 3.72410E-04 3.64219E-04 3.54528E-04 3.36832E-04 3.13943E-04 2.91357E-04 2.73126E-04 2.55551E-04 2.39755E-04 2.19735E-04 1.99211E-04 1.86636E-04 1.74051E-04 1.65738E-04 1.49714E-04 1.44776E-04 1.35945E-04 1.28752E-04 1.20551E-04 1.17636E-04 1.07964E-04 1.05615E-04 1.04971E-04 8.95264E-05 8.87832E-05 9.21451E-05 9.06077E-05 8.14491E-05 8.08490E-05 7.76695E-05 8.58856E-05 7.64300E-05 7.83006E-05 6.41690E-05 5.92639E-05 5.51240E-05
1.0 1.63875E-04 1.98943E-04 2.45626E-04 2.88764E-04 3.77303E-04 4.49240E-04 5.23959E-04 6.22515E-04 6.88978E-04 7.46808E-04 7.69716E-04 8.02628E-04 7.95342E-04 7.84066E-04 7.77346E-04 7.61113E-04 7.39876E-04 7.19664E-04 7.01333E-04 6.68400E-04 6.62563E-04 6.30723E-04 5.93687E-04 5.78926E-04 5.56850E-04 5.31745E-04 5.08516E-04 4.88465E-04 4.65456E-04 4.68327E-04 4.34938E-04 4.28965E-04 4.28791E-04 4.00355E-04 3.85449E-04 3.75130E-04 3.56479E-04 3.46763E-04 3.43997E-04 3.16350E-04 3.08070E-04 3.40074E-04 2.96823E-04 2.48998E-04 2.57462E-04 2.66047E-04 2.69611E-04
3.0 3.80534E-04 4.61575E-04 5.67676E-04 6.62949E-04 8.68079E-04 1.06015E-03 1.22457E-03 1.51779E-03 1.74423E-03 1.92297E-03 2.06299E-03 2.16171E-03 2.23258E-03 2.27776E-03 2.32050E-03 2.35362E-03 2.34798E-03 2.36168E-03 2.32801E-03 2.31435E-03 2.29474E-03 2.25148E-03 2.20254E-03 2.21215E-03 2.16578E-03 2.14011E-03 2.08328E-03 2.09562E-03 2.07697E-03 2.03300E-03 1.94203E-03 1.93273E-03 1.89772E-03 1.84414E-03 1.84976E-03 1.81127E-03 1.79080E-03 1.74040E-03 1.85560E-03 1.73459E-03 1.67504E-03 1.76700E-03 1.69876E-03 1.68816E-03 1.75032E-03 2.19220E-03 1.59073E-03
10.0 1.03888E-03 1.23429E-03 1.53372E-03 1.80152E-03 2.36061E-03 2.85385E-03 3.30067E-03 4.09664E-03 4.74998E-03 5.25958E-03 5.65577E-03 5.96550E-03 6.18914E-03 6.35298E-03 6.61885E-03 6.56321E-03 6.68885E-03 6.78002E-03 6.77497E-03 6.71942E-03 6.72962E-03 6.70144E-03 6.63549E-03 6.62736E-03 6.58608E-03 6.54950E-03 6.41505E-03 6.42875E-03 6.33309E-03 6.24177E-03 6.19512E-03 6.17474E-03 6.13830E-03 6.06718E-03 6.20894E-03 6.17826E-03 6.14625E-03 6.09153E-03 6.11312E-03 6.06048E-03 6.29709E-03 5.91212E-03 5.75155E-03 5.93003E-03 5.87079E-03 5.76189E-03 5.75995E-03
30.0 2.07269E-03 2.46397E-03 3.05407E-03 3.57903E-03 4.69694E-03 5.77662E-03 6.75081E-03 8.50306E-03 1.00012E-02 1.12154E-02 1.23187E-02 1.32114E-02 1.40489E-02 1.47085E-02 1.52948E-02 1.57718E-02 1.61946E-02 1.65018E-02 1.68072E-02 1.71221E-02 1.73522E-02 1.73404E-02 1.74605E-02 1.75984E-02 1.76346E-02 1.79007E-02 1.78915E-02 1.78554E-02 1.77638E-02 1.77819E-02 1.81658E-02 1.81182E-02 1.80772E-02 1.80987E-02 1.84193E-02 1.82046E-02 1.80305E-02 1.81045E-02 1.80075E-02 1.81165E-02 1.77037E-02 1.80036E-02 1.83503E-02 1.84048E-02 1.87078E-02 1.84970E-02 2.17519E-02
100.0 4.93533E-03 5.89186E-03 7.29674E-03 8.49168E-03 1.13445E-02 1.37128E-02 1.61882E-02 2.03604E-02 2.41163E-02 2.73420E-02 3.02369E-02 3.25659E-02 3.47188E-02 3.63282E-02 3.79171E-02 3.92656E-02 4.05701E-02 4.16213E-02 4.25698E-02 4.33302E-02 4.39851E-02 4.42768E-02 4.46508E-02 4.51258E-02 4.51704E-02 4.57999E-02 4.58554E-02 4.60927E-02 4.65408E-02 4.70719E-02 4.68281E-02 4.78083E-02 4.74230E-02 4.73452E-02 4.70675E-02 4.76205E-02 4.71247E-02 4.76191E-02 4.75680E-02 4.76094E-02 4.74525E-02 4.72815E-02 4.67574E-02 4.64843E-02 4.83385E-02 4.56797E-02 3.92451E-02
