Yield function of production of Ti44 by protons, neutrons, alphas, pi+ and pi-, [(Ti44 atoms * cm2) / (g * prim. part. nucleon)] (computed with Geant4.10).
The primaries are alphas.
Energy[GeV/nuc],depths[g/cm2]: 1 3 5 10 15 20 30 40 50 60 70 80 90 100 110 120 130 140 150 160 170 180 190 200 210 220 230 240 250 260 270 280 290 300 310 320 330 340 350 360 370 380 400 410 420 430 446.4
0.01 3.99637E-07 2.05655E-07 1.79189E-07 1.71347E-07 1.59188E-07 1.55041E-07 1.35205E-07 1.14715E-07 9.97228E-08 8.24018E-08 6.52998E-08 5.34895E-08 5.58113E-08 3.70504E-08 2.55972E-08 1.94468E-08 1.47345E-08 1.20652E-08 7.50219E-09 5.73160E-09 6.74690E-09 4.67027E-09 2.05028E-09 9.69342E-10 1.51502E-09 1.55769E-09 1.67119E-09 7.19797E-10 4.78596E-11 9.77835E-11 0.00000E+00 0.00000E+00 0.00000E+00 0.00000E+00 0.00000E+00 0.00000E+00 0.00000E+00 0.00000E+00 0.00000E+00 0.00000E+00 0.00000E+00 0.00000E+00 0.00000E+00 0.00000E+00 0.00000E+00 0.00000E+00 0.00000E+00
0.03 3.49182E-06 3.74028E-06 2.89094E-06 2.69481E-06 2.57034E-06 2.45952E-06 2.36419E-06 2.19395E-06 1.93244E-06 1.65998E-06 1.46702E-06 1.28743E-06 1.04179E-06 8.55440E-07 6.89030E-07 5.68111E-07 4.66542E-07 3.84714E-07 3.11539E-07 2.62888E-07 2.14442E-07 1.66333E-07 1.41596E-07 1.12567E-07 1.02295E-07 9.79971E-08 7.37821E-08 7.07312E-08 5.52606E-08 3.30613E-08 3.23451E-08 2.90920E-08 3.43187E-08 1.97707E-08 1.02509E-08 7.96088E-09 8.94995E-09 8.68885E-09 1.53680E-08 6.49060E-09 8.92211E-09 5.05841E-09 2.16937E-09 4.03382E-09 6.80089E-09 1.37346E-08 5.46266E-08
0.1 4.11923E-05 5.87670E-05 7.08246E-05 7.42435E-05 6.98715E-05 6.81525E-05 6.73554E-05 6.40497E-05 5.96445E-05 5.41350E-05 4.85772E-05 4.31855E-05 3.82526E-05 3.38202E-05 2.97817E-05 2.63323E-05 2.24138E-05 1.98803E-05 1.79309E-05 1.53886E-05 1.40872E-05 1.24568E-05 1.11995E-05 9.94111E-06 8.97419E-06 8.76225E-06 7.07285E-06 6.20526E-06 5.97110E-06 5.29032E-06 5.29367E-06 4.30391E-06 4.04332E-06 3.74582E-06 3.57964E-06 3.45166E-06 2.99265E-06 3.58537E-06 2.93560E-06 2.80678E-06 2.99758E-06 2.79623E-06 2.67447E-06 2.74121E-06 2.17420E-06 2.16674E-06 5.09742E-06
0.18 1.02800E-04 1.35703E-04 1.71164E-04 1.96784E-04 2.36815E-04 2.54895E-04 2.61496E-04 2.59059E-04 2.52213E-04 2.35847E-04 2.18292E-04 2.02170E-04 1.82907E-04 1.66081E-04 1.52290E-04 1.38432E-04 1.22831E-04 1.11090E-04 1.01631E-04 9.28423E-05 8.34246E-05 7.84138E-05 7.03292E-05 6.40641E-05 5.87301E-05 5.27319E-05 4.98334E-05 4.79890E-05 4.12952E-05 4.17425E-05 3.95397E-05 3.40832E-05 3.30671E-05 2.96931E-05 2.85900E-05 2.70979E-05 2.77833E-05 2.70693E-05 2.63737E-05 2.68271E-05 2.48749E-05 2.71836E-05 2.52068E-05 2.92935E-05 3.22608E-05 1.74739E-05 2.45154E-05
0.3 1.96295E-04 2.45499E-04 3.05801E-04 3.52038E-04 4.60540E-04 5.50351E-04 6.01017E-04 6.76497E-04 7.20975E-04 7.16697E-04 6.95826E-04 6.65908E-04 6.21750E-04 5.88502E-04 5.49633E-04 5.06674E-04 4.69239E-04 4.34094E-04 4.06296E-04 3.77723E-04 3.51289E-04 3.27875E-04 3.02485E-04 2.83886E-04 2.59473E-04 2.41747E-04 2.36488E-04 2.26473E-04 2.05629E-04 2.00843E-04 1.85842E-04 1.75146E-04 1.75567E-04 1.85583E-04 1.59025E-04 1.58620E-04 1.61479E-04 1.48502E-04 1.37792E-04 1.28323E-04 1.18658E-04 1.15812E-04 1.28492E-04 1.26737E-04 1.04109E-04 1.04156E-04 6.64738E-05
0.56 4.00802E-04 4.95430E-04 6.00825E-04 7.04436E-04 9.22975E-04 1.09834E-03 1.25275E-03 1.48851E-03 1.66983E-03 1.79073E-03 1.87727E-03 1.89270E-03 1.89083E-03 1.87861E-03 1.83566E-03 1.78482E-03 1.71745E-03 1.66642E-03 1.60966E-03 1.53499E-03 1.46456E-03 1.39091E-03 1.33660E-03 1.27291E-03 1.21321E-03 1.16998E-03 1.12716E-03 1.09164E-03 1.03445E-03 9.83103E-04 9.59780E-04 9.33411E-04 8.95761E-04 8.70851E-04 8.51050E-04 8.40278E-04 7.95934E-04 7.72283E-04 7.32887E-04 7.01469E-04 7.27058E-04 7.39392E-04 7.58365E-04 6.83436E-04 6.32247E-04 6.40855E-04 6.76298E-04
1.0 6.84475E-04 8.33641E-04 1.02292E-03 1.18311E-03 1.55901E-03 1.88024E-03 2.18082E-03 2.64420E-03 3.00912E-03 3.28920E-03 3.44943E-03 3.60142E-03 3.66159E-03 3.64111E-03 3.64329E-03 3.61747E-03 3.59432E-03 3.54163E-03 3.44158E-03 3.36701E-03 3.26463E-03 3.17422E-03 3.10167E-03 3.01633E-03 2.92975E-03 2.82996E-03 2.78091E-03 2.65994E-03 2.58226E-03 2.48495E-03 2.46669E-03 2.41022E-03 2.35069E-03 2.28367E-03 2.23753E-03 2.18776E-03 2.25254E-03 2.03647E-03 2.03407E-03 2.12374E-03 1.96545E-03 1.99137E-03 1.88977E-03 1.84151E-03 1.93461E-03 1.74493E-03 1.74116E-03
3.0 1.58238E-03 1.90709E-03 2.33529E-03 2.74819E-03 3.60005E-03 4.35546E-03 5.07045E-03 6.26552E-03 7.20081E-03 7.98416E-03 8.55904E-03 9.04720E-03 9.45788E-03 9.69831E-03 9.82563E-03 9.90181E-03 1.00129E-02 1.00305E-02 9.91586E-03 9.89323E-03 9.78418E-03 9.68466E-03 9.59670E-03 9.42421E-03 9.27499E-03 9.10605E-03 8.97576E-03 8.83596E-03 8.67230E-03 8.54200E-03 8.51131E-03 8.37502E-03 8.30889E-03 8.12578E-03 8.09819E-03 8.03865E-03 8.21578E-03 7.83363E-03 8.07373E-03 7.70392E-03 7.47160E-03 7.60123E-03 7.67652E-03 7.38939E-03 7.39249E-03 7.96990E-03 6.82426E-03
10.0 3.95139E-03 4.72415E-03 5.84680E-03 6.79272E-03 8.97862E-03 1.09695E-02 1.27847E-02 1.58814E-02 1.85392E-02 2.06455E-02 2.23760E-02 2.37526E-02 2.48315E-02 2.57048E-02 2.61785E-02 2.66220E-02 2.69400E-02 2.72660E-02 2.72763E-02 2.74041E-02 2.72475E-02 2.72926E-02 2.73538E-02 2.72684E-02 2.69404E-02 2.69833E-02 2.68041E-02 2.66067E-02 2.61868E-02 2.61477E-02 2.57878E-02 2.56381E-02 2.53479E-02 2.54888E-02 2.49264E-02 2.48947E-02 2.48397E-02 2.46103E-02 2.48350E-02 2.47001E-02 2.42532E-02 2.49654E-02 2.59836E-02 2.47276E-02 2.56641E-02 2.42113E-02 2.54752E-02
30.0 8.41715E-03 1.00383E-02 1.23352E-02 1.44929E-02 1.92580E-02 2.35023E-02 2.76218E-02 3.47560E-02 4.07679E-02 4.61016E-02 5.04081E-02 5.43300E-02 5.73088E-02 6.01156E-02 6.21520E-02 6.42501E-02 6.58893E-02 6.77445E-02 6.86652E-02 6.93727E-02 7.03916E-02 7.11651E-02 7.15509E-02 7.13522E-02 7.15278E-02 7.21705E-02 7.17282E-02 7.19338E-02 7.12959E-02 7.18493E-02 7.14542E-02 7.13263E-02 7.15425E-02 7.15411E-02 7.07601E-02 7.11507E-02 7.02012E-02 7.04422E-02 6.95269E-02 6.91593E-02 6.99714E-02 7.04974E-02 6.98758E-02 6.69786E-02 6.49675E-02 6.92946E-02 6.83792E-02
100.0 1.98199E-02 2.32500E-02 2.90343E-02 3.35024E-02 4.50473E-02 5.48341E-02 6.37883E-02 8.09018E-02 9.57108E-02 1.08839E-01 1.19694E-01 1.28797E-01 1.36263E-01 1.44684E-01 1.50831E-01 1.58914E-01 1.64770E-01 1.70199E-01 1.74530E-01 1.79933E-01 1.83116E-01 1.86096E-01 1.87265E-01 1.91109E-01 1.95180E-01 1.97344E-01 1.97388E-01 1.98289E-01 2.04476E-01 2.03548E-01 2.01987E-01 2.06519E-01 2.06008E-01 2.11020E-01 2.11933E-01 2.11949E-01 2.08596E-01 2.08126E-01 2.11740E-01 2.08519E-01 2.03908E-01 2.00644E-01 2.02662E-01 2.01963E-01 2.06412E-01 1.95895E-01 1.84230E-01
