Yield function of production of Ti44 by protons, neutrons, alphas, [(Ti44 atoms * cm2) / (g * prim. part. nucleon)] (computed with Geant4.10).
The primaries are protons.
Energy[GeV/nuc],depths[g/cm2]: 1 3 5 10 15 20 30 40 50 60 70 85.56
0.01 7.49954E-08 0.00000E+00 0.00000E+00 0.00000E+00 0.00000E+00 0.00000E+00 0.00000E+00 0.00000E+00 0.00000E+00 0.00000E+00 0.00000E+00 0.00000E+00
0.03 1.45318E-07 3.24711E-09 1.01731E-12 6.27313E-13 5.75172E-13 3.09777E-13 3.01251E-13 2.02161E-13 1.84948E-13 1.37787E-13 1.56277E-13 7.00826E-14
0.1 3.25765E-07 3.27606E-07 2.81518E-07 2.11761E-07 3.76322E-09 3.38178E-09 3.07545E-09 2.72267E-09 2.35601E-09 2.35884E-09 2.04303E-09 2.43932E-09
0.18 3.11718E-07 3.28284E-07 3.15174E-07 2.85722E-07 2.39302E-07 1.94174E-07 1.36663E-07 2.27573E-08 2.19613E-08 2.00046E-08 1.90460E-08 1.86420E-08
0.3 3.15258E-07 3.43610E-07 3.60594E-07 3.60817E-07 3.51587E-07 3.52372E-07 3.50087E-07 2.87714E-07 2.48230E-07 2.03294E-07 1.25374E-07 7.94675E-08
0.56 1.56760E-06 1.85468E-06 4.05294E-06 2.50866E-06 2.50848E-06 2.53167E-06 2.52548E-06 2.15263E-06 1.50871E-06 1.46583E-06 1.63475E-06 1.00217E-06
1.0 1.04523E-05 1.35730E-05 1.60644E-05 1.67492E-05 1.80603E-05 1.91566E-05 2.36962E-05 2.66578E-05 2.78938E-05 2.20550E-05 2.25793E-05 9.61384E-05
3.0 4.90421E-05 5.39232E-05 6.38782E-05 7.23442E-05 9.04300E-05 8.62089E-05 9.02590E-05 1.47013E-04 1.06346E-04 1.04631E-04 1.21142E-04 1.06540E-04
10.0 1.57640E-04 1.76603E-04 2.09837E-04 2.29585E-04 2.80097E-04 3.04230E-04 3.18857E-04 3.34087E-04 3.80818E-04 3.64761E-04 4.95813E-04 4.00546E-04
30.0 3.17415E-04 3.42619E-04 4.03458E-04 4.28720E-04 5.20955E-04 6.11456E-04 6.07541E-04 6.72376E-04 7.11280E-04 6.96276E-04 7.59276E-04 1.05335E-03
100.0 6.98433E-04 8.23661E-04 8.09987E-04 1.22332E-03 1.01088E-03 1.32596E-03 1.30271E-03 1.29618E-03 1.42253E-03 1.38081E-03 1.44883E-03 1.41410E-03
