Yield function of production of Ti44 by protons, neutrons, alphas, [(Ti44 atoms * cm2) / (g * prim. part. nucleon)] (computed with Geant4.10).
The primaries are protons.
Energy[GeV/nuc],depths[g/cm2]: 1 3 5 10 15 20 30 40 50 60 70 85.56
0.01 1.06298E-04 2.76893E-08 2.45999E-08 2.35396E-08 2.30826E-08 2.33722E-08 2.40397E-08 2.06903E-08 1.65603E-08 1.36446E-08 1.41703E-08 1.28969E-08
0.03 1.08253E-04 1.44197E-05 4.40918E-07 4.19975E-07 4.06942E-07 4.09106E-07 4.06871E-07 3.92209E-07 3.80998E-07 3.68243E-07 3.56044E-07 3.51531E-07
0.1 1.24061E-04 1.13623E-04 8.89895E-05 6.72451E-05 1.35216E-05 1.38511E-05 1.40257E-05 1.42045E-05 1.44273E-05 1.40198E-05 1.45456E-05 1.39168E-05
0.18 3.50606E-05 5.29348E-05 7.13226E-05 7.89363E-05 1.08553E-04 1.14869E-04 9.64665E-05 6.78316E-05 6.82787E-05 7.12524E-05 7.19355E-05 7.09796E-05
0.3 6.36559E-05 7.79444E-05 9.95222E-05 1.11957E-04 1.45580E-04 1.79159E-04 2.12414E-04 2.37710E-04 2.64998E-04 2.87412E-04 2.63605E-04 2.45626E-04
0.56 1.18452E-04 1.44676E-04 1.79127E-04 2.07151E-04 2.74087E-04 3.30943E-04 3.84148E-04 4.64107E-04 5.40389E-04 5.91036E-04 6.11693E-04 6.13701E-04
1.0 1.75656E-04 2.11225E-04 2.62927E-04 3.08446E-04 4.13058E-04 4.99979E-04 5.77904E-04 7.20200E-04 8.32692E-04 8.97206E-04 9.75678E-04 1.01593E-03
3.0 3.18894E-04 3.82861E-04 4.74002E-04 5.67069E-04 7.37784E-04 9.14760E-04 1.08182E-03 1.36136E-03 1.60283E-03 1.74119E-03 1.86397E-03 1.99200E-03
10.0 7.55037E-04 9.05534E-04 1.12821E-03 1.32952E-03 1.76698E-03 2.17186E-03 2.51162E-03 3.13501E-03 3.67132E-03 4.05721E-03 4.53024E-03 4.85074E-03
30.0 1.04307E-03 1.22820E-03 1.52172E-03 1.79018E-03 2.41654E-03 3.04675E-03 3.54734E-03 4.43023E-03 5.27889E-03 5.81479E-03 6.40936E-03 6.55028E-03
100.0 1.81654E-03 2.22431E-03 2.69532E-03 3.21391E-03 4.33327E-03 5.33556E-03 6.11241E-03 7.87670E-03 9.42381E-03 1.04962E-02 1.12452E-02 1.15448E-02
