Yield function of production of Ti44 by protons, neutrons, alphas, pi+ and pi-, [(Ti44 atoms * cm2) / (g * prim. part. nucleon)] (computed with Geant4.10).
The primaries are protons.
Energy[GeV/nuc],depths[g/cm2]: 1 3 5 10 15 20 30 40 50 60 70 85.56
0.01 1.06298E-04 2.76893E-08 2.45999E-08 2.35396E-08 2.30826E-08 2.33722E-08 2.40397E-08 2.06903E-08 1.65603E-08 1.36446E-08 1.41703E-08 1.28969E-08
0.03 1.08253E-04 1.44197E-05 4.40918E-07 4.19975E-07 4.06942E-07 4.09106E-07 4.06871E-07 3.92209E-07 3.80998E-07 3.68243E-07 3.56044E-07 3.51531E-07
0.1 1.24061E-04 1.13623E-04 8.89895E-05 6.72451E-05 1.35216E-05 1.38511E-05 1.40257E-05 1.42045E-05 1.44273E-05 1.40198E-05 1.45456E-05 1.39168E-05
0.18 3.50606E-05 5.29348E-05 7.13226E-05 7.89363E-05 1.08553E-04 1.14869E-04 9.64665E-05 6.78316E-05 6.82787E-05 7.12524E-05 7.19355E-05 7.09796E-05
0.3 6.36590E-05 7.79464E-05 9.95231E-05 1.11960E-04 1.45580E-04 1.79159E-04 2.12414E-04 2.37710E-04 2.64998E-04 2.87412E-04 2.63605E-04 2.45626E-04
0.56 1.19641E-04 1.46135E-04 1.82768E-04 2.09234E-04 2.76142E-04 3.33019E-04 3.86216E-04 4.65797E-04 5.41419E-04 5.92034E-04 6.12826E-04 6.14258E-04
1.0 1.85720E-04 2.24385E-04 2.78554E-04 3.24742E-04 4.30630E-04 5.18632E-04 6.01073E-04 7.46313E-04 8.60010E-04 9.18672E-04 9.97667E-04 1.11145E-03
3.0 3.67425E-04 4.36231E-04 5.37294E-04 6.38766E-04 8.27551E-04 1.00025E-03 1.17133E-03 1.50757E-03 1.70828E-03 1.84496E-03 1.98422E-03 2.09766E-03
10.0 9.11717E-04 1.08110E-03 1.33690E-03 1.55790E-03 2.04571E-03 2.47463E-03 2.82892E-03 3.46746E-03 4.05039E-03 4.41998E-03 5.02419E-03 5.24936E-03
30.0 1.35931E-03 1.56959E-03 1.92385E-03 2.21749E-03 2.93590E-03 3.65641E-03 4.15298E-03 5.10058E-03 5.98793E-03 6.50875E-03 7.16601E-03 7.60115E-03
100.0 2.51314E-03 3.04599E-03 3.50318E-03 4.43487E-03 5.34160E-03 6.65866E-03 7.41210E-03 9.16953E-03 1.08427E-02 1.18732E-02 1.26902E-02 1.29552E-02
