Yield function of production of Ti44 by protons, neutrons, alphas, pi+ and pi-, [(Ti44 atoms * cm2) / (g * prim. part. nucleon)] (computed with Geant4.10).
The primaries are alphas.
Energy[GeV/nuc],depths[g/cm2]: 1 3 5 10 15 20 30 40 50 60 70 85.56
0.01 1.75288E-04 2.23518E-07 1.94745E-07 1.88314E-07 1.87436E-07 1.85613E-07 1.86645E-07 1.80781E-07 1.67913E-07 1.58449E-07 1.57460E-07 2.18070E-07
0.03 1.80030E-04 2.81244E-05 3.28106E-06 3.18083E-06 3.16763E-06 3.26797E-06 3.28320E-06 3.38082E-06 3.49893E-06 3.49912E-06 3.39801E-06 3.40588E-06
0.1 3.19623E-04 2.90307E-04 2.43908E-04 1.97487E-04 8.77193E-05 9.14217E-05 9.43678E-05 1.00042E-04 1.03562E-04 1.04723E-04 1.07161E-04 1.07285E-04
0.18 4.19098E-04 4.32837E-04 4.42183E-04 4.49614E-04 4.47481E-04 4.45640E-04 4.28750E-04 3.98197E-04 4.20296E-04 4.33084E-04 4.40969E-04 4.27171E-04
0.3 3.05511E-04 4.05694E-04 5.18363E-04 6.45333E-04 8.17481E-04 9.15245E-04 1.00784E-03 1.12931E-03 1.22230E-03 1.29008E-03 1.31846E-03 1.33638E-03
0.56 4.60632E-04 5.52097E-04 6.93901E-04 7.96549E-04 1.05967E-03 1.27301E-03 1.48264E-03 1.81431E-03 2.09393E-03 2.34593E-03 2.44343E-03 2.57311E-03
1.0 7.06183E-04 8.52581E-04 1.05607E-03 1.23688E-03 1.62821E-03 1.99854E-03 2.33024E-03 2.90965E-03 3.33535E-03 3.72190E-03 3.96669E-03 4.09016E-03
3.0 1.43469E-03 1.71599E-03 2.12414E-03 2.46431E-03 3.23884E-03 3.93871E-03 4.61010E-03 5.76974E-03 6.54804E-03 7.21297E-03 7.64885E-03 8.35842E-03
10.0 3.26030E-03 3.92508E-03 4.89512E-03 5.46573E-03 7.19853E-03 8.78968E-03 1.02477E-02 1.28967E-02 1.47137E-02 1.65323E-02 1.76963E-02 1.80773E-02
30.0 5.77140E-03 6.86115E-03 8.36802E-03 9.45219E-03 1.24087E-02 1.51832E-02 1.75141E-02 2.14826E-02 2.46575E-02 2.76405E-02 2.88864E-02 2.97273E-02
100.0 1.10990E-02 1.29652E-02 1.58128E-02 1.82657E-02 2.33950E-02 2.88778E-02 3.30340E-02 4.11660E-02 4.83329E-02 5.45924E-02 5.77557E-02 6.25207E-02
