Yield function of production of Ti44 by protons, neutrons, alphas, [(Ti44 atoms * cm2) / (g * prim. part. nucleon)] (computed with Geant4.10).
The primaries are alphas.
Energy[GeV/nuc],depths[g/cm2]: 1 3 5 10 15 20 30 40 50 60 70 85.56
0.01 7.91894E-07 9.55814E-13 6.77197E-13 6.26622E-13 5.13823E-13 3.84833E-13 3.43087E-13 3.29153E-13 9.63241E-14 1.05513E-13 6.23769E-13 0.00000E+00
0.03 4.44170E-07 3.89418E-08 9.31471E-10 8.23443E-10 6.89509E-10 6.24061E-10 5.83179E-10 5.06370E-10 4.18720E-10 3.90129E-10 3.36297E-10 3.93777E-10
0.1 3.34861E-07 3.29185E-07 2.89942E-07 2.37801E-07 5.09235E-08 4.52586E-08 4.15677E-08 3.76791E-08 3.41148E-08 3.18933E-08 3.04075E-08 3.11671E-08
0.18 3.79038E-07 4.15064E-07 4.25335E-07 4.34637E-07 4.05450E-07 3.67715E-07 3.09445E-07 1.97767E-07 1.85150E-07 1.71009E-07 1.76647E-07 1.54402E-07
0.3 5.35149E-07 6.00517E-07 6.36734E-07 6.73071E-07 8.03508E-07 7.65329E-07 8.26530E-07 7.97116E-07 7.31368E-07 7.04560E-07 6.49129E-07 6.59162E-07
0.56 5.00690E-06 6.76809E-06 9.55147E-06 1.02237E-05 1.03633E-05 9.24355E-06 8.92235E-06 8.71238E-06 9.31379E-06 6.20278E-06 6.61379E-06 5.16452E-06
1.0 3.76321E-05 4.82304E-05 5.35119E-05 5.99719E-05 7.18090E-05 7.45504E-05 7.92492E-05 9.93974E-05 9.00347E-05 1.38409E-04 1.01878E-04 1.03354E-04
3.0 1.70986E-04 1.93774E-04 2.37213E-04 2.57235E-04 3.07947E-04 3.20079E-04 3.75118E-04 4.76709E-04 3.71229E-04 4.05400E-04 4.05601E-04 5.91790E-04
10.0 6.32703E-04 7.42930E-04 9.55177E-04 8.70984E-04 1.04581E-03 1.24859E-03 1.32344E-03 1.43285E-03 1.41150E-03 1.60405E-03 1.56731E-03 1.60019E-03
30.0 1.43907E-03 1.61562E-03 1.87512E-03 1.90555E-03 2.19416E-03 2.50848E-03 2.77944E-03 2.81982E-03 2.97163E-03 3.01820E-03 2.94979E-03 2.90614E-03
100.0 2.99545E-03 3.27035E-03 3.69160E-03 4.13535E-03 4.48869E-03 4.88393E-03 5.44147E-03 5.83968E-03 6.21379E-03 6.42838E-03 6.84817E-03 1.00354E-02
