Yield function of production of Ti44 by protons, neutrons, alphas, [(Ti44 atoms * cm2) / (g * prim. part. nucleon)] (computed with Geant4.10).
The primaries are alphas.
Energy[GeV/nuc],depths[g/cm2]: 1 3 5 10 15 20 30 40 50 60 70 85.56
0.01 1.75288E-04 2.23518E-07 1.94745E-07 1.88314E-07 1.87436E-07 1.85613E-07 1.86645E-07 1.80781E-07 1.67913E-07 1.58449E-07 1.57460E-07 2.18070E-07
0.03 1.80030E-04 2.81244E-05 3.28106E-06 3.18083E-06 3.16763E-06 3.26797E-06 3.28320E-06 3.38082E-06 3.49893E-06 3.49912E-06 3.39801E-06 3.40588E-06
0.1 3.19623E-04 2.90307E-04 2.43908E-04 1.97487E-04 8.77193E-05 9.14217E-05 9.43678E-05 1.00042E-04 1.03562E-04 1.04723E-04 1.07161E-04 1.07285E-04
0.18 4.19098E-04 4.32837E-04 4.42182E-04 4.49612E-04 4.47481E-04 4.45640E-04 4.28750E-04 3.98197E-04 4.20296E-04 4.33084E-04 4.40969E-04 4.27171E-04
0.3 3.05498E-04 4.05676E-04 5.18341E-04 6.45311E-04 8.17399E-04 9.15220E-04 1.00780E-03 1.12928E-03 1.22229E-03 1.29007E-03 1.31845E-03 1.33629E-03
0.56 4.56485E-04 5.46258E-04 6.85363E-04 7.87381E-04 1.05050E-03 1.26504E-03 1.47505E-03 1.80700E-03 2.08608E-03 2.34123E-03 2.43838E-03 2.56946E-03
1.0 6.69650E-04 8.05551E-04 1.00388E-03 1.17834E-03 1.55794E-03 1.92565E-03 2.25280E-03 2.81214E-03 3.24729E-03 3.58555E-03 3.86689E-03 3.98895E-03
3.0 1.26547E-03 1.52415E-03 1.88903E-03 2.20934E-03 2.93339E-03 3.62135E-03 4.23789E-03 5.29620E-03 6.18019E-03 6.81105E-03 7.24686E-03 7.77026E-03
10.0 2.63073E-03 3.18559E-03 3.94369E-03 4.59870E-03 6.15726E-03 7.54597E-03 8.92964E-03 1.14697E-02 1.33085E-02 1.49349E-02 1.61359E-02 1.64845E-02
30.0 4.33701E-03 5.25065E-03 6.49842E-03 7.55260E-03 1.02212E-02 1.26820E-02 1.47426E-02 1.86719E-02 2.16949E-02 2.46317E-02 2.59462E-02 2.68304E-02
100.0 8.11161E-03 9.70336E-03 1.21308E-02 1.41409E-02 1.89179E-02 2.40063E-02 2.76057E-02 3.53409E-02 4.21353E-02 4.81827E-02 5.09252E-02 5.25034E-02
