Yield function of production of Ti44 by protons, neutrons, alphas, [(Ti44 atoms * cm2) / (g * prim. part. nucleon)] (computed with Geant4.10).
The primaries are alphas.
Energy[GeV/nuc],depths[g/cm2]: 1 3 5 10 15 20 30 40 50 60 70 85.56
0.01 7.91894E-07 9.55814E-13 6.77197E-13 6.26622E-13 5.13823E-13 3.84833E-13 3.43087E-13 3.29153E-13 9.63241E-14 1.05513E-13 6.23769E-13 0.00000E+00
0.03 4.44170E-07 3.89418E-08 9.31471E-10 8.23443E-10 6.89509E-10 6.24061E-10 5.83179E-10 5.06370E-10 4.18720E-10 3.90129E-10 3.36297E-10 3.93777E-10
0.1 3.34861E-07 3.29185E-07 2.89942E-07 2.37801E-07 5.09235E-08 4.52586E-08 4.15677E-08 3.76791E-08 3.41148E-08 3.18933E-08 3.04075E-08 3.11671E-08
0.18 3.78688E-07 4.14717E-07 4.24406E-07 4.33042E-07 4.05450E-07 3.67715E-07 3.09445E-07 1.97767E-07 1.85150E-07 1.70377E-07 1.76647E-07 1.54402E-07
0.3 5.21344E-07 5.82449E-07 6.15143E-07 6.50915E-07 7.21947E-07 7.39895E-07 7.87732E-07 7.65018E-07 7.19581E-07 6.94065E-07 6.32392E-07 5.69970E-07
0.56 8.59668E-07 9.28921E-07 1.01438E-06 1.05562E-06 1.19307E-06 1.27729E-06 1.33187E-06 1.40317E-06 1.46710E-06 1.50076E-06 1.56668E-06 1.50921E-06
1.0 1.09928E-06 1.20026E-06 1.32473E-06 1.43020E-06 1.54304E-06 1.65941E-06 1.81084E-06 1.88221E-06 1.97010E-06 2.05805E-06 2.07867E-06 2.14180E-06
3.0 1.77038E-06 1.93562E-06 2.10962E-06 2.26278E-06 2.49820E-06 2.71382E-06 2.91089E-06 3.16536E-06 3.37161E-06 3.47529E-06 3.60640E-06 3.62961E-06
10.0 3.13565E-06 3.44219E-06 3.74814E-06 3.94735E-06 4.54578E-06 4.88337E-06 5.35976E-06 5.82449E-06 6.28511E-06 6.66930E-06 6.89304E-06 7.30925E-06
30.0 4.67896E-06 5.12558E-06 5.52019E-06 5.95524E-06 6.65338E-06 7.33238E-06 7.91510E-06 9.09628E-06 9.05944E-06 9.37290E-06 9.52573E-06 9.24756E-06
100.0 8.06323E-06 8.53264E-06 9.52475E-06 1.06080E-05 1.15550E-05 1.23858E-05 1.32439E-05 1.46057E-05 1.62210E-05 1.86263E-05 1.76514E-05 1.80641E-05
