Yield function of production of Ti44 by protons, neutrons, alphas, [(Ti44 atoms * cm2) / (g * prim. part. nucleon)] (computed with Geant4.10).
The primaries are protons.
Energy[GeV/nuc],depths[g/cm2]: 1 3 5 10 15 20 30 40 50 60 70 85.56
0.01 7.49954E-08 0.00000E+00 0.00000E+00 0.00000E+00 0.00000E+00 0.00000E+00 0.00000E+00 0.00000E+00 0.00000E+00 0.00000E+00 0.00000E+00 0.00000E+00
0.03 1.45318E-07 3.24711E-09 1.01731E-12 6.27313E-13 5.75172E-13 3.09777E-13 3.01251E-13 2.02161E-13 1.84948E-13 1.37787E-13 1.56277E-13 7.00826E-14
0.1 3.25765E-07 3.27606E-07 2.81518E-07 2.11761E-07 3.76322E-09 3.38178E-09 3.07545E-09 2.72267E-09 2.35601E-09 2.35884E-09 2.04303E-09 2.43932E-09
0.18 3.11718E-07 3.28284E-07 3.15174E-07 2.85722E-07 2.39302E-07 1.94174E-07 1.36663E-07 2.27573E-08 2.19613E-08 2.00046E-08 1.90460E-08 1.86420E-08
0.3 3.12106E-07 3.41534E-07 3.59717E-07 3.58276E-07 3.51056E-07 3.52372E-07 3.50087E-07 2.87714E-07 2.48230E-07 2.03294E-07 1.25374E-07 7.94675E-08
0.56 3.78261E-07 3.96194E-07 4.12496E-07 4.25627E-07 4.53577E-07 4.55092E-07 4.57662E-07 4.62560E-07 4.78201E-07 4.67583E-07 5.02187E-07 4.45211E-07
1.0 3.88391E-07 4.13353E-07 4.37502E-07 4.52832E-07 4.88903E-07 5.03326E-07 5.27391E-07 5.44826E-07 5.75963E-07 5.88599E-07 5.90354E-07 6.12906E-07
3.0 5.11180E-07 5.53537E-07 5.86647E-07 6.47655E-07 6.62536E-07 7.17721E-07 7.51129E-07 8.01485E-07 8.96754E-07 8.57266E-07 8.97161E-07 8.87645E-07
10.0 9.59919E-07 1.04152E-06 1.14722E-06 1.20266E-06 1.36938E-06 1.45896E-06 1.55318E-06 1.64512E-06 1.74259E-06 1.99001E-06 1.85785E-06 1.92921E-06
30.0 1.17422E-06 1.22846E-06 1.33040E-06 1.41207E-06 1.59339E-06 1.79133E-06 1.90192E-06 2.03328E-06 2.23202E-06 2.31587E-06 2.62467E-06 2.47669E-06
100.0 1.83401E-06 1.97972E-06 2.12991E-06 2.36191E-06 2.55253E-06 2.86068E-06 3.01787E-06 3.34655E-06 3.67153E-06 3.80123E-06 3.82706E-06 3.64684E-06
