Yield function of production of Ti44 by protons, neutrons, alphas, [(Ti44 atoms * cm2) / (g * prim. part. nucleon)] (computed with Geant4.10).
The primaries are protons.
Energy[GeV/nuc],depths[g/cm2]: 0 1 3 5 12.02 19.04 26.06 33.08 40.1 47.12 54.14 61.16 68.18 75.2 82.22 89.24 96.26 103.28 110.3 117.32 124.34 131.36 138.38 145.4 152.42 159.44 166.46 173.48 180.5 187.52 194.54 201.56 208.58 215.6 222.62 229.64 236.66 243.68 250.7 257.72 264.74 271.76 278.78 285.8 292.82 299.84 306.86 313.88 320.9 327.92
0.03 9.85779E-09 3.79354E-16 1.68885E-16 7.39796E-17 7.64210E-17 0.00000E+00 0.00000E+00 0.00000E+00 0.00000E+00 0.00000E+00 0.00000E+00 0.00000E+00 0.00000E+00 0.00000E+00 0.00000E+00 0.00000E+00 0.00000E+00 0.00000E+00 0.00000E+00 0.00000E+00 0.00000E+00 0.00000E+00 0.00000E+00 0.00000E+00 0.00000E+00 0.00000E+00 0.00000E+00 0.00000E+00 0.00000E+00 0.00000E+00 0.00000E+00 0.00000E+00 0.00000E+00 0.00000E+00 0.00000E+00 0.00000E+00 0.00000E+00 0.00000E+00 0.00000E+00 0.00000E+00 0.00000E+00 0.00000E+00 0.00000E+00 0.00000E+00 0.00000E+00 0.00000E+00 0.00000E+00 0.00000E+00 0.00000E+00 0.00000E+00
0.1 6.43245E-07 2.62985E-07 5.82901E-08 2.39006E-08 3.24660E-10 2.65301E-10 2.21766E-10 1.88508E-10 1.63981E-10 1.44070E-10 1.26180E-10 1.10043E-10 9.88646E-11 8.78493E-11 7.91701E-11 7.17648E-11 6.41584E-11 5.64470E-11 5.19153E-11 4.78080E-11 4.40474E-11 4.19960E-11 3.58802E-11 3.24554E-11 2.90711E-11 2.74149E-11 2.53486E-11 2.46075E-11 2.11399E-11 2.13749E-11 1.91112E-11 1.77864E-11 1.74915E-11 1.48719E-11 1.50324E-11 1.59500E-11 1.44950E-11 1.12031E-11 1.17483E-11 1.18023E-11 9.44532E-12 1.09574E-11 9.89678E-12 1.01823E-11 8.93050E-12 8.90306E-12 7.90371E-12 6.58934E-12 7.46694E-12 0.00000E+00
0.18 2.27017E-06 1.66616E-06 1.27858E-06 9.37503E-07 2.86525E-07 4.18312E-08 1.09237E-08 9.71559E-09 8.66511E-09 7.96158E-09 7.15800E-09 6.59384E-09 6.07834E-09 5.67432E-09 5.28834E-09 4.95108E-09 4.57859E-09 4.26164E-09 3.98450E-09 3.67223E-09 3.51993E-09 3.26836E-09 3.16718E-09 2.90608E-09 2.80236E-09 2.65255E-09 2.51141E-09 2.39107E-09 2.28345E-09 2.31361E-09 2.09095E-09 2.09057E-09 1.93649E-09 1.85959E-09 1.80181E-09 1.71760E-09 1.58477E-09 1.58066E-09 1.52617E-09 1.50077E-09 1.45183E-09 1.42744E-09 1.44983E-09 1.28862E-09 1.34291E-09 1.31458E-09 1.28536E-09 1.30187E-09 9.71856E-10 1.27332E-09
0.3 4.84051E-06 4.57360E-06 3.88755E-06 3.35488E-06 2.22162E-06 1.50826E-06 9.99390E-07 6.34835E-07 3.77408E-07 2.05388E-07 1.12459E-07 8.53032E-08 7.90746E-08 7.38394E-08 6.88212E-08 6.43750E-08 6.06798E-08 5.77368E-08 5.43819E-08 5.23033E-08 4.88707E-08 4.70368E-08 4.45186E-08 4.22694E-08 4.05014E-08 3.94201E-08 3.75840E-08 3.58233E-08 3.53428E-08 3.34489E-08 3.34137E-08 3.18486E-08 3.06654E-08 2.92665E-08 2.85326E-08 2.79075E-08 2.64591E-08 2.62355E-08 2.67266E-08 2.65111E-08 2.60512E-08 2.44786E-08 2.42233E-08 2.20700E-08 2.36473E-08 2.35157E-08 2.37628E-08 2.31952E-08 2.01729E-08 2.98529E-08
0.56 8.47818E-06 8.43646E-06 8.01638E-06 7.72238E-06 6.50741E-06 5.72684E-06 4.97954E-06 4.38710E-06 3.84329E-06 3.36261E-06 2.94976E-06 2.60781E-06 2.28465E-06 2.00399E-06 1.76826E-06 1.54498E-06 1.35092E-06 1.16236E-06 1.00418E-06 8.60254E-07 7.40777E-07 6.42621E-07 5.50691E-07 4.83401E-07 4.31739E-07 3.90117E-07 3.69334E-07 3.54949E-07 3.41434E-07 3.30664E-07 3.25409E-07 3.14190E-07 3.06142E-07 2.98248E-07 2.90244E-07 2.88684E-07 2.85308E-07 2.76120E-07 2.66118E-07 2.70611E-07 2.59843E-07 2.54332E-07 2.54413E-07 2.63605E-07 2.49675E-07 2.40018E-07 2.42125E-07 2.55603E-07 2.37487E-07 2.40855E-07
1.0 1.11288E-05 1.11804E-05 1.08734E-05 1.06387E-05 9.70360E-06 9.21317E-06 8.64098E-06 8.21290E-06 7.76937E-06 7.37814E-06 6.98120E-06 6.62208E-06 6.24480E-06 5.96521E-06 5.63166E-06 5.34911E-06 5.10961E-06 4.88698E-06 4.59166E-06 4.39324E-06 4.18988E-06 4.01614E-06 3.81781E-06 3.63684E-06 3.48887E-06 3.31491E-06 3.15522E-06 3.05786E-06 2.97526E-06 2.87451E-06 2.69657E-06 2.60276E-06 2.49025E-06 2.37148E-06 2.30791E-06 2.26482E-06 2.19124E-06 2.09921E-06 1.99820E-06 1.99800E-06 1.91911E-06 1.81072E-06 1.84270E-06 1.77226E-06 1.76225E-06 1.75025E-06 1.68560E-06 1.72290E-06 1.73187E-06 2.11400E-06
3.0 1.04783E-05 1.06772E-05 1.08945E-05 1.11361E-05 1.11812E-05 1.14679E-05 1.16512E-05 1.16989E-05 1.17692E-05 1.16883E-05 1.17217E-05 1.17486E-05 1.16289E-05 1.15384E-05 1.15726E-05 1.15011E-05 1.15255E-05 1.13124E-05 1.12379E-05 1.10832E-05 1.09792E-05 1.08711E-05 1.07960E-05 1.06357E-05 1.04864E-05 1.03366E-05 1.03702E-05 1.03564E-05 1.00858E-05 1.01775E-05 1.00302E-05 9.89876E-06 9.89498E-06 9.95936E-06 9.64761E-06 9.64782E-06 9.47686E-06 9.37466E-06 9.28570E-06 9.27354E-06 9.61005E-06 9.41089E-06 9.09316E-06 9.14282E-06 9.04059E-06 9.46360E-06 9.02952E-06 8.80085E-06 9.26534E-06 8.90990E-06
10.0 1.56443E-05 1.61488E-05 1.67972E-05 1.75079E-05 1.83552E-05 1.94181E-05 2.02792E-05 2.08471E-05 2.12379E-05 2.17270E-05 2.21587E-05 2.23278E-05 2.25075E-05 2.26856E-05 2.27761E-05 2.31490E-05 2.30853E-05 2.30798E-05 2.36154E-05 2.34485E-05 2.32501E-05 2.30457E-05 2.30345E-05 2.30239E-05 2.30244E-05 2.31605E-05 2.29882E-05 2.28568E-05 2.26722E-05 2.25584E-05 2.28603E-05 2.30152E-05 2.28591E-05 2.28920E-05 2.24576E-05 2.26569E-05 2.26565E-05 2.22814E-05 2.22088E-05 2.22386E-05 2.24864E-05 2.26649E-05 2.31115E-05 2.23057E-05 2.25168E-05 2.19528E-05 2.20942E-05 2.23241E-05 2.11444E-05 1.96369E-05
30.0 2.44570E-05 2.50630E-05 2.61585E-05 2.70198E-05 2.86670E-05 3.09355E-05 3.23390E-05 3.39265E-05 3.55409E-05 3.68401E-05 3.81757E-05 3.90381E-05 4.02774E-05 4.11251E-05 4.12205E-05 4.26828E-05 4.27930E-05 4.33661E-05 4.46907E-05 4.48456E-05 4.51227E-05 4.57331E-05 4.60605E-05 4.71122E-05 4.62953E-05 4.71779E-05 4.74933E-05 4.80224E-05 4.69962E-05 4.80614E-05 4.83447E-05 4.85754E-05 4.89025E-05 4.82076E-05 4.93908E-05 4.86191E-05 4.86136E-05 4.95350E-05 4.88576E-05 4.87011E-05 4.83194E-05 5.01490E-05 5.13441E-05 5.10798E-05 4.89134E-05 5.06137E-05 4.85229E-05 4.87720E-05 4.60286E-05 4.64388E-05
100.0 4.85158E-05 4.99326E-05 5.21547E-05 5.34267E-05 5.74402E-05 6.25750E-05 6.62587E-05 7.07590E-05 7.35478E-05 7.64910E-05 7.91010E-05 8.42493E-05 8.49149E-05 8.85877E-05 9.01214E-05 9.29822E-05 9.53976E-05 9.77761E-05 9.74153E-05 1.01681E-04 1.00465E-04 1.03973E-04 1.04959E-04 1.05380E-04 1.08236E-04 1.07759E-04 1.10220E-04 1.09618E-04 1.10704E-04 1.12512E-04 1.13127E-04 1.14788E-04 1.16574E-04 1.17278E-04 1.14677E-04 1.17232E-04 1.17442E-04 1.18555E-04 1.21260E-04 1.21099E-04 1.21314E-04 1.21483E-04 1.19970E-04 1.17581E-04 1.22677E-04 1.21146E-04 1.24323E-04 1.18670E-04 1.20122E-04 1.10524E-04
