Yield function of production of Ti44 by protons, neutrons, alphas, [(Ti44 atoms * cm2) / (g * prim. part. nucleon)] (computed with Geant4.10).
The primaries are alphas.
Energy[GeV/nuc],depths[g/cm2]: 0 1 3 5 12.02 19.04 26.06 33.08 40.1 47.12 54.14 61.16 68.18 75.2 82.22 89.24 96.26 103.28 110.3 117.32 124.34 131.36 138.38 145.4 152.42 159.44 166.46 173.48 180.5 187.52 194.54 201.56 208.58 215.6 222.62 229.64 236.66 243.68 250.7 257.72 264.74 271.76 278.78 285.8 292.82 299.84 306.86 313.88 320.9 327.92
0.03 1.33937E-05 2.15653E-07 8.69116E-11 7.43912E-11 5.44237E-11 4.60778E-11 3.56728E-11 3.19110E-11 2.90069E-11 2.45328E-11 2.12369E-11 1.87573E-11 1.75614E-11 1.54161E-11 1.44583E-11 1.28359E-11 1.06749E-11 9.58716E-12 8.66851E-12 8.07572E-12 7.51903E-12 6.85759E-12 6.54671E-12 5.42229E-12 4.83323E-12 4.63745E-12 4.82006E-12 3.99809E-12 3.80494E-12 4.27667E-12 3.08859E-12 3.11176E-12 2.46362E-12 2.82960E-12 2.37609E-12 1.76006E-12 1.80550E-12 2.06283E-12 1.91586E-12 1.79940E-12 1.68065E-12 1.13469E-12 9.95682E-13 1.35755E-12 1.15340E-12 1.26362E-12 1.63884E-12 8.85095E-13 1.16157E-13 6.67582E-13
0.1 1.53037E-05 1.38203E-05 1.03165E-05 6.83157E-06 2.67102E-08 2.16003E-08 1.88596E-08 1.68258E-08 1.53180E-08 1.39883E-08 1.28464E-08 1.18172E-08 1.10427E-08 1.03149E-08 9.54633E-09 8.92363E-09 8.39272E-09 7.90366E-09 7.34292E-09 6.99591E-09 6.54423E-09 6.21864E-09 5.89345E-09 5.56509E-09 5.23320E-09 4.98745E-09 4.78726E-09 4.51746E-09 4.36689E-09 4.16145E-09 4.03345E-09 3.80567E-09 3.72063E-09 3.74141E-09 3.51050E-09 3.49988E-09 3.32056E-09 3.26547E-09 3.14854E-09 3.01802E-09 3.10492E-09 2.84868E-09 2.76897E-09 3.00614E-09 3.11920E-09 2.93126E-09 2.26483E-09 2.85831E-09 2.67348E-09 2.66268E-09
0.18 1.21570E-05 1.16220E-05 1.04041E-05 9.64088E-06 6.62852E-06 3.63208E-06 5.74299E-07 2.21894E-07 1.98876E-07 1.80705E-07 1.67012E-07 1.55142E-07 1.44320E-07 1.34874E-07 1.25969E-07 1.19240E-07 1.12434E-07 1.06530E-07 1.00443E-07 9.58939E-08 9.05474E-08 8.62233E-08 8.18877E-08 7.83661E-08 7.45135E-08 7.12332E-08 6.92690E-08 6.63589E-08 6.35452E-08 6.15836E-08 5.96392E-08 5.70223E-08 5.53344E-08 5.37332E-08 5.21405E-08 5.12845E-08 4.97426E-08 4.86595E-08 4.80399E-08 4.60346E-08 4.55901E-08 4.62468E-08 4.54417E-08 4.37974E-08 4.42237E-08 4.27284E-08 4.31742E-08 3.95463E-08 4.31641E-08 5.47785E-08
0.3 1.28759E-05 1.25693E-05 1.16861E-05 1.08961E-05 8.67958E-06 7.27727E-06 6.06870E-06 5.03971E-06 4.14554E-06 3.30418E-06 2.42789E-06 1.52346E-06 1.10600E-06 1.03785E-06 9.71135E-07 9.17006E-07 8.63746E-07 8.18774E-07 7.80962E-07 7.46227E-07 7.12068E-07 6.79515E-07 6.51449E-07 6.23844E-07 6.02931E-07 5.76845E-07 5.58165E-07 5.36232E-07 5.18023E-07 5.04174E-07 4.87328E-07 4.77247E-07 4.63236E-07 4.51035E-07 4.39456E-07 4.25217E-07 4.21994E-07 4.02956E-07 3.98440E-07 3.92252E-07 3.89091E-07 3.86670E-07 3.69870E-07 3.68271E-07 3.64279E-07 3.62674E-07 3.64201E-07 3.42316E-07 3.50063E-07 3.38945E-07
0.56 1.54980E-05 1.56741E-05 1.56640E-05 1.57324E-05 1.49341E-05 1.44372E-05 1.38331E-05 1.31458E-05 1.24678E-05 1.18258E-05 1.11513E-05 1.05515E-05 9.94049E-06 9.35616E-06 8.87016E-06 8.34116E-06 7.87197E-06 7.39780E-06 6.99269E-06 6.61655E-06 6.25475E-06 5.91395E-06 5.59220E-06 5.33563E-06 5.08261E-06 4.83128E-06 4.61313E-06 4.37457E-06 4.23403E-06 4.11254E-06 4.01817E-06 3.87087E-06 3.78422E-06 3.68828E-06 3.61847E-06 3.52989E-06 3.48409E-06 3.41229E-06 3.35664E-06 3.32375E-06 3.25085E-06 3.20378E-06 3.20827E-06 3.17305E-06 3.04798E-06 3.05360E-06 3.08433E-06 3.04456E-06 3.12054E-06 3.10628E-06
1.0 1.97593E-05 2.04670E-05 2.14063E-05 2.21731E-05 2.28169E-05 2.34863E-05 2.36532E-05 2.36698E-05 2.34372E-05 2.31552E-05 2.29355E-05 2.23608E-05 2.20272E-05 2.15015E-05 2.10077E-05 2.05618E-05 1.99487E-05 1.93900E-05 1.89338E-05 1.83956E-05 1.79893E-05 1.75100E-05 1.70048E-05 1.65701E-05 1.60800E-05 1.57337E-05 1.53415E-05 1.49155E-05 1.45287E-05 1.43208E-05 1.38398E-05 1.35859E-05 1.33387E-05 1.29950E-05 1.27951E-05 1.24229E-05 1.22404E-05 1.19540E-05 1.18858E-05 1.16035E-05 1.14638E-05 1.14218E-05 1.11975E-05 1.11237E-05 1.08681E-05 1.07039E-05 1.06186E-05 1.10078E-05 1.07119E-05 1.15091E-05
3.0 3.02942E-05 3.17828E-05 3.37062E-05 3.50985E-05 3.76798E-05 4.02266E-05 4.17927E-05 4.30066E-05 4.40811E-05 4.46119E-05 4.50547E-05 4.54222E-05 4.58478E-05 4.60227E-05 4.56305E-05 4.57689E-05 4.56530E-05 4.53807E-05 4.51407E-05 4.47884E-05 4.46970E-05 4.44601E-05 4.38404E-05 4.40430E-05 4.33414E-05 4.30532E-05 4.28866E-05 4.24632E-05 4.19067E-05 4.16815E-05 4.16652E-05 4.12298E-05 4.07064E-05 4.04390E-05 4.03808E-05 4.00618E-05 3.98199E-05 4.02939E-05 3.90227E-05 3.94317E-05 3.89565E-05 3.85342E-05 3.86148E-05 3.83785E-05 3.82392E-05 3.77731E-05 3.79215E-05 3.80905E-05 3.87081E-05 3.52127E-05
10.0 5.04324E-05 5.30766E-05 5.64545E-05 5.96176E-05 6.50669E-05 7.08431E-05 7.51032E-05 7.82008E-05 8.14575E-05 8.36712E-05 8.54319E-05 8.71853E-05 8.86933E-05 8.95683E-05 9.11229E-05 9.18620E-05 9.26557E-05 9.29688E-05 9.31535E-05 9.34210E-05 9.39269E-05 9.40802E-05 9.44828E-05 9.46535E-05 9.47844E-05 9.46715E-05 9.45715E-05 9.47704E-05 9.48261E-05 9.41718E-05 9.43433E-05 9.44166E-05 9.38327E-05 9.40615E-05 9.37029E-05 9.26516E-05 9.28274E-05 9.21004E-05 9.27055E-05 9.20537E-05 9.27680E-05 9.22165E-05 9.09970E-05 9.12673E-05 9.16485E-05 9.24870E-05 9.03659E-05 9.10243E-05 8.67695E-05 8.76260E-05
30.0 8.61898E-05 9.00521E-05 9.58201E-05 9.99003E-05 1.08494E-04 1.18593E-04 1.27142E-04 1.34417E-04 1.41485E-04 1.46508E-04 1.51992E-04 1.56027E-04 1.60847E-04 1.64070E-04 1.67952E-04 1.72016E-04 1.74649E-04 1.75773E-04 1.79493E-04 1.81202E-04 1.83108E-04 1.83986E-04 1.86599E-04 1.87384E-04 1.88667E-04 1.90636E-04 1.91336E-04 1.92100E-04 1.94356E-04 1.94568E-04 1.94495E-04 1.94722E-04 1.96065E-04 1.98536E-04 1.98714E-04 1.98468E-04 1.99883E-04 1.99797E-04 1.98353E-04 1.97893E-04 1.96036E-04 1.93930E-04 1.93426E-04 1.95383E-04 1.93075E-04 1.90263E-04 1.93197E-04 1.99908E-04 1.93161E-04 1.97253E-04
100.0 1.68094E-04 1.75318E-04 1.84676E-04 1.93923E-04 2.12287E-04 2.32444E-04 2.49996E-04 2.67789E-04 2.82090E-04 2.94944E-04 3.04931E-04 3.18069E-04 3.25981E-04 3.35859E-04 3.45387E-04 3.56876E-04 3.64284E-04 3.72925E-04 3.76391E-04 3.87176E-04 3.94847E-04 3.95815E-04 4.03025E-04 4.06257E-04 4.12480E-04 4.19362E-04 4.23086E-04 4.25072E-04 4.29038E-04 4.35200E-04 4.41663E-04 4.43446E-04 4.48033E-04 4.49932E-04 4.55921E-04 4.53241E-04 4.58963E-04 4.66855E-04 4.55624E-04 4.53055E-04 4.54961E-04 4.60444E-04 4.49848E-04 4.49685E-04 4.66094E-04 4.61148E-04 4.51616E-04 4.58603E-04 4.53021E-04 4.59874E-04
