Yield function of production of Ti44 by protons, neutrons, alphas, pi+ and pi-, [(Ti44 atoms * cm2) / (g * prim. part. nucleon)] (computed with Geant4.10).
The primaries are protons.
Energy[GeV/nuc],depths[g/cm2]: 1 3 5 10 15 20 30 40 50 60 70 80 90 100 110 120 130 140 150 160 170 186
0.01 0.00000E+00 0.00000E+00 0.00000E+00 0.00000E+00 0.00000E+00 0.00000E+00 0.00000E+00 0.00000E+00 0.00000E+00 0.00000E+00 0.00000E+00 0.00000E+00 0.00000E+00 0.00000E+00 0.00000E+00 0.00000E+00 0.00000E+00 0.00000E+00 0.00000E+00 0.00000E+00 0.00000E+00 0.00000E+00
0.03 9.85838E-09 0.00000E+00 0.00000E+00 0.00000E+00 0.00000E+00 0.00000E+00 0.00000E+00 0.00000E+00 0.00000E+00 0.00000E+00 0.00000E+00 0.00000E+00 0.00000E+00 0.00000E+00 0.00000E+00 0.00000E+00 0.00000E+00 0.00000E+00 0.00000E+00 0.00000E+00 0.00000E+00 0.00000E+00
0.1 6.44170E-07 2.64947E-07 5.83362E-08 2.46046E-08 3.69070E-10 3.26296E-10 2.96172E-10 2.41156E-10 1.89961E-10 1.61103E-10 1.83019E-10 1.30402E-10 1.11829E-10 1.00643E-10 9.36363E-11 1.13668E-10 9.75658E-11 7.45168E-11 6.81981E-11 5.02258E-11 1.05130E-10 6.04308E-11
0.18 2.34200E-06 1.72584E-06 1.31796E-06 9.72914E-07 4.46595E-07 1.60213E-07 3.36069E-08 1.22675E-08 1.13402E-08 1.03061E-08 9.49861E-09 8.30819E-09 7.97237E-09 7.21885E-09 7.63105E-09 7.20619E-09 6.65497E-09 6.07264E-09 6.24727E-09 4.58313E-09 4.08261E-09 2.70020E-09
0.3 5.17102E-06 4.90325E-06 4.19300E-06 3.65709E-06 2.73868E-06 2.12558E-06 1.62951E-06 9.21148E-07 4.63539E-07 2.01984E-07 1.19145E-07 1.09205E-07 1.04339E-07 1.33420E-07 9.88215E-08 9.36896E-08 7.69776E-08 7.84022E-08 8.24171E-08 7.14646E-08 6.03207E-08 4.33151E-08
0.56 8.88959E-06 9.80409E-06 8.88041E-06 8.63110E-06 7.92835E-06 7.12637E-06 6.60339E-06 5.90430E-06 4.97823E-06 4.21923E-06 3.83360E-06 3.23310E-06 2.72597E-06 2.34556E-06 2.01261E-06 1.68692E-06 1.48737E-06 1.24985E-06 9.77767E-07 8.78956E-07 9.23259E-07 7.49973E-07
1.0 1.28732E-05 1.25205E-05 1.26069E-05 1.24022E-05 1.18396E-05 1.15132E-05 1.13283E-05 1.07358E-05 1.01263E-05 9.42186E-06 9.59977E-06 9.58160E-06 8.55300E-06 8.25393E-06 7.75290E-06 7.57686E-06 7.58432E-06 7.32187E-06 7.06403E-06 7.22085E-06 6.64121E-06 6.12632E-06
3.0 1.25132E-05 1.26169E-05 1.28221E-05 1.29933E-05 1.37926E-05 1.39151E-05 1.42906E-05 1.50902E-05 1.45452E-05 1.46527E-05 1.48237E-05 1.50911E-05 1.52466E-05 1.53052E-05 1.49821E-05 1.48415E-05 1.51512E-05 1.46651E-05 1.47111E-05 1.49704E-05 1.44381E-05 1.31958E-05
10.0 1.72374E-05 1.76595E-05 1.87271E-05 1.90641E-05 2.00007E-05 2.06580E-05 2.12395E-05 2.25590E-05 2.37682E-05 2.37333E-05 2.57441E-05 2.49468E-05 2.57932E-05 2.55661E-05 2.62271E-05 2.76020E-05 2.70082E-05 2.61168E-05 2.60971E-05 2.64400E-05 2.73778E-05 2.43296E-05
30.0 2.48586E-05 2.52018E-05 2.63903E-05 2.68726E-05 2.85115E-05 3.10675E-05 3.13685E-05 3.36519E-05 3.55230E-05 3.75000E-05 3.72625E-05 3.90107E-05 3.97759E-05 4.24474E-05 4.15445E-05 4.23450E-05 4.37612E-05 4.76522E-05 4.43559E-05 4.35644E-05 4.65498E-05 5.26200E-05
100.0 4.06807E-05 4.18229E-05 4.28017E-05 4.52306E-05 4.76732E-05 4.93264E-05 5.15537E-05 5.62937E-05 5.81179E-05 6.16610E-05 6.37623E-05 7.01595E-05 7.14285E-05 7.58663E-05 7.44083E-05 8.31616E-05 8.91792E-05 8.51272E-05 8.07414E-05 8.76017E-05 7.68954E-05 9.22939E-05
