Yield function of production of Ti44 by protons, neutrons, alphas, pi+ and pi-, [(Ti44 atoms * cm2) / (g * prim. part. nucleon)] (computed with Geant4.10).
The primaries are protons.
Energy[GeV/nuc],depths[g/cm2]: 1 3 5 10 15 20 30 40 50 60 70 80 90 100 110 120 130 140 150 160 170 186
0.01 0.00000E+00 0.00000E+00 0.00000E+00 0.00000E+00 0.00000E+00 0.00000E+00 0.00000E+00 0.00000E+00 0.00000E+00 0.00000E+00 0.00000E+00 0.00000E+00 0.00000E+00 0.00000E+00 0.00000E+00 0.00000E+00 0.00000E+00 0.00000E+00 0.00000E+00 0.00000E+00 0.00000E+00 0.00000E+00
0.03 9.85838E-09 0.00000E+00 0.00000E+00 0.00000E+00 0.00000E+00 0.00000E+00 0.00000E+00 0.00000E+00 0.00000E+00 0.00000E+00 0.00000E+00 0.00000E+00 0.00000E+00 0.00000E+00 0.00000E+00 0.00000E+00 0.00000E+00 0.00000E+00 0.00000E+00 0.00000E+00 0.00000E+00 0.00000E+00
0.1 6.44170E-07 2.64947E-07 5.83362E-08 2.46046E-08 3.69070E-10 3.26296E-10 2.96172E-10 2.41156E-10 1.89961E-10 1.61103E-10 1.83019E-10 1.30402E-10 1.11829E-10 1.00643E-10 9.36363E-11 1.13668E-10 9.75658E-11 7.45168E-11 6.81981E-11 5.02258E-11 1.05130E-10 6.04308E-11
0.18 2.34200E-06 1.72584E-06 1.31796E-06 9.72914E-07 4.46595E-07 1.60213E-07 3.36069E-08 1.22675E-08 1.13402E-08 1.03061E-08 9.49861E-09 8.30819E-09 7.97237E-09 7.21885E-09 7.63105E-09 7.20619E-09 6.65497E-09 6.07264E-09 6.24727E-09 4.58313E-09 4.08261E-09 2.70020E-09
0.3 5.17135E-06 4.90397E-06 4.19316E-06 3.65724E-06 2.73879E-06 2.12564E-06 1.62953E-06 9.21148E-07 4.63539E-07 2.01984E-07 1.19145E-07 1.09205E-07 1.04339E-07 1.33420E-07 9.88215E-08 9.36896E-08 7.69776E-08 7.84022E-08 8.24171E-08 7.14646E-08 6.03207E-08 4.33151E-08
0.56 9.34541E-06 1.03609E-05 9.62452E-06 9.32240E-06 8.59411E-06 7.89090E-06 7.21839E-06 6.38026E-06 5.28622E-06 4.43166E-06 4.02241E-06 3.32386E-06 2.78610E-06 2.37949E-06 2.03962E-06 1.70327E-06 1.50089E-06 1.25967E-06 9.78922E-07 8.79329E-07 9.29363E-07 7.49973E-07
1.0 1.61723E-05 1.67579E-05 1.73867E-05 1.81142E-05 2.15130E-05 1.83501E-05 1.86021E-05 2.19314E-05 1.94477E-05 1.53748E-05 1.62902E-05 1.51813E-05 1.37195E-05 1.48703E-05 1.56696E-05 1.27199E-05 1.18418E-05 1.25131E-05 1.12385E-05 1.19737E-05 1.14578E-05 8.92946E-06
3.0 3.16460E-05 3.49636E-05 4.08180E-05 4.19399E-05 4.80076E-05 5.08017E-05 5.44400E-05 6.14639E-05 6.15694E-05 6.92877E-05 6.50956E-05 6.42639E-05 6.10133E-05 6.12296E-05 7.50451E-05 6.40194E-05 6.20588E-05 8.45998E-05 5.63829E-05 1.19608E-04 5.91964E-05 3.76487E-04
10.0 8.67879E-05 9.35235E-05 1.13158E-04 1.19371E-04 1.43632E-04 1.50155E-04 1.59446E-04 1.72099E-04 1.94881E-04 1.85782E-04 1.94746E-04 2.09605E-04 2.72535E-04 2.07685E-04 1.97684E-04 2.01862E-04 2.24258E-04 2.02052E-04 2.08070E-04 1.95619E-04 3.67678E-04 1.71476E-04
30.0 1.90189E-04 2.07672E-04 2.32697E-04 2.43654E-04 2.86197E-04 2.98308E-04 3.19283E-04 4.03399E-04 4.14316E-04 4.21220E-04 4.46078E-04 4.49337E-04 4.97920E-04 4.49428E-04 4.54189E-04 4.96545E-04 4.84432E-04 4.75392E-04 4.97512E-04 5.22225E-04 6.34273E-04 5.27013E-04
100.0 4.30494E-04 4.57661E-04 5.01157E-04 5.33901E-04 7.13906E-04 6.31832E-04 8.41397E-04 7.77129E-04 8.74084E-04 9.37967E-04 9.35422E-04 9.61997E-04 1.11324E-03 1.04885E-03 1.05993E-03 1.16962E-03 1.24472E-03 1.16703E-03 1.10290E-03 1.22215E-03 1.40161E-03 1.27465E-03
