Yield function of production of Ti44 by protons, neutrons, alphas, pi+ and pi-, [(Ti44 atoms * cm2) / (g * prim. part. nucleon)] (computed with Geant4.10).
The primaries are alphas.
Energy[GeV/nuc],depths[g/cm2]: 1 3 5 10 15 20 30 40 50 60 70 80 90 100 110 120 130 140 150 160 170 186
0.01 3.62313E-06 6.70630E-15 6.20753E-15 5.49532E-15 3.93233E-15 2.00477E-15 2.91666E-15 3.84659E-15 0.00000E+00 0.00000E+00 0.00000E+00 0.00000E+00 0.00000E+00 0.00000E+00 0.00000E+00 0.00000E+00 0.00000E+00 0.00000E+00 0.00000E+00 0.00000E+00 0.00000E+00 0.00000E+00
0.03 1.34008E-05 1.93050E-07 1.05202E-10 9.36823E-11 7.55530E-11 6.67414E-11 5.52676E-11 4.38496E-11 3.92357E-11 3.21092E-11 3.18022E-11 2.55298E-11 2.38827E-11 2.24224E-11 2.35374E-11 1.68393E-11 1.75044E-11 1.14665E-11 7.64002E-12 8.84186E-12 1.30423E-11 4.86097E-12
0.1 1.55398E-05 1.40904E-05 1.05429E-05 7.01489E-06 3.12216E-08 2.57578E-08 2.32464E-08 1.97021E-08 1.75079E-08 1.68407E-08 1.46545E-08 1.34067E-08 1.26991E-08 1.18877E-08 1.14248E-08 1.10319E-08 9.91166E-09 1.05263E-08 1.07777E-08 1.02501E-08 1.20739E-08 1.17890E-08
0.18 1.25349E-05 1.24841E-05 1.08508E-05 1.00834E-05 8.09288E-06 5.89268E-06 3.53852E-06 2.64378E-07 2.38893E-07 2.07961E-07 1.91582E-07 1.96238E-07 1.65012E-07 1.65719E-07 1.52129E-07 1.61002E-07 1.38800E-07 1.31218E-07 1.28714E-07 1.27775E-07 1.34711E-07 1.23299E-07
0.3 1.37169E-05 1.38772E-05 1.27049E-05 1.35035E-05 1.02656E-05 9.05698E-06 8.23596E-06 6.53175E-06 5.05122E-06 3.62287E-06 2.16393E-06 1.41175E-06 1.31290E-06 1.30851E-06 1.19145E-06 1.13579E-06 1.10172E-06 1.07260E-06 1.07846E-06 9.94224E-07 9.92673E-07 1.08154E-06
0.56 1.86414E-05 1.94947E-05 1.98585E-05 2.04017E-05 2.03828E-05 1.99532E-05 1.94428E-05 1.81398E-05 1.75359E-05 1.57744E-05 1.50610E-05 1.42328E-05 1.35776E-05 1.23054E-05 1.17342E-05 1.10358E-05 1.04270E-05 1.04517E-05 9.98204E-06 9.45990E-06 9.06894E-06 9.56793E-06
1.0 4.19432E-05 3.96125E-05 4.45892E-05 4.85318E-05 5.26774E-05 5.39725E-05 5.79897E-05 5.89077E-05 5.35808E-05 5.85668E-05 5.26981E-05 4.96700E-05 4.75988E-05 4.65286E-05 4.91457E-05 4.81375E-05 4.48709E-05 4.23332E-05 4.31839E-05 4.21587E-05 4.40913E-05 4.03677E-05
3.0 1.06977E-04 1.20666E-04 1.40708E-04 1.41438E-04 1.79396E-04 1.77611E-04 2.02256E-04 2.06287E-04 2.17254E-04 2.27814E-04 2.47303E-04 2.29026E-04 2.76795E-04 2.29388E-04 2.27254E-04 2.23281E-04 2.80747E-04 2.34309E-04 2.24766E-04 2.13934E-04 2.28647E-04 2.46725E-04
10.0 3.40434E-04 3.90486E-04 4.46619E-04 4.90176E-04 5.75552E-04 5.79211E-04 6.44629E-04 6.67983E-04 7.39023E-04 8.45099E-04 7.85709E-04 8.41951E-04 8.14671E-04 9.06384E-04 8.27246E-04 8.45661E-04 8.48949E-04 8.42790E-04 8.52752E-04 9.73315E-04 8.11923E-04 9.53709E-04
30.0 7.69217E-04 8.45251E-04 9.77998E-04 1.04123E-03 1.15305E-03 1.24891E-03 1.42400E-03 1.63947E-03 1.77342E-03 1.87070E-03 1.82091E-03 2.02247E-03 1.90032E-03 2.05948E-03 2.15668E-03 2.01833E-03 2.07853E-03 2.33228E-03 2.37028E-03 2.38402E-03 3.18339E-03 2.44560E-03
100.0 1.71546E-03 1.81644E-03 2.11732E-03 2.29066E-03 2.53042E-03 2.67286E-03 2.79067E-03 3.35547E-03 3.44698E-03 3.41047E-03 3.93735E-03 4.30815E-03 4.27920E-03 4.24027E-03 4.37996E-03 4.48085E-03 4.40477E-03 4.69382E-03 1.00898E-02 4.79778E-03 5.88384E-03 4.47023E-03
