Yield function of production of Ti44 by protons, neutrons, alphas, pi+ and pi-, [(Ti44 atoms * cm2) / (g * prim. part. nucleon)] (computed with Geant4.10).
The primaries are alphas.
Energy[GeV/nuc],depths[g/cm2]: 1 3 5 10 15 20 30 40 50 60 70 80 90 100 110 120 130 140 150 160 170 186
0.01 3.62313E-06 6.70630E-15 6.20753E-15 5.49532E-15 3.93233E-15 2.00477E-15 2.91666E-15 3.84659E-15 0.00000E+00 0.00000E+00 0.00000E+00 0.00000E+00 0.00000E+00 0.00000E+00 0.00000E+00 0.00000E+00 0.00000E+00 0.00000E+00 0.00000E+00 0.00000E+00 0.00000E+00 0.00000E+00
0.03 1.34008E-05 1.93050E-07 1.05202E-10 9.36823E-11 7.55530E-11 6.67414E-11 5.52676E-11 4.38496E-11 3.92357E-11 3.21092E-11 3.18022E-11 2.55298E-11 2.38827E-11 2.24224E-11 2.35374E-11 1.68393E-11 1.75044E-11 1.14665E-11 7.64002E-12 8.84186E-12 1.30423E-11 4.86097E-12
0.1 1.55398E-05 1.40904E-05 1.05429E-05 7.01489E-06 3.12216E-08 2.57578E-08 2.32464E-08 1.97021E-08 1.75079E-08 1.68407E-08 1.46545E-08 1.34067E-08 1.26991E-08 1.18877E-08 1.14248E-08 1.10319E-08 9.91166E-09 1.05263E-08 1.07777E-08 1.02501E-08 1.20739E-08 1.17890E-08
0.18 1.25349E-05 1.24841E-05 1.08508E-05 1.00834E-05 8.09272E-06 5.89256E-06 3.53851E-06 2.64378E-07 2.38247E-07 2.07961E-07 1.91582E-07 1.96238E-07 1.65012E-07 1.65719E-07 1.52129E-07 1.61002E-07 1.38800E-07 1.31218E-07 1.28714E-07 1.27775E-07 1.34711E-07 1.23299E-07
0.3 1.37134E-05 1.38695E-05 1.26928E-05 1.34942E-05 1.02487E-05 9.04763E-06 8.22405E-06 6.52046E-06 5.03610E-06 3.62023E-06 2.16181E-06 1.40652E-06 1.30994E-06 1.30573E-06 1.18994E-06 1.13304E-06 1.09610E-06 1.07260E-06 1.07846E-06 9.94224E-07 9.92673E-07 1.08154E-06
0.56 1.73640E-05 1.79014E-05 1.79776E-05 1.80639E-05 1.78373E-05 1.77177E-05 1.71948E-05 1.64631E-05 1.58743E-05 1.46225E-05 1.40797E-05 1.33076E-05 1.29042E-05 1.17529E-05 1.12418E-05 1.05910E-05 1.01839E-05 1.01695E-05 9.36027E-06 9.19691E-06 8.67525E-06 9.56793E-06
1.0 2.37071E-05 2.45638E-05 2.62759E-05 2.67380E-05 2.82637E-05 2.86032E-05 2.87890E-05 2.95916E-05 3.00163E-05 3.02093E-05 3.01284E-05 2.92353E-05 2.89481E-05 2.86015E-05 2.81750E-05 2.77941E-05 2.73975E-05 2.77993E-05 2.73944E-05 2.77309E-05 2.82816E-05 2.69378E-05
3.0 3.67168E-05 3.78732E-05 4.02246E-05 4.20301E-05 4.57284E-05 4.75862E-05 4.89858E-05 5.23728E-05 5.36588E-05 5.48711E-05 5.68199E-05 5.77920E-05 5.80311E-05 5.83346E-05 5.95151E-05 5.87260E-05 6.08789E-05 5.88369E-05 5.88338E-05 5.73026E-05 6.12966E-05 5.92022E-05
10.0 5.67701E-05 5.93553E-05 6.26110E-05 6.65094E-05 7.36852E-05 7.69242E-05 7.77538E-05 8.38175E-05 8.91222E-05 9.30169E-05 9.48566E-05 9.71617E-05 1.00868E-04 1.02898E-04 1.03318E-04 1.08507E-04 1.03792E-04 1.09412E-04 1.07903E-04 1.04512E-04 1.13014E-04 1.07829E-04
30.0 8.70633E-05 9.12982E-05 9.59910E-05 9.89922E-05 1.08751E-04 1.15795E-04 1.19720E-04 1.44879E-04 1.41597E-04 1.54632E-04 1.53981E-04 1.62297E-04 1.71777E-04 1.74799E-04 1.91589E-04 1.85857E-04 1.96573E-04 1.91419E-04 1.89201E-04 1.93755E-04 1.83858E-04 2.04179E-04
100.0 1.39117E-04 1.45138E-04 1.54446E-04 1.63876E-04 1.78929E-04 1.90302E-04 1.99740E-04 2.38196E-04 2.31411E-04 2.36389E-04 2.67318E-04 2.87554E-04 2.97593E-04 3.06407E-04 3.10225E-04 3.18586E-04 3.19511E-04 3.27130E-04 3.49166E-04 3.23143E-04 3.47553E-04 3.89794E-04
