Yield function of production of Ti44 by protons, neutrons, alphas, pi+ and pi-, [(Ti44 atoms * cm2) / (g * prim. part. nucleon)] (computed with Geant4.10).
The primaries are alphas.
Energy[GeV/nuc],depths[g/cm2]: 1 3 5 10 15 20 30 40 50 60 70 80 90 100 110 124.6
0.01 3.62777E-06 2.98336E-15 3.35677E-15 3.16705E-15 2.15738E-15 4.81370E-16 5.59973E-16 8.21398E-16 0.00000E+00 0.00000E+00 0.00000E+00 0.00000E+00 0.00000E+00 0.00000E+00 0.00000E+00 0.00000E+00
0.03 1.34914E-05 1.77194E-07 1.06804E-10 9.64445E-11 7.51742E-11 6.83263E-11 7.24538E-11 4.84445E-11 4.64668E-11 3.58917E-11 3.16925E-11 3.46885E-11 2.79926E-11 2.74111E-11 2.37562E-11 1.71573E-11
0.1 1.58464E-05 1.42374E-05 1.06886E-05 7.05460E-06 3.34035E-08 2.81836E-08 2.68480E-08 2.32524E-08 2.10181E-08 2.19609E-08 1.87441E-08 1.85125E-08 1.68962E-08 1.57280E-08 1.81576E-08 1.02768E-08
0.18 1.26718E-05 1.26148E-05 1.15445E-05 1.05036E-05 8.39231E-06 6.15748E-06 3.65262E-06 3.13058E-07 2.75409E-07 2.60552E-07 2.38303E-07 2.31600E-07 2.28952E-07 2.19171E-07 2.07185E-07 1.76777E-07
0.3 1.39980E-05 1.43557E-05 1.30347E-05 1.29180E-05 1.16391E-05 1.00876E-05 9.10399E-06 7.28050E-06 5.92186E-06 4.33651E-06 2.52281E-06 1.97499E-06 1.76966E-06 1.67885E-06 1.57344E-06 1.58490E-06
0.56 1.92850E-05 1.96949E-05 1.99663E-05 1.98874E-05 2.05245E-05 1.98079E-05 1.95320E-05 1.92729E-05 1.88560E-05 1.80689E-05 1.79852E-05 2.00387E-05 1.70946E-05 1.63762E-05 1.65331E-05 1.74683E-05
1.0 2.68343E-05 2.81332E-05 2.88853E-05 2.94541E-05 3.09391E-05 3.17313E-05 3.26121E-05 3.29082E-05 3.33793E-05 3.42247E-05 3.44499E-05 3.41969E-05 3.43131E-05 3.49947E-05 3.53132E-05 3.29498E-05
3.0 3.83184E-05 3.98609E-05 4.24553E-05 4.37030E-05 4.71575E-05 4.94543E-05 5.19260E-05 5.32216E-05 5.55908E-05 5.79479E-05 5.91359E-05 5.96143E-05 6.13737E-05 6.31494E-05 6.01645E-05 6.30055E-05
10.0 5.42826E-05 5.69809E-05 6.09680E-05 6.46223E-05 6.92344E-05 7.37447E-05 7.70404E-05 8.32528E-05 8.81749E-05 8.96852E-05 9.10996E-05 9.51733E-05 9.59776E-05 9.85263E-05 1.02227E-04 9.92715E-05
30.0 7.69734E-05 7.98989E-05 8.51255E-05 8.72136E-05 9.73130E-05 1.03535E-04 1.09097E-04 1.20416E-04 1.24407E-04 1.31830E-04 1.43248E-04 1.37185E-04 1.41141E-04 1.45751E-04 1.45459E-04 1.32540E-04
100.0 1.08966E-04 1.12420E-04 1.20968E-04 1.31759E-04 1.40315E-04 1.58107E-04 1.70930E-04 1.91960E-04 2.03909E-04 2.08982E-04 2.13827E-04 2.25898E-04 2.20502E-04 2.20996E-04 2.17166E-04 2.38215E-04
