Yield function of production of Ti44 by protons, neutrons, alphas, pi+ and pi-, [(Ti44 atoms * cm2) / (g * prim. part. nucleon)] (computed with Geant4.10).
The primaries are protons.
Energy[GeV/nuc],depths[g/cm2]: 1 3 5 10 15 20 30 40 50 60 70 80 90 100 110 124.6
0.01 0.00000E+00 0.00000E+00 0.00000E+00 0.00000E+00 0.00000E+00 0.00000E+00 0.00000E+00 0.00000E+00 0.00000E+00 0.00000E+00 0.00000E+00 0.00000E+00 0.00000E+00 0.00000E+00 0.00000E+00 0.00000E+00
0.03 9.58073E-09 7.84553E-17 8.16695E-17 8.51041E-17 9.48287E-17 0.00000E+00 0.00000E+00 0.00000E+00 0.00000E+00 0.00000E+00 0.00000E+00 0.00000E+00 0.00000E+00 0.00000E+00 0.00000E+00 0.00000E+00
0.1 6.46071E-07 2.63804E-07 5.72454E-08 2.38433E-08 4.19437E-10 3.65778E-10 3.34174E-10 2.76775E-10 2.51736E-10 2.22321E-10 2.12716E-10 1.76737E-10 1.78557E-10 1.49556E-10 2.22854E-10 1.00714E-10
0.18 2.41692E-06 1.76626E-06 1.34580E-06 9.92053E-07 4.57620E-07 1.61653E-07 3.44711E-08 1.40248E-08 1.30216E-08 1.21400E-08 1.05124E-08 1.03148E-08 1.04817E-08 9.76394E-09 9.90161E-09 8.95652E-09
0.3 5.42176E-06 5.11073E-06 4.59064E-06 3.92583E-06 2.97406E-06 2.27908E-06 1.76581E-06 1.00968E-06 5.17932E-07 2.35854E-07 1.46184E-07 1.31174E-07 1.32264E-07 1.17942E-07 1.20420E-07 1.27620E-07
0.56 9.84582E-06 9.93551E-06 9.56731E-06 9.47252E-06 8.62562E-06 8.31586E-06 7.55862E-06 6.86106E-06 6.06651E-06 5.42080E-06 5.10219E-06 4.85628E-06 4.03994E-06 3.93237E-06 3.84636E-06 3.62792E-06
1.0 1.38839E-05 1.39212E-05 1.40346E-05 1.37158E-05 1.31274E-05 1.34499E-05 1.27761E-05 1.20796E-05 1.19677E-05 1.22403E-05 1.14890E-05 1.13893E-05 1.06261E-05 1.03837E-05 1.11249E-05 1.01897E-05
3.0 1.31347E-05 1.33498E-05 1.37328E-05 1.38372E-05 1.43346E-05 1.47848E-05 1.50101E-05 1.50560E-05 1.54336E-05 1.53015E-05 1.62003E-05 1.57013E-05 1.65937E-05 1.63372E-05 1.58701E-05 1.63345E-05
10.0 1.73349E-05 1.79999E-05 1.87605E-05 1.91006E-05 1.99629E-05 2.05020E-05 2.12437E-05 2.26101E-05 2.27511E-05 2.47534E-05 2.46096E-05 2.46314E-05 2.45819E-05 2.53191E-05 2.51483E-05 2.18210E-05
30.0 2.19159E-05 2.24667E-05 2.38193E-05 2.44185E-05 2.57562E-05 2.66222E-05 2.83818E-05 3.01342E-05 3.22890E-05 3.18579E-05 3.31810E-05 3.48583E-05 3.59669E-05 4.00109E-05 3.69389E-05 3.69139E-05
100.0 3.24469E-05 3.35192E-05 3.51442E-05 3.61614E-05 3.87588E-05 4.15990E-05 4.32437E-05 4.66806E-05 4.83945E-05 4.97584E-05 5.30676E-05 5.34170E-05 5.76746E-05 6.35610E-05 5.23483E-05 5.09940E-05
