Yield function of production of Ti44 by protons, neutrons, alphas, pi+ and pi-, [(Ti44 atoms * cm2) / (g * prim. part. nucleon)] (computed with Geant4.10).
The primaries are alphas.
Energy[GeV/nuc],depths[g/cm2]: 1 3 5 10 15 20 30 40 50 60 74.4
0.01 3.62077E-06 1.19035E-14 1.24598E-14 2.45780E-14 9.21198E-15 7.00087E-15 5.44398E-15 7.26558E-15 0.00000E+00 0.00000E+00 0.00000E+00
0.03 1.34324E-05 1.95209E-07 1.17589E-10 1.09207E-10 9.50649E-11 8.34355E-11 7.69749E-11 7.51204E-11 5.87072E-11 6.09961E-11 6.49109E-11
0.1 1.65403E-05 1.46502E-05 1.10603E-05 7.46002E-06 3.75010E-08 3.26502E-08 3.16208E-08 2.71549E-08 2.73281E-08 2.54586E-08 4.28527E-08
0.18 1.37452E-05 1.38433E-05 1.25243E-05 1.18117E-05 9.53081E-06 7.12753E-06 4.44355E-06 3.71560E-07 3.55372E-07 3.37800E-07 3.04938E-07
0.3 1.62689E-05 1.55155E-05 1.53996E-05 1.48564E-05 1.30283E-05 1.21470E-05 1.11372E-05 1.12401E-05 8.45441E-06 7.08437E-06 4.56819E-06
0.56 2.14005E-05 2.20487E-05 2.24609E-05 2.24903E-05 2.27189E-05 2.28750E-05 2.25781E-05 2.23938E-05 2.27242E-05 2.38718E-05 2.21849E-05
1.0 2.80256E-05 2.88154E-05 2.97850E-05 3.08943E-05 3.22488E-05 3.31581E-05 3.32662E-05 3.52381E-05 3.60433E-05 3.72873E-05 3.69317E-05
3.0 3.66604E-05 3.85993E-05 4.04562E-05 4.13033E-05 4.46567E-05 4.65128E-05 4.88233E-05 5.02720E-05 5.22469E-05 5.25760E-05 5.30887E-05
10.0 4.75261E-05 5.02359E-05 5.40651E-05 5.64012E-05 6.07257E-05 6.41929E-05 6.68263E-05 7.05243E-05 7.41978E-05 7.37314E-05 8.18976E-05
30.0 5.98968E-05 6.27463E-05 6.65861E-05 7.10008E-05 7.56246E-05 8.20532E-05 8.80898E-05 9.40142E-05 9.84876E-05 1.00665E-04 1.04616E-04
100.0 6.54324E-05 7.81240E-05 7.44952E-05 8.47528E-05 8.96301E-05 1.03136E-04 1.09343E-04 1.17989E-04 1.53489E-04 1.65711E-04 1.45171E-04
