Yield function of production of Ti44 by protons, neutrons, alphas, pi+ and pi-, [(Ti44 atoms * cm2) / (g * prim. part. nucleon)] (computed with Geant4.10).
The primaries are protons.
Energy[GeV/nuc],depths[g/cm2]: 1 3 5 10 15 20 30 40 50 60 74.4
0.01 0.00000E+00 0.00000E+00 0.00000E+00 0.00000E+00 0.00000E+00 0.00000E+00 0.00000E+00 0.00000E+00 0.00000E+00 0.00000E+00 0.00000E+00
0.03 9.85926E-09 5.09021E-16 1.81165E-16 0.00000E+00 0.00000E+00 0.00000E+00 0.00000E+00 0.00000E+00 0.00000E+00 0.00000E+00 0.00000E+00
0.1 6.62449E-07 2.70880E-07 6.07672E-08 2.60156E-08 4.86278E-10 4.56195E-10 4.27309E-10 3.72825E-10 3.35813E-10 3.15987E-10 2.57161E-10
0.18 2.54502E-06 1.93901E-06 1.43209E-06 1.06079E-06 5.06370E-07 1.90450E-07 4.33193E-08 1.80940E-08 1.69197E-08 1.69386E-08 1.72246E-08
0.3 5.39018E-06 5.51031E-06 4.94358E-06 4.33365E-06 3.60156E-06 2.85421E-06 2.38183E-06 1.37141E-06 7.83756E-07 3.47455E-07 1.90290E-07
0.56 1.11795E-05 1.13583E-05 1.15829E-05 1.09713E-05 1.03192E-05 9.98872E-06 9.57125E-06 9.56288E-06 8.96660E-06 8.21484E-06 7.74302E-06
1.0 1.54438E-05 1.55036E-05 1.51491E-05 1.50861E-05 1.50448E-05 1.47250E-05 1.48052E-05 1.42849E-05 1.41997E-05 1.35510E-05 1.44497E-05
3.0 1.32077E-05 1.35510E-05 1.36654E-05 1.38879E-05 1.43060E-05 1.47122E-05 1.46632E-05 1.53069E-05 1.56196E-05 1.71950E-05 1.63996E-05
10.0 1.61365E-05 1.66533E-05 1.68193E-05 1.74833E-05 1.84059E-05 1.92060E-05 1.99577E-05 2.03576E-05 2.19384E-05 2.14953E-05 2.14605E-05
30.0 1.80258E-05 1.89097E-05 1.96207E-05 1.95884E-05 2.07776E-05 2.24090E-05 2.25040E-05 2.43006E-05 2.43948E-05 2.55440E-05 2.61507E-05
100.0 2.27678E-05 2.40528E-05 2.50677E-05 2.56251E-05 2.76318E-05 2.85566E-05 2.97911E-05 3.24181E-05 3.26972E-05 3.35779E-05 3.47772E-05
