Yield function of production of Ti44 by protons, neutrons, alphas, pi+ and pi-, [(Ti44 atoms * cm2) / (g * prim. part. nucleon)] (computed with Geant4.10).
The primaries are alphas.
Energy[GeV/nuc],depths[g/cm2]: 1 3 5 10 15 20 30 40 50 60 70 80 90 100 110 120 130 140 150 160 170 186
0.01 3.88039E-07 2.07515E-07 1.81144E-07 1.68641E-07 1.77538E-07 1.60674E-07 1.60073E-07 1.35415E-07 1.19492E-07 1.13480E-07 9.37314E-08 7.68585E-08 6.42831E-08 5.07047E-08 4.02398E-08 2.94503E-08 2.87604E-08 2.74672E-08 2.25755E-08 3.11018E-08 2.06089E-08 2.70510E-08
0.03 3.65569E-06 3.85201E-06 2.94733E-06 2.83408E-06 2.77585E-06 2.74502E-06 2.69174E-06 2.53477E-06 2.35924E-06 2.18404E-06 1.98589E-06 1.74497E-06 1.43173E-06 1.28473E-06 1.24364E-06 1.04134E-06 9.70510E-07 1.00351E-06 8.38437E-07 7.50789E-07 6.21271E-07 7.90985E-07
0.1 4.29019E-05 6.18335E-05 7.44622E-05 7.81193E-05 7.55347E-05 7.56632E-05 7.55004E-05 7.53904E-05 7.41342E-05 7.05568E-05 6.77276E-05 6.22741E-05 5.86757E-05 5.49225E-05 5.12134E-05 4.83233E-05 4.51439E-05 4.33974E-05 3.95187E-05 3.87268E-05 3.57634E-05 3.25125E-05
0.18 1.13710E-04 1.51232E-04 1.88344E-04 2.16675E-04 2.63228E-04 2.90805E-04 3.07912E-04 3.17597E-04 3.16825E-04 3.10876E-04 3.03991E-04 2.90290E-04 2.78274E-04 2.72857E-04 2.58487E-04 2.44349E-04 2.32961E-04 2.26979E-04 2.23770E-04 2.11397E-04 2.15266E-04 2.08302E-04
0.3 2.34865E-04 2.90468E-04 3.62983E-04 4.22899E-04 5.55872E-04 6.53880E-04 7.33467E-04 8.67638E-04 9.39584E-04 9.68718E-04 9.78195E-04 9.58692E-04 9.50896E-04 9.41063E-04 9.17199E-04 8.98354E-04 9.08607E-04 8.84221E-04 8.62597E-04 8.48121E-04 8.62780E-04 8.05715E-04
0.56 4.95748E-04 5.97233E-04 7.44277E-04 8.57027E-04 1.11573E-03 1.35616E-03 1.57801E-03 1.91297E-03 2.21390E-03 2.42148E-03 2.60744E-03 2.70294E-03 2.85068E-03 2.87068E-03 2.93918E-03 2.93739E-03 3.03950E-03 3.07368E-03 2.95108E-03 2.96351E-03 2.99167E-03 2.93596E-03
1.0 8.37819E-04 1.00833E-03 1.24151E-03 1.44798E-03 1.91986E-03 2.34653E-03 2.70884E-03 3.38062E-03 3.92556E-03 4.34835E-03 4.72445E-03 5.00685E-03 5.21904E-03 5.36279E-03 5.51115E-03 5.62514E-03 5.68114E-03 5.78303E-03 5.77249E-03 6.07063E-03 5.75580E-03 5.82248E-03
3.0 1.83694E-03 2.21122E-03 2.72544E-03 3.18317E-03 4.26655E-03 5.08110E-03 5.93013E-03 7.47935E-03 8.75595E-03 9.89530E-03 1.07804E-02 1.14436E-02 1.21539E-02 1.26576E-02 1.30144E-02 1.33619E-02 1.34901E-02 1.36990E-02 1.41606E-02 1.38854E-02 1.41262E-02 1.38135E-02
10.0 4.26113E-03 5.05462E-03 6.27689E-03 7.35308E-03 9.72619E-03 1.19511E-02 1.39923E-02 1.76003E-02 2.07857E-02 2.35960E-02 2.59133E-02 2.76752E-02 2.95657E-02 3.08438E-02 3.19182E-02 3.33718E-02 3.42475E-02 3.49802E-02 3.56225E-02 3.60134E-02 3.67462E-02 3.67493E-02
30.0 8.42474E-03 1.00661E-02 1.24395E-02 1.45134E-02 1.92796E-02 2.36655E-02 2.79843E-02 3.55215E-02 4.21852E-02 4.80536E-02 5.31102E-02 5.76525E-02 6.10154E-02 6.39611E-02 6.74711E-02 6.96109E-02 7.17395E-02 7.39498E-02 7.61642E-02 7.83408E-02 7.89400E-02 7.90396E-02
100.0 1.78588E-02 2.13320E-02 2.62515E-02 3.05699E-02 4.11413E-02 5.02939E-02 5.94450E-02 7.57117E-02 9.09806E-02 1.03394E-01 1.15721E-01 1.24050E-01 1.33685E-01 1.39971E-01 1.46550E-01 1.51130E-01 1.52510E-01 1.57356E-01 1.60572E-01 1.59391E-01 1.66772E-01 1.73561E-01
