Yield function of production of Ti44 by protons, neutrons, alphas, pi+ and pi-, [(Ti44 atoms * cm2) / (g * prim. part. nucleon)] (computed with Geant4.10).
The primaries are protons.
Energy[GeV/nuc],depths[g/cm2]: 1 3 5 10 15 20 30 40 50 60 70 80 90 100 110 120 130 140 150 160 170 186
0.01 2.03967E-04 2.71272E-08 2.30708E-08 2.13749E-08 1.91522E-08 1.76108E-08 1.81981E-08 1.58074E-08 1.37813E-08 1.15613E-08 1.06278E-08 6.85741E-09 5.45848E-09 4.06817E-09 3.15066E-09 1.98505E-09 1.66022E-09 2.15469E-09 1.53665E-09 1.50040E-09 3.25125E-10 0.00000E+00
0.03 2.06638E-04 2.69554E-05 4.06765E-07 3.80315E-07 3.54239E-07 3.43422E-07 3.25836E-07 2.98868E-07 2.63018E-07 2.26247E-07 2.00711E-07 1.61304E-07 1.36817E-07 1.09305E-07 9.33339E-08 7.98755E-08 6.87991E-08 5.16314E-08 3.47615E-08 3.48397E-08 5.29319E-08 2.74179E-08
0.1 2.18240E-04 1.97658E-04 1.51621E-04 1.10208E-04 1.15995E-05 1.12972E-05 1.12151E-05 1.07546E-05 9.92792E-06 8.91990E-06 8.11372E-06 7.37068E-06 6.32115E-06 5.64801E-06 5.30997E-06 4.77898E-06 4.27820E-06 3.62714E-06 3.09315E-06 3.55667E-06 3.13273E-06 2.79098E-06
0.18 3.42471E-05 5.72403E-05 7.31879E-05 9.03060E-05 1.34994E-04 1.39629E-04 1.03684E-04 5.17917E-05 5.02498E-05 4.76578E-05 4.46817E-05 4.14694E-05 3.85798E-05 3.59944E-05 3.35587E-05 3.15618E-05 2.99956E-05 2.76801E-05 2.75783E-05 2.45816E-05 2.37226E-05 2.59689E-05
0.3 5.73725E-05 7.18247E-05 9.09506E-05 1.08939E-04 1.37366E-04 1.62198E-04 1.74918E-04 1.98775E-04 2.06325E-04 2.10316E-04 1.77661E-04 1.57063E-04 1.50669E-04 1.41707E-04 1.36126E-04 1.29768E-04 1.22883E-04 1.17279E-04 1.18255E-04 1.23582E-04 1.08398E-04 1.46541E-04
0.56 1.15391E-04 1.41053E-04 1.71780E-04 2.06561E-04 2.61628E-04 3.14910E-04 3.55946E-04 4.34510E-04 4.78444E-04 5.19324E-04 5.44059E-04 5.64870E-04 5.69421E-04 6.00403E-04 5.70416E-04 5.58437E-04 5.89619E-04 5.68459E-04 5.54952E-04 5.50602E-04 5.48733E-04 5.44510E-04
1.0 2.00349E-04 2.42888E-04 3.04635E-04 3.49679E-04 4.60093E-04 5.51054E-04 6.34055E-04 7.82894E-04 8.95532E-04 9.96073E-04 1.05789E-03 1.12213E-03 1.18052E-03 1.22075E-03 1.22157E-03 1.24618E-03 1.28689E-03 1.22834E-03 1.26535E-03 1.27518E-03 1.24968E-03 1.34048E-03
3.0 4.43045E-04 5.31011E-04 6.54918E-04 7.62614E-04 1.02423E-03 1.25949E-03 1.45330E-03 1.80924E-03 2.12423E-03 2.38989E-03 2.59002E-03 2.76668E-03 2.93538E-03 3.01794E-03 3.11689E-03 3.23220E-03 3.27865E-03 3.30695E-03 3.42497E-03 3.43764E-03 3.39333E-03 3.23549E-03
10.0 1.10658E-03 1.32808E-03 1.66297E-03 1.90049E-03 2.53903E-03 3.08534E-03 3.58217E-03 4.53146E-03 5.29469E-03 5.93237E-03 6.51018E-03 6.97860E-03 7.29078E-03 7.56609E-03 7.73524E-03 7.88025E-03 8.09491E-03 8.19129E-03 8.15737E-03 8.26621E-03 8.42178E-03 8.65925E-03
30.0 1.99632E-03 2.40162E-03 2.96117E-03 3.48841E-03 4.61551E-03 5.63297E-03 6.63761E-03 8.47421E-03 9.95181E-03 1.13962E-02 1.26364E-02 1.36747E-02 1.45001E-02 1.52250E-02 1.59788E-02 1.64187E-02 1.67903E-02 1.71700E-02 1.75251E-02 1.75497E-02 1.80704E-02 1.83977E-02
100.0 4.20670E-03 4.98659E-03 6.21323E-03 7.21298E-03 9.70335E-03 1.19711E-02 1.41204E-02 1.78173E-02 2.14125E-02 2.43262E-02 2.68105E-02 2.92950E-02 3.13731E-02 3.25906E-02 3.47520E-02 3.54201E-02 3.63114E-02 3.69093E-02 3.75592E-02 4.08445E-02 3.89487E-02 3.82793E-02
