Yield function of production of Ti44 by protons, neutrons, alphas, pi+ and pi-, [(Ti44 atoms * cm2) / (g * prim. part. nucleon)] (computed with Geant4.10).
The primaries are protons.
Energy[GeV/nuc],depths[g/cm2]: 1 3 5 10 15 20 30 40 50 60 70 80 90 100 110 120 130 140 150 160 170 186
0.01 0.00000E+00 0.00000E+00 0.00000E+00 0.00000E+00 0.00000E+00 0.00000E+00 0.00000E+00 0.00000E+00 0.00000E+00 0.00000E+00 0.00000E+00 0.00000E+00 0.00000E+00 0.00000E+00 0.00000E+00 0.00000E+00 0.00000E+00 0.00000E+00 0.00000E+00 0.00000E+00 0.00000E+00 0.00000E+00
0.03 9.86073E-09 7.00596E-17 7.16832E-17 7.33635E-17 0.00000E+00 0.00000E+00 0.00000E+00 0.00000E+00 0.00000E+00 0.00000E+00 0.00000E+00 0.00000E+00 0.00000E+00 0.00000E+00 0.00000E+00 0.00000E+00 0.00000E+00 0.00000E+00 0.00000E+00 0.00000E+00 0.00000E+00 0.00000E+00
0.1 6.45625E-07 2.65022E-07 5.82778E-08 2.45626E-08 3.83660E-10 3.31751E-10 2.82835E-10 2.47789E-10 2.02682E-10 1.76909E-10 1.51701E-10 1.43140E-10 1.17043E-10 1.12930E-10 1.25804E-10 1.18349E-10 7.84398E-11 1.11326E-10 6.21726E-11 1.03676E-10 7.07103E-11 1.19153E-10
0.18 2.31997E-06 1.71929E-06 1.31642E-06 9.72778E-07 4.47036E-07 1.60777E-07 3.40308E-08 1.29796E-08 1.13495E-08 1.01078E-08 9.78278E-09 8.54766E-09 8.01089E-09 7.74576E-09 6.66910E-09 7.10264E-09 6.11363E-09 6.04506E-09 5.47244E-09 5.65068E-09 7.62308E-09 6.88846E-09
0.3 5.06698E-06 4.93868E-06 4.35741E-06 3.75603E-06 2.74971E-06 2.10808E-06 1.63068E-06 9.18866E-07 4.60553E-07 1.98232E-07 1.17703E-07 1.08484E-07 1.02807E-07 9.76211E-08 9.19730E-08 9.06199E-08 8.27057E-08 8.05971E-08 7.65189E-08 8.39777E-08 1.08699E-07 7.74116E-08
0.56 9.58777E-06 1.02569E-05 9.57816E-06 9.15767E-06 8.98250E-06 8.21111E-06 7.50021E-06 6.36791E-06 5.37089E-06 4.67045E-06 3.99330E-06 3.32820E-06 2.84545E-06 2.38160E-06 2.09710E-06 1.70468E-06 1.47713E-06 1.22006E-06 1.08621E-06 8.81148E-07 8.74789E-07 7.30891E-07
1.0 1.63981E-05 1.72462E-05 1.84904E-05 1.86256E-05 1.84327E-05 1.93800E-05 1.90960E-05 1.81678E-05 1.77249E-05 1.59366E-05 1.76176E-05 1.44964E-05 1.48881E-05 1.32323E-05 1.31441E-05 1.70101E-05 1.24985E-05 1.21967E-05 1.06086E-05 1.02091E-05 9.68697E-06 9.01417E-06
3.0 3.15621E-05 3.48667E-05 3.88785E-05 5.10030E-05 4.79924E-05 5.23270E-05 5.20950E-05 5.69995E-05 6.00842E-05 6.49375E-05 6.01403E-05 5.96197E-05 6.24210E-05 6.40311E-05 7.82512E-05 6.71647E-05 6.09759E-05 6.52044E-05 5.92652E-05 9.14391E-05 6.63837E-05 5.19535E-05
10.0 8.62627E-05 9.53218E-05 1.11287E-04 1.26971E-04 1.35949E-04 1.50105E-04 1.64520E-04 1.66823E-04 2.00332E-04 2.14474E-04 2.04670E-04 2.07785E-04 2.02326E-04 2.04718E-04 1.99849E-04 2.11851E-04 2.39740E-04 2.22967E-04 2.04452E-04 1.98608E-04 2.24831E-04 1.75454E-04
30.0 1.89791E-04 2.16092E-04 2.37618E-04 2.45538E-04 2.82844E-04 3.15122E-04 3.31336E-04 3.81235E-04 3.76196E-04 4.08073E-04 4.15499E-04 4.28073E-04 4.64706E-04 4.44895E-04 4.67040E-04 4.54978E-04 4.77522E-04 4.59493E-04 5.03603E-04 4.55547E-04 4.76856E-04 8.06259E-04
100.0 4.35294E-04 4.60655E-04 5.00937E-04 5.54553E-04 5.92766E-04 6.41452E-04 6.86029E-04 7.39659E-04 8.72700E-04 9.54968E-04 9.81676E-04 1.03401E-03 1.14218E-03 1.07045E-03 1.03254E-03 1.11889E-03 1.26724E-03 1.17791E-03 1.26510E-03 1.16285E-03 1.15953E-03 1.32410E-03
