Yield function of production of Ti44 by protons, neutrons, alphas, pi+ and pi-, [(Ti44 atoms * cm2) / (g * prim. part. nucleon)] (computed with Geant4.10).
The primaries are protons.
Energy[GeV/nuc],depths[g/cm2]: 1 3 5 10 15 20 30 40 50 60 70 80 90 100 110 120 130 140 150 160 170 186
0.01 0.00000E+00 0.00000E+00 0.00000E+00 0.00000E+00 0.00000E+00 0.00000E+00 0.00000E+00 0.00000E+00 0.00000E+00 0.00000E+00 0.00000E+00 0.00000E+00 0.00000E+00 0.00000E+00 0.00000E+00 0.00000E+00 0.00000E+00 0.00000E+00 0.00000E+00 0.00000E+00 0.00000E+00 0.00000E+00
0.03 9.86073E-09 7.00596E-17 7.16832E-17 7.33635E-17 0.00000E+00 0.00000E+00 0.00000E+00 0.00000E+00 0.00000E+00 0.00000E+00 0.00000E+00 0.00000E+00 0.00000E+00 0.00000E+00 0.00000E+00 0.00000E+00 0.00000E+00 0.00000E+00 0.00000E+00 0.00000E+00 0.00000E+00 0.00000E+00
0.1 6.45625E-07 2.65022E-07 5.82778E-08 2.45626E-08 3.83660E-10 3.31751E-10 2.82835E-10 2.47789E-10 2.02682E-10 1.76909E-10 1.51701E-10 1.43140E-10 1.17043E-10 1.12930E-10 1.25804E-10 1.18349E-10 7.84398E-11 1.11326E-10 6.21726E-11 1.03676E-10 7.07103E-11 1.19153E-10
0.18 2.31997E-06 1.71929E-06 1.31642E-06 9.72778E-07 4.47036E-07 1.60777E-07 3.40308E-08 1.29796E-08 1.13495E-08 1.01078E-08 9.78278E-09 8.54766E-09 8.01089E-09 7.74576E-09 6.66910E-09 7.10264E-09 6.11363E-09 6.04506E-09 5.47244E-09 5.65068E-09 7.62308E-09 6.88846E-09
0.3 5.06547E-06 4.93840E-06 4.35248E-06 3.75599E-06 2.74932E-06 2.10805E-06 1.63068E-06 9.18866E-07 4.60553E-07 1.98232E-07 1.17703E-07 1.08484E-07 1.02807E-07 9.76211E-08 9.19730E-08 9.06199E-08 8.27057E-08 8.05971E-08 7.65189E-08 8.39777E-08 1.08699E-07 7.74116E-08
0.56 8.97819E-06 8.92929E-06 8.95651E-06 8.49429E-06 7.70062E-06 7.47185E-06 6.83897E-06 5.89687E-06 5.04011E-06 4.43951E-06 3.84848E-06 3.22044E-06 2.77441E-06 2.33891E-06 2.05171E-06 1.67789E-06 1.45927E-06 1.20745E-06 1.07359E-06 8.68240E-07 8.74789E-07 7.30891E-07
1.0 1.27562E-05 1.25373E-05 1.26363E-05 1.27103E-05 1.20891E-05 1.16110E-05 1.11176E-05 1.08769E-05 1.04943E-05 9.58444E-06 1.01371E-05 8.81772E-06 8.42633E-06 7.94852E-06 7.93092E-06 7.56860E-06 7.04824E-06 7.24086E-06 6.61128E-06 6.94985E-06 6.48589E-06 7.23709E-06
3.0 1.22917E-05 1.25817E-05 1.28434E-05 1.31929E-05 1.35089E-05 1.39095E-05 1.41673E-05 1.43604E-05 1.49014E-05 1.45945E-05 1.51042E-05 1.49855E-05 1.52145E-05 1.49060E-05 1.52928E-05 1.53463E-05 1.56764E-05 1.49065E-05 1.52043E-05 1.53565E-05 1.59061E-05 1.49544E-05
10.0 1.74312E-05 1.83419E-05 1.91430E-05 1.94058E-05 1.98635E-05 2.18774E-05 2.11370E-05 2.20881E-05 2.32007E-05 2.45169E-05 2.46899E-05 2.45990E-05 2.51776E-05 2.75239E-05 2.59250E-05 2.50766E-05 2.43791E-05 2.54294E-05 2.66029E-05 2.62755E-05 2.65938E-05 2.67659E-05
30.0 2.46338E-05 2.52376E-05 2.57108E-05 2.75776E-05 2.82258E-05 2.96119E-05 3.07443E-05 3.31360E-05 3.47738E-05 3.67837E-05 3.86424E-05 3.89966E-05 3.92371E-05 4.04069E-05 4.08352E-05 4.31882E-05 4.12043E-05 4.21980E-05 4.32140E-05 4.16205E-05 4.37563E-05 4.30141E-05
100.0 4.18263E-05 4.22119E-05 4.41821E-05 4.48652E-05 4.93604E-05 5.09699E-05 5.45820E-05 5.54832E-05 5.97320E-05 6.21038E-05 6.75974E-05 7.01401E-05 7.12664E-05 7.64303E-05 7.78901E-05 8.07733E-05 8.16981E-05 7.97169E-05 9.11168E-05 8.72684E-05 9.16457E-05 7.43931E-05
