Yield function of production of Ti44 by protons, neutrons, alphas, pi+ and pi-, [(Ti44 atoms * cm2) / (g * prim. part. nucleon)] (computed with Geant4.10).
The primaries are alphas.
Energy[GeV/nuc],depths[g/cm2]: 1 3 5 10 15 20 30 40 50 60 70 80 90 100 110 120 130 140 150 160 170 186
0.01 3.62570E-06 3.29574E-15 3.50182E-15 4.03859E-15 3.75150E-15 1.91841E-15 1.27422E-15 2.61228E-15 2.85638E-15 6.78996E-16 5.91643E-16 7.01896E-16 8.46666E-16 9.96345E-16 1.24363E-15 0.00000E+00 0.00000E+00 0.00000E+00 0.00000E+00 0.00000E+00 0.00000E+00 0.00000E+00
0.03 1.34028E-05 1.93099E-07 1.06933E-10 9.46001E-11 7.79749E-11 6.31452E-11 5.91238E-11 4.75773E-11 3.76726E-11 3.34020E-11 2.64576E-11 2.53036E-11 2.62186E-11 2.08584E-11 2.17850E-11 1.80758E-11 2.99636E-11 1.54016E-11 2.18104E-11 1.91897E-11 1.56107E-11 1.29159E-11
0.1 1.56692E-05 1.40573E-05 1.05355E-05 7.02171E-06 3.06148E-08 2.49816E-08 2.29395E-08 1.93303E-08 1.79459E-08 1.55478E-08 1.43111E-08 1.43300E-08 1.22615E-08 1.21393E-08 1.14277E-08 1.18462E-08 1.33448E-08 1.01515E-08 1.04792E-08 1.19544E-08 1.35215E-08 7.98070E-09
0.18 1.23027E-05 1.22540E-05 1.09307E-05 1.01365E-05 8.11054E-06 5.90207E-06 3.52061E-06 2.66464E-07 2.32491E-07 2.09155E-07 2.03076E-07 1.81283E-07 1.71052E-07 1.60212E-07 1.53430E-07 1.53141E-07 1.44524E-07 1.47823E-07 1.36142E-07 1.35395E-07 1.45223E-07 1.32218E-07
0.3 1.33313E-05 1.35376E-05 1.30282E-05 1.22060E-05 1.01940E-05 9.34806E-06 8.09603E-06 6.36155E-06 4.95801E-06 3.56780E-06 2.10808E-06 1.48907E-06 1.36636E-06 1.28316E-06 1.22008E-06 1.19202E-06 1.12927E-06 1.08179E-06 1.03458E-06 1.09029E-06 9.89193E-07 1.02989E-06
0.56 1.76710E-05 1.76708E-05 1.77680E-05 1.77283E-05 1.77976E-05 1.77650E-05 1.74830E-05 1.66521E-05 1.60073E-05 1.49551E-05 1.42341E-05 1.36439E-05 1.33570E-05 1.20930E-05 1.14519E-05 1.07542E-05 1.02368E-05 9.96521E-06 9.89297E-06 9.47022E-06 8.87972E-06 9.59908E-06
1.0 2.40457E-05 2.46493E-05 2.57611E-05 2.74335E-05 2.76541E-05 2.89484E-05 2.94850E-05 3.04912E-05 3.05174E-05 2.95498E-05 2.97710E-05 2.97890E-05 2.90936E-05 2.87203E-05 2.82507E-05 2.89241E-05 2.85382E-05 2.79115E-05 2.74718E-05 3.12227E-05 2.85408E-05 2.95724E-05
3.0 3.65881E-05 3.92763E-05 4.06438E-05 4.24439E-05 4.49748E-05 4.84336E-05 4.89381E-05 5.10109E-05 5.33724E-05 5.52864E-05 5.60416E-05 5.87042E-05 5.81417E-05 5.90197E-05 5.89259E-05 5.97492E-05 6.12003E-05 6.15348E-05 5.89192E-05 5.92016E-05 5.59995E-05 5.97570E-05
10.0 5.59338E-05 5.89830E-05 6.17730E-05 6.50411E-05 7.17052E-05 7.54188E-05 7.93080E-05 8.50045E-05 9.05215E-05 9.35314E-05 9.54504E-05 9.66663E-05 1.01082E-04 1.04157E-04 1.05704E-04 1.06428E-04 1.12457E-04 1.03814E-04 1.04314E-04 1.09230E-04 1.05066E-04 1.17127E-04
30.0 8.87031E-05 9.11136E-05 9.71016E-05 1.01645E-04 1.09136E-04 1.14968E-04 1.22264E-04 1.33391E-04 1.42882E-04 1.49685E-04 1.54554E-04 1.57809E-04 1.69872E-04 1.70655E-04 1.69420E-04 1.73604E-04 1.78661E-04 1.96363E-04 1.83502E-04 1.73385E-04 1.72777E-04 1.78643E-04
100.0 1.39347E-04 1.45398E-04 1.57498E-04 1.61635E-04 1.86698E-04 1.86749E-04 1.93482E-04 2.09294E-04 2.30512E-04 2.45301E-04 2.74187E-04 2.77757E-04 2.90686E-04 2.97216E-04 3.09447E-04 3.16081E-04 3.35374E-04 3.65972E-04 3.82310E-04 3.86154E-04 4.51832E-04 3.29847E-04
