Yield function of production of Ti44 by protons, neutrons, alphas, pi+ and pi-, [(Ti44 atoms * cm2) / (g * prim. part. nucleon)] (computed with Geant4.10).
The primaries are alphas.
Energy[GeV/nuc],depths[g/cm2]: 1 3 5 10 15 20 30 40 50 60 70 80 90 100 110 120 130 140 150 160 170 186
0.01 3.62570E-06 3.29574E-15 3.50182E-15 4.03859E-15 3.75150E-15 1.91841E-15 1.27422E-15 2.61228E-15 2.85638E-15 6.78996E-16 5.91643E-16 7.01896E-16 8.46666E-16 9.96345E-16 1.24363E-15 0.00000E+00 0.00000E+00 0.00000E+00 0.00000E+00 0.00000E+00 0.00000E+00 0.00000E+00
0.03 1.34028E-05 1.93099E-07 1.06933E-10 9.46001E-11 7.79749E-11 6.31452E-11 5.91238E-11 4.75773E-11 3.76726E-11 3.34020E-11 2.64576E-11 2.53036E-11 2.62186E-11 2.08584E-11 2.17850E-11 1.80758E-11 2.99636E-11 1.54016E-11 2.18104E-11 1.91897E-11 1.56107E-11 1.29159E-11
0.1 1.56692E-05 1.40573E-05 1.05355E-05 7.02171E-06 3.06148E-08 2.49816E-08 2.29395E-08 1.93303E-08 1.79459E-08 1.55478E-08 1.43111E-08 1.43300E-08 1.22615E-08 1.21393E-08 1.14277E-08 1.18462E-08 1.33448E-08 1.01515E-08 1.04792E-08 1.19544E-08 1.35215E-08 7.98070E-09
0.18 1.23027E-05 1.22540E-05 1.09307E-05 1.01365E-05 8.11056E-06 5.90212E-06 3.52076E-06 2.66464E-07 2.32491E-07 2.09156E-07 2.03127E-07 1.81283E-07 1.71052E-07 1.60212E-07 1.53430E-07 1.53141E-07 1.44524E-07 1.47823E-07 1.36142E-07 1.35395E-07 1.45223E-07 1.32218E-07
0.3 1.33336E-05 1.35435E-05 1.30319E-05 1.22161E-05 1.02035E-05 9.35645E-06 8.10450E-06 6.36491E-06 4.96004E-06 3.56986E-06 2.10998E-06 1.49261E-06 1.37488E-06 1.28629E-06 1.22160E-06 1.19280E-06 1.13127E-06 1.08481E-06 1.03458E-06 1.09029E-06 9.89193E-07 1.02989E-06
0.56 1.91213E-05 1.92617E-05 2.07337E-05 2.02120E-05 2.01884E-05 1.99719E-05 1.95628E-05 1.83290E-05 1.78546E-05 1.61315E-05 1.50864E-05 1.43384E-05 1.39350E-05 1.26912E-05 1.18552E-05 1.11977E-05 1.05807E-05 1.02856E-05 1.02651E-05 9.64035E-06 9.06627E-06 9.77001E-06
1.0 3.57082E-05 3.99734E-05 4.39192E-05 4.96496E-05 4.76199E-05 5.82115E-05 5.26044E-05 5.58547E-05 5.37436E-05 5.48911E-05 6.21660E-05 5.20673E-05 4.96406E-05 5.84815E-05 4.97342E-05 4.98848E-05 4.50156E-05 4.53555E-05 8.58420E-05 4.59362E-05 4.35666E-05 4.30663E-05
3.0 1.13481E-04 1.25791E-04 1.39605E-04 1.51919E-04 1.63058E-04 2.04728E-04 1.90307E-04 2.11989E-04 2.27735E-04 2.37857E-04 2.43331E-04 2.38902E-04 2.49088E-04 2.53401E-04 2.39963E-04 2.29466E-04 2.53347E-04 2.31991E-04 2.31053E-04 2.19965E-04 2.00681E-04 3.27719E-04
10.0 3.36409E-04 3.80089E-04 4.43573E-04 4.61265E-04 5.44313E-04 6.31763E-04 6.26978E-04 7.75959E-04 7.53733E-04 7.90688E-04 7.88498E-04 8.03352E-04 7.93564E-04 8.88078E-04 8.52916E-04 8.60954E-04 8.74611E-04 8.69108E-04 8.12919E-04 8.50491E-04 8.67399E-04 9.30094E-04
30.0 7.83699E-04 8.59461E-04 9.62346E-04 1.04930E-03 1.13010E-03 1.28279E-03 1.38959E-03 1.53427E-03 1.84001E-03 1.74986E-03 1.79573E-03 1.83807E-03 2.00119E-03 1.91963E-03 1.96114E-03 2.11306E-03 2.08449E-03 2.09622E-03 2.17242E-03 2.01035E-03 2.18947E-03 1.86494E-03
100.0 1.79339E-03 1.85876E-03 2.04755E-03 2.17526E-03 2.53611E-03 2.67066E-03 2.77686E-03 3.15728E-03 3.10362E-03 3.48453E-03 3.92537E-03 3.91999E-03 3.97808E-03 4.21924E-03 4.43506E-03 4.28581E-03 5.68561E-03 4.83745E-03 6.70063E-03 5.08864E-03 6.36077E-03 5.89488E-03
