Yield function of production of Ti44 by protons, neutrons, alphas, [(Ti44 atoms * cm2) / (g * prim. part. nucleon)] (computed with Geant4.10).
The primaries are alphas.
Energy[GeV/nuc],depths[g/cm2]: 1 3 5 10 15 20 30 40 50 60 70 80 90 100 110 120 130 140 150 160 170 180 190 200 210 220 230 240 250 260 270 279
0.01 8.07810E-07 6.24680E-13 6.43202E-13 9.01456E-13 3.47994E-13 2.94421E-13 2.85253E-13 1.77979E-13 1.74202E-13 1.10325E-13 8.16257E-14 7.90040E-14 6.29921E-14 5.36559E-14 3.38508E-14 1.72790E-14 1.96547E-14 2.21900E-14 2.56942E-14 3.01261E-14 3.58571E-14 2.98894E-14 3.65690E-14 4.54445E-14 5.07287E-14 6.79063E-14 0.00000E+00 0.00000E+00 0.00000E+00 0.00000E+00 0.00000E+00 0.00000E+00
0.03 4.52117E-07 3.90767E-08 8.32397E-10 7.02011E-10 5.64256E-10 4.66486E-10 3.86483E-10 3.07331E-10 2.49010E-10 2.15657E-10 1.96641E-10 1.49675E-10 1.20681E-10 1.02335E-10 9.85087E-11 9.39844E-11 6.65067E-11 6.03401E-11 5.07121E-11 4.33029E-11 3.27719E-11 4.07293E-11 3.07152E-11 2.76602E-11 2.25977E-11 1.33671E-11 3.92003E-11 1.28633E-11 1.52078E-11 9.45833E-12 2.23017E-11 0.00000E+00
0.1 3.11897E-07 3.11999E-07 2.74496E-07 2.22563E-07 4.14109E-08 3.52561E-08 3.01288E-08 2.43818E-08 2.11357E-08 1.82315E-08 1.61682E-08 1.42394E-08 1.29675E-08 1.15627E-08 1.07004E-08 9.39655E-09 8.30039E-09 7.95992E-09 7.31604E-09 7.07664E-09 6.30523E-09 6.25492E-09 5.63832E-09 5.00685E-09 4.86517E-09 6.24349E-09 4.17531E-09 5.13366E-09 4.60517E-09 4.23800E-09 2.02099E-09 2.18430E-09
0.18 3.08643E-07 3.44926E-07 3.54998E-07 3.49669E-07 3.32962E-07 2.88613E-07 2.36752E-07 1.35883E-07 1.16533E-07 1.02412E-07 9.50405E-08 8.17297E-08 7.43301E-08 7.18481E-08 6.30443E-08 5.78412E-08 5.56269E-08 5.37254E-08 4.79743E-08 4.68311E-08 4.51114E-08 4.09921E-08 3.86520E-08 3.87065E-08 3.42165E-08 3.27654E-08 3.24999E-08 3.20240E-08 3.24038E-08 2.50315E-08 3.29017E-08 4.78859E-08
0.3 4.22886E-07 4.64681E-07 4.94640E-07 5.67152E-07 5.69402E-07 5.70757E-07 5.64423E-07 5.22514E-07 4.95447E-07 4.37638E-07 3.97676E-07 3.37473E-07 3.20766E-07 2.97872E-07 2.73997E-07 2.57837E-07 2.28510E-07 2.13070E-07 2.18321E-07 1.92363E-07 1.97833E-07 1.90150E-07 1.84715E-07 1.79030E-07 1.61466E-07 1.57392E-07 1.65811E-07 1.60549E-07 1.80399E-07 1.55847E-07 1.72769E-07 1.92631E-07
0.56 3.78612E-06 4.71752E-06 5.70283E-06 7.67740E-06 6.92773E-06 7.06712E-06 6.25110E-06 5.53076E-06 4.64886E-06 4.01118E-06 3.34024E-06 3.01748E-06 2.61463E-06 2.46342E-06 2.11994E-06 2.05647E-06 1.92085E-06 1.75151E-06 1.63784E-06 2.22674E-06 1.38971E-06 1.62863E-06 1.10308E-06 9.86625E-07 1.08583E-06 1.11679E-06 1.23845E-06 1.50201E-06 1.00829E-06 1.08613E-06 6.92994E-07 7.58624E-07
1.0 3.62243E-05 3.01456E-05 4.74898E-05 5.05232E-05 5.44694E-05 5.76292E-05 5.37930E-05 5.70901E-05 5.35366E-05 5.24589E-05 4.95620E-05 4.57746E-05 4.52740E-05 4.13166E-05 3.48364E-05 3.96578E-05 6.39440E-05 2.88752E-05 8.53196E-05 3.45235E-05 3.11244E-05 1.94028E-05 1.91629E-05 1.74332E-05 1.84499E-05 1.73082E-05 1.80622E-05 1.62810E-05 1.47739E-05 1.13043E-05 1.48866E-05 9.22618E-06
3.0 1.52426E-04 1.63200E-04 1.97699E-04 2.14382E-04 2.51770E-04 2.67642E-04 3.05023E-04 3.59521E-04 3.59737E-04 3.29371E-04 3.27050E-04 3.42784E-04 3.44340E-04 3.51862E-04 3.17750E-04 3.26909E-04 2.90630E-04 3.40937E-04 3.22763E-04 3.39189E-04 2.74818E-04 3.06981E-04 2.62491E-04 2.79859E-04 2.71471E-04 2.69180E-04 2.56336E-04 2.78147E-04 2.34623E-04 2.22363E-04 2.49671E-04 1.68429E-04
10.0 5.60770E-04 6.71095E-04 7.45250E-04 8.62367E-04 9.65397E-04 1.09735E-03 1.16531E-03 1.30824E-03 1.42320E-03 1.41989E-03 1.44992E-03 1.43924E-03 1.52192E-03 1.54527E-03 1.62872E-03 1.75361E-03 1.50020E-03 1.48056E-03 1.40206E-03 1.39991E-03 1.39377E-03 1.36677E-03 1.34443E-03 1.52232E-03 1.42552E-03 1.35489E-03 1.34326E-03 1.27058E-03 1.40190E-03 5.36370E-03 1.22819E-03 1.27714E-03
30.0 1.51502E-03 1.72079E-03 1.94676E-03 2.13751E-03 2.48489E-03 2.54894E-03 2.91464E-03 3.34343E-03 3.56915E-03 3.68839E-03 3.89492E-03 3.97445E-03 4.06434E-03 4.20265E-03 4.36653E-03 4.38713E-03 4.25587E-03 4.27307E-03 4.45199E-03 4.71968E-03 4.85229E-03 4.40729E-03 4.24668E-03 4.16734E-03 4.07947E-03 4.97159E-03 3.97103E-03 4.48371E-03 4.23947E-03 3.89494E-03 3.96426E-03 4.10727E-03
100.0 4.11118E-03 4.31520E-03 4.83824E-03 5.11957E-03 5.81936E-03 6.28672E-03 7.07566E-03 8.48392E-03 8.58043E-03 9.23487E-03 9.90768E-03 9.84986E-03 1.07374E-02 9.69152E-03 1.02584E-02 9.70126E-03 1.02269E-02 1.04879E-02 1.06412E-02 1.07408E-02 1.08459E-02 1.04503E-02 9.92850E-03 9.92426E-03 1.04189E-02 8.37673E-03 9.47953E-03 8.54180E-03 8.62314E-03 1.14190E-02 1.14295E-02 7.31512E-03
