Yield function of production of Ti44 by protons, neutrons, alphas, [(Ti44 atoms * cm2) / (g * prim. part. nucleon)] (computed with Geant4.10).
The primaries are protons.
Energy[GeV/nuc],depths[g/cm2]: 1 3 5 10 15 20 30 40 50 60 70 80 90 100 110 120 130 140 150 160 170 180 190 200 210 220 230 240 250 260 270 279
0.01 1.06977E-04 2.70860E-08 2.27505E-08 2.15921E-08 1.94524E-08 1.85190E-08 1.76197E-08 1.69895E-08 1.27955E-08 1.00978E-08 8.62161E-09 6.23189E-09 4.68098E-09 2.79528E-09 1.88807E-09 2.07817E-09 1.39688E-09 1.22072E-09 7.98922E-10 6.14891E-10 4.69249E-10 2.63023E-10 5.89093E-11 1.65617E-10 7.56109E-14 1.10693E-13 0.00000E+00 0.00000E+00 0.00000E+00 0.00000E+00 0.00000E+00 0.00000E+00
0.03 1.08633E-04 1.43944E-05 4.35946E-07 4.04241E-07 3.76606E-07 3.62008E-07 3.41771E-07 3.09263E-07 2.62786E-07 2.21495E-07 1.81142E-07 1.42825E-07 1.16451E-07 9.22132E-08 6.82475E-08 5.53578E-08 4.17633E-08 3.31653E-08 2.69848E-08 2.08431E-08 1.65272E-08 1.26413E-08 9.72473E-09 8.34081E-09 5.49111E-09 3.98157E-09 3.99193E-09 3.28353E-10 9.92764E-10 6.78453E-09 2.88474E-08 0.00000E+00
0.1 1.17434E-04 1.07531E-04 8.44553E-05 6.32703E-05 1.19993E-05 1.14645E-05 1.12378E-05 1.04031E-05 9.51530E-06 8.43681E-06 7.11388E-06 6.25560E-06 5.46304E-06 4.98706E-06 4.04695E-06 3.37103E-06 3.06550E-06 2.60694E-06 2.09416E-06 1.77197E-06 1.48030E-06 1.29125E-06 1.26741E-06 1.12939E-06 8.68967E-07 7.05421E-07 5.38870E-07 8.28738E-07 6.44313E-07 2.16141E-07 4.73308E-08 0.00000E+00
0.18 2.77352E-05 4.13625E-05 5.40403E-05 6.58942E-05 9.25639E-05 9.65816E-05 7.90124E-05 5.11103E-05 4.72439E-05 4.38720E-05 4.01034E-05 3.60234E-05 3.20404E-05 2.90771E-05 2.60825E-05 2.34276E-05 2.07699E-05 1.85728E-05 1.75887E-05 1.58019E-05 1.42545E-05 1.30613E-05 1.18713E-05 1.13299E-05 1.14516E-05 1.00215E-05 9.82779E-06 1.08368E-05 9.32403E-06 9.53292E-06 7.88422E-06 5.36541E-06
0.3 5.24333E-05 6.62332E-05 8.28412E-05 9.67197E-05 1.20556E-04 1.38920E-04 1.53391E-04 1.72947E-04 1.78816E-04 1.75480E-04 1.55410E-04 1.34656E-04 1.26990E-04 1.16347E-04 1.05457E-04 9.64924E-05 9.19752E-05 8.24091E-05 7.70262E-05 7.11627E-05 6.69228E-05 6.79105E-05 6.16277E-05 5.96415E-05 5.99297E-05 5.36941E-05 5.43468E-05 5.20556E-05 4.99304E-05 4.78118E-05 3.85237E-05 5.19942E-05
0.56 1.08311E-04 1.30734E-04 1.63393E-04 1.88621E-04 2.46704E-04 2.94419E-04 3.37968E-04 4.01352E-04 4.40709E-04 4.66359E-04 4.83696E-04 4.91508E-04 4.82210E-04 4.70768E-04 4.60969E-04 4.48614E-04 4.25590E-04 4.00446E-04 3.85844E-04 3.73403E-04 3.54410E-04 3.43951E-04 3.24508E-04 3.10271E-04 2.93703E-04 2.74631E-04 2.83690E-04 2.70142E-04 2.51934E-04 2.53065E-04 2.39598E-04 2.50137E-04
1.0 1.97087E-04 2.39621E-04 2.92410E-04 3.44301E-04 4.52096E-04 5.47698E-04 6.31481E-04 7.69301E-04 8.67857E-04 9.42219E-04 1.00664E-03 1.03216E-03 1.05063E-03 1.07180E-03 1.06163E-03 1.07563E-03 1.06935E-03 1.04314E-03 1.04207E-03 1.03296E-03 1.02038E-03 1.02315E-03 9.80936E-04 9.84374E-04 9.72653E-04 9.64154E-04 9.63105E-04 9.52410E-04 9.38726E-04 9.10461E-04 9.38522E-04 9.09280E-04
3.0 4.62905E-04 5.54570E-04 6.98796E-04 8.03970E-04 1.06943E-03 1.30126E-03 1.50834E-03 1.89078E-03 2.19556E-03 2.42469E-03 2.64031E-03 2.80637E-03 2.88869E-03 2.96103E-03 3.07002E-03 3.19598E-03 3.21125E-03 3.20834E-03 3.27445E-03 3.28559E-03 3.24381E-03 3.32090E-03 3.30227E-03 3.35972E-03 3.23835E-03 3.15240E-03 3.21469E-03 3.21509E-03 3.14801E-03 3.40562E-03 3.20738E-03 3.19942E-03
10.0 1.20562E-03 1.43771E-03 1.77755E-03 2.06662E-03 2.75516E-03 3.37873E-03 3.94113E-03 4.95323E-03 5.70212E-03 6.39185E-03 6.91200E-03 7.29650E-03 7.71693E-03 8.02043E-03 8.20612E-03 8.35560E-03 8.55948E-03 8.72413E-03 8.84725E-03 8.80156E-03 8.76406E-03 9.07006E-03 8.94471E-03 8.83971E-03 9.05484E-03 8.93220E-03 8.98946E-03 8.75845E-03 8.87170E-03 9.01699E-03 8.82702E-03 8.88378E-03
30.0 2.36392E-03 2.82223E-03 3.49137E-03 4.09823E-03 5.48594E-03 6.75900E-03 7.90354E-03 9.97270E-03 1.18029E-02 1.34039E-02 1.48448E-02 1.59621E-02 1.70044E-02 1.78633E-02 1.87657E-02 1.94958E-02 2.00250E-02 2.04480E-02 2.09920E-02 2.15207E-02 2.18242E-02 2.21138E-02 2.25785E-02 2.25614E-02 2.27821E-02 2.33334E-02 2.32540E-02 2.35156E-02 2.37987E-02 2.45091E-02 2.29401E-02 2.27007E-02
100.0 5.46419E-03 6.48496E-03 8.01122E-03 9.36977E-03 1.24867E-02 1.53783E-02 1.80737E-02 2.30107E-02 2.71413E-02 3.11496E-02 3.43713E-02 3.74133E-02 3.99494E-02 4.22051E-02 4.43353E-02 4.59656E-02 4.73193E-02 4.98331E-02 5.06388E-02 5.18620E-02 5.28642E-02 5.30308E-02 5.42127E-02 5.45678E-02 5.45940E-02 5.44256E-02 5.50040E-02 5.54135E-02 5.51254E-02 5.40323E-02 5.81762E-02 5.72173E-02
