Yield function of production of Ti44 by protons, neutrons, alphas, [(Ti44 atoms * cm2) / (g * prim. part. nucleon)] (computed with Geant4.10).
The primaries are protons.
Energy[GeV/nuc],depths[g/cm2]: 1 3 5 10 15 20 30 40 50 60 70 80 90 100 110 120 130 140 150 160 170 180 190 200 210 220 230 240 250 260 270 279
0.01 7.65534E-08 0.00000E+00 0.00000E+00 0.00000E+00 0.00000E+00 0.00000E+00 0.00000E+00 0.00000E+00 0.00000E+00 0.00000E+00 0.00000E+00 0.00000E+00 0.00000E+00 0.00000E+00 0.00000E+00 0.00000E+00 0.00000E+00 0.00000E+00 0.00000E+00 0.00000E+00 0.00000E+00 0.00000E+00 0.00000E+00 0.00000E+00 0.00000E+00 0.00000E+00 0.00000E+00 0.00000E+00 0.00000E+00 0.00000E+00 0.00000E+00 0.00000E+00
0.03 1.46102E-07 3.28487E-09 6.21656E-13 5.75453E-13 3.57052E-13 2.96206E-13 2.23860E-13 1.74552E-13 1.15121E-13 8.76140E-14 4.71017E-14 3.46016E-14 1.99699E-14 1.17257E-14 1.19668E-14 9.60256E-15 1.38243E-14 8.18875E-15 4.39910E-15 3.02370E-17 3.61440E-17 0.00000E+00 0.00000E+00 0.00000E+00 0.00000E+00 0.00000E+00 0.00000E+00 0.00000E+00 0.00000E+00 0.00000E+00 0.00000E+00 0.00000E+00
0.1 3.08531E-07 3.13061E-07 2.72045E-07 2.03250E-07 3.00889E-09 2.55781E-09 2.18765E-09 1.56352E-09 1.30780E-09 1.14200E-09 9.98860E-10 8.66435E-10 7.11718E-10 6.00703E-10 4.89361E-10 4.31770E-10 3.91540E-10 3.40569E-10 3.73713E-10 2.48855E-10 3.68812E-10 1.84621E-10 2.23889E-10 2.04317E-10 2.41927E-10 1.43045E-10 1.26667E-10 2.15939E-10 1.14126E-10 1.39011E-10 2.29879E-10 0.00000E+00
0.18 2.70397E-07 2.82777E-07 2.59656E-07 2.46037E-07 2.06016E-07 1.61915E-07 1.09612E-07 1.55298E-08 1.30279E-08 1.12511E-08 9.90258E-09 9.00010E-09 7.92699E-09 7.11144E-09 6.45056E-09 5.96962E-09 5.78087E-09 4.96553E-09 4.52015E-09 4.16071E-09 4.16984E-09 3.71770E-09 3.55952E-09 3.40824E-09 3.63124E-09 2.98895E-09 3.18307E-09 2.72405E-09 3.44135E-09 3.93621E-09 2.00691E-09 2.78942E-09
0.3 2.76108E-07 2.83361E-07 2.74673E-07 2.74205E-07 2.52574E-07 2.36667E-07 2.20628E-07 1.87256E-07 1.47860E-07 1.06326E-07 6.46371E-08 3.89442E-08 3.68481E-08 3.29888E-08 2.95686E-08 2.83851E-08 2.70846E-08 2.47935E-08 2.30392E-08 2.19180E-08 2.09500E-08 2.05324E-08 2.00761E-08 1.91776E-08 2.02947E-08 1.60237E-08 1.63305E-08 1.45518E-08 1.49261E-08 1.56308E-08 1.17974E-08 8.41493E-09
0.56 2.82697E-07 2.92326E-07 3.09236E-07 3.10466E-07 3.15789E-07 3.29013E-07 3.40539E-07 3.16204E-07 2.99025E-07 2.85953E-07 2.78608E-07 2.61308E-07 2.45711E-07 2.24915E-07 2.06480E-07 1.92313E-07 1.76113E-07 1.63304E-07 1.51553E-07 1.36256E-07 1.22553E-07 1.05373E-07 9.76675E-08 9.40381E-08 1.03021E-07 9.81945E-08 9.44777E-08 9.29493E-08 8.70500E-08 8.20521E-08 8.59688E-08 1.02233E-07
1.0 3.22429E-07 3.56069E-07 3.76037E-07 3.94551E-07 4.08492E-07 4.31758E-07 4.48768E-07 4.49577E-07 4.62963E-07 4.64072E-07 4.61116E-07 4.55698E-07 4.49759E-07 4.40117E-07 4.37210E-07 4.34297E-07 4.10350E-07 4.02617E-07 3.96481E-07 3.98134E-07 3.96590E-07 3.95368E-07 3.77329E-07 3.43547E-07 3.86203E-07 3.56015E-07 3.65582E-07 3.40259E-07 3.52067E-07 3.37399E-07 3.32621E-07 2.76541E-07
3.0 5.57297E-07 5.88125E-07 6.53956E-07 6.66657E-07 7.34769E-07 7.64381E-07 8.04936E-07 9.00880E-07 9.08858E-07 9.61645E-07 9.90116E-07 1.01439E-06 1.00085E-06 1.03065E-06 1.04565E-06 1.06286E-06 1.05874E-06 1.08611E-06 1.11668E-06 1.05403E-06 1.07643E-06 1.12950E-06 1.04395E-06 1.09261E-06 1.05902E-06 1.06656E-06 1.02965E-06 1.19449E-06 1.08572E-06 1.18859E-06 1.11905E-06 1.22182E-06
10.0 1.22193E-06 1.30031E-06 1.40009E-06 1.48973E-06 1.64835E-06 1.75951E-06 1.88025E-06 2.03108E-06 2.17250E-06 2.24360E-06 2.36259E-06 2.38973E-06 2.47882E-06 2.50700E-06 2.48453E-06 2.56816E-06 2.59419E-06 2.54209E-06 2.59602E-06 2.56983E-06 2.60471E-06 2.60414E-06 2.68181E-06 2.55902E-06 2.99506E-06 2.74618E-06 2.49932E-06 2.48815E-06 2.63031E-06 2.71468E-06 2.46360E-06 2.63400E-06
30.0 2.18716E-06 2.31828E-06 2.46432E-06 2.57506E-06 2.84012E-06 3.06447E-06 3.27065E-06 3.65435E-06 3.99827E-06 4.27693E-06 4.49978E-06 4.72582E-06 4.90085E-06 5.13787E-06 5.24042E-06 5.40930E-06 5.58756E-06 5.62120E-06 5.76307E-06 5.88463E-06 6.05690E-06 6.07877E-06 6.32781E-06 6.21558E-06 6.33174E-06 6.35134E-06 6.19857E-06 6.26225E-06 6.25631E-06 6.40017E-06 5.75766E-06 6.27926E-06
100.0 4.78356E-06 5.01038E-06 5.35882E-06 5.59895E-06 6.25372E-06 6.69109E-06 7.14512E-06 7.96785E-06 8.75054E-06 9.33955E-06 9.90643E-06 1.04933E-05 1.11168E-05 1.14248E-05 1.19666E-05 1.22176E-05 1.24579E-05 1.32339E-05 1.31064E-05 1.41107E-05 1.37499E-05 1.39420E-05 1.50552E-05 1.42609E-05 1.41127E-05 1.40981E-05 1.46449E-05 1.43365E-05 1.60878E-05 1.47302E-05 1.43371E-05 1.46296E-05
