Yield function of production of Ti44 by protons, neutrons, alphas, pi+ and pi-, [(Ti44 atoms * cm2) / (g * prim. part. nucleon)] (computed with Geant4.10).
The primaries are protons.
Energy[GeV/nuc],depths[g/cm2]: 1 3 5 10 15 20 30 40 50 60 70 80 90 100 110 120 130 140 150 160 170 180 190 200 210 220 230 240 250 260 270 279
0.01 1.06977E-04 2.70860E-08 2.27505E-08 2.15921E-08 1.94524E-08 1.85190E-08 1.76197E-08 1.69895E-08 1.27955E-08 1.00978E-08 8.62161E-09 6.23189E-09 4.68098E-09 2.79528E-09 1.88807E-09 2.07817E-09 1.39688E-09 1.22072E-09 7.98922E-10 6.14891E-10 4.69249E-10 2.63023E-10 5.89093E-11 1.65617E-10 7.56109E-14 1.10693E-13 0.00000E+00 0.00000E+00 0.00000E+00 0.00000E+00 0.00000E+00 0.00000E+00
0.03 1.08633E-04 1.43944E-05 4.35946E-07 4.04241E-07 3.76606E-07 3.62008E-07 3.41771E-07 3.09263E-07 2.62786E-07 2.21495E-07 1.81142E-07 1.42825E-07 1.16451E-07 9.22132E-08 6.82475E-08 5.53578E-08 4.17633E-08 3.31653E-08 2.69848E-08 2.08431E-08 1.65272E-08 1.26413E-08 9.72473E-09 8.34081E-09 5.49111E-09 3.98157E-09 3.99193E-09 3.28353E-10 9.92764E-10 6.78453E-09 2.88474E-08 0.00000E+00
0.1 1.17434E-04 1.07531E-04 8.44553E-05 6.32703E-05 1.19993E-05 1.14645E-05 1.12378E-05 1.04031E-05 9.51530E-06 8.43681E-06 7.11388E-06 6.25560E-06 5.46304E-06 4.98706E-06 4.04695E-06 3.37103E-06 3.06550E-06 2.60694E-06 2.09416E-06 1.77197E-06 1.48030E-06 1.29125E-06 1.26741E-06 1.12939E-06 8.68967E-07 7.05421E-07 5.38870E-07 8.28738E-07 6.44313E-07 2.16141E-07 4.73308E-08 0.00000E+00
0.18 2.77352E-05 4.13625E-05 5.40403E-05 6.58942E-05 9.25639E-05 9.65816E-05 7.90124E-05 5.11103E-05 4.72439E-05 4.38720E-05 4.01034E-05 3.60234E-05 3.20404E-05 2.90771E-05 2.60825E-05 2.34276E-05 2.07699E-05 1.85728E-05 1.75887E-05 1.58019E-05 1.42545E-05 1.30613E-05 1.18713E-05 1.13299E-05 1.14516E-05 1.00215E-05 9.82779E-06 1.08368E-05 9.32403E-06 9.53292E-06 7.88422E-06 5.36541E-06
0.3 5.24345E-05 6.62365E-05 8.28452E-05 9.67201E-05 1.20556E-04 1.38921E-04 1.53391E-04 1.72947E-04 1.78816E-04 1.75480E-04 1.55410E-04 1.34656E-04 1.26990E-04 1.16347E-04 1.05457E-04 9.64924E-05 9.19752E-05 8.24091E-05 7.70262E-05 7.11627E-05 6.69228E-05 6.79105E-05 6.16277E-05 5.96415E-05 5.99297E-05 5.36941E-05 5.43468E-05 5.20556E-05 4.99304E-05 4.78118E-05 3.85237E-05 5.19942E-05
0.56 1.09333E-04 1.33186E-04 1.65220E-04 1.90348E-04 2.48339E-04 2.96105E-04 3.39589E-04 4.02327E-04 4.41413E-04 4.66846E-04 4.83977E-04 4.91697E-04 4.82321E-04 4.70834E-04 4.61022E-04 4.48638E-04 4.25608E-04 4.00467E-04 3.85854E-04 3.73407E-04 3.54412E-04 3.43952E-04 3.24513E-04 3.10271E-04 2.93703E-04 2.74637E-04 2.83690E-04 2.70142E-04 2.51934E-04 2.53065E-04 2.39617E-04 2.50137E-04
1.0 2.03347E-04 2.49925E-04 3.02092E-04 3.57938E-04 4.68289E-04 5.63295E-04 6.45632E-04 7.82197E-04 8.90609E-04 9.54740E-04 1.02376E-03 1.04800E-03 1.05881E-03 1.07938E-03 1.06814E-03 1.08352E-03 1.07565E-03 1.04764E-03 1.05405E-03 1.03638E-03 1.02349E-03 1.02591E-03 9.84067E-04 9.86567E-04 9.74327E-04 9.67112E-04 9.64712E-04 9.53442E-04 9.39483E-04 9.11195E-04 9.38760E-04 9.09280E-04
3.0 5.07660E-04 5.99234E-04 7.51456E-04 8.63555E-04 1.14327E-03 1.38068E-03 1.58400E-03 1.97179E-03 2.27940E-03 2.51373E-03 2.72308E-03 2.91537E-03 2.97362E-03 3.03754E-03 3.15672E-03 3.27373E-03 3.29332E-03 3.28273E-03 3.34819E-03 3.35591E-03 3.31623E-03 3.38407E-03 3.36631E-03 3.42629E-03 3.29664E-03 3.21540E-03 3.28294E-03 3.27448E-03 3.20834E-03 3.45478E-03 3.25925E-03 3.27672E-03
10.0 1.33939E-03 1.59992E-03 1.98803E-03 2.26674E-03 2.99687E-03 3.62660E-03 4.22612E-03 5.26697E-03 6.01651E-03 6.74033E-03 7.25624E-03 7.65974E-03 8.05748E-03 8.38908E-03 8.59261E-03 8.69610E-03 8.91105E-03 9.07856E-03 9.17494E-03 9.23989E-03 9.10687E-03 9.40036E-03 9.28285E-03 9.57803E-03 9.45765E-03 9.20344E-03 9.29790E-03 9.02855E-03 9.21197E-03 9.22007E-03 9.06058E-03 9.03728E-03
30.0 2.73679E-03 3.25543E-03 3.95862E-03 4.61222E-03 6.07313E-03 7.38499E-03 8.57470E-03 1.07121E-02 1.26415E-02 1.43383E-02 1.57586E-02 1.69073E-02 1.79955E-02 1.88648E-02 1.97538E-02 2.05276E-02 2.10872E-02 2.14715E-02 2.21083E-02 2.25356E-02 2.28593E-02 2.31631E-02 2.36369E-02 2.36592E-02 2.38575E-02 2.43121E-02 2.42379E-02 2.47043E-02 2.48323E-02 2.56269E-02 2.38445E-02 2.35234E-02
100.0 6.44997E-03 7.57660E-03 9.16870E-03 1.05901E-02 1.39698E-02 1.69723E-02 1.98127E-02 2.49153E-02 2.91610E-02 3.32297E-02 3.66774E-02 3.99673E-02 4.23772E-02 4.48681E-02 4.69301E-02 4.86286E-02 4.99602E-02 5.26002E-02 5.36998E-02 5.47421E-02 5.58123E-02 5.57740E-02 5.70663E-02 5.77562E-02 5.73136E-02 5.71980E-02 5.75771E-02 5.80200E-02 5.83758E-02 5.65751E-02 6.05346E-02 5.98180E-02
