Yield function of production of Ti44 by protons, neutrons, alphas, pi+ and pi-, [(Ti44 atoms * cm2) / (g * prim. part. nucleon)] (computed with Geant4.10).
The primaries are alphas.
Energy[GeV/nuc],depths[g/cm2]: 1 3 5 10 15 20 30 40 50 60 70 80 90 100 110 120 130 140 150 160 170 180 190 200 210 220 230 240 250 260 270 279
0.01 1.76046E-04 2.17335E-07 1.96600E-07 1.79019E-07 1.69651E-07 1.58345E-07 1.52731E-07 1.30652E-07 1.16102E-07 9.88419E-08 7.90471E-08 6.21919E-08 5.06449E-08 4.71752E-08 3.56834E-08 2.98378E-08 1.97765E-08 1.82181E-08 1.16283E-08 1.13450E-08 8.68149E-09 1.24846E-08 1.06459E-08 6.01546E-09 7.70862E-09 8.88272E-09 3.36695E-09 1.81154E-09 5.42483E-09 0.00000E+00 0.00000E+00 0.00000E+00
0.03 1.80389E-04 2.79176E-05 3.13183E-06 2.97252E-06 2.87697E-06 2.79265E-06 2.70479E-06 2.52660E-06 2.26136E-06 2.05345E-06 1.78237E-06 1.50524E-06 1.31519E-06 1.12021E-06 9.18728E-07 7.72309E-07 6.61171E-07 6.19694E-07 4.82958E-07 3.84951E-07 3.50344E-07 3.28883E-07 2.66287E-07 2.27865E-07 2.01709E-07 1.77171E-07 1.84018E-07 1.06226E-07 1.05496E-07 5.40145E-08 5.89733E-08 1.52251E-07
0.1 2.98349E-04 2.75727E-04 2.30567E-04 1.83335E-04 7.76819E-05 7.77555E-05 7.72860E-05 7.60152E-05 7.18649E-05 6.69523E-05 6.16453E-05 5.64598E-05 5.04434E-05 4.58820E-05 4.14887E-05 3.68126E-05 3.32953E-05 3.04215E-05 2.75553E-05 2.47090E-05 2.34322E-05 2.31467E-05 2.13725E-05 1.82250E-05 1.70157E-05 1.89913E-05 1.62042E-05 1.65661E-05 1.41174E-05 1.25012E-05 1.44501E-05 9.81270E-06
0.18 3.67974E-04 3.83185E-04 3.91446E-04 3.87634E-04 3.91952E-04 3.74730E-04 3.51331E-04 3.11596E-04 3.06787E-04 2.93175E-04 2.80443E-04 2.60712E-04 2.41935E-04 2.24730E-04 2.07557E-04 1.93471E-04 1.80150E-04 1.76337E-04 1.55665E-04 1.46314E-04 1.37479E-04 1.30864E-04 1.26561E-04 1.15620E-04 1.14350E-04 1.06853E-04 1.09289E-04 1.03177E-04 1.02661E-04 9.36374E-05 8.75351E-05 8.70880E-05
0.3 2.53400E-04 3.26975E-04 4.43415E-04 5.54846E-04 6.88720E-04 7.56275E-04 8.11827E-04 8.90701E-04 9.19114E-04 9.16728E-04 8.94058E-04 8.69303E-04 8.20411E-04 7.86472E-04 7.40750E-04 7.16649E-04 6.89525E-04 6.40235E-04 6.22900E-04 5.97220E-04 5.64720E-04 5.35733E-04 5.21756E-04 5.01396E-04 4.80350E-04 4.87498E-04 4.50147E-04 4.33451E-04 4.20348E-04 4.40287E-04 4.34011E-04 3.99804E-04
0.56 4.73662E-04 5.76266E-04 7.12424E-04 8.30353E-04 1.08667E-03 1.32109E-03 1.52461E-03 1.83632E-03 2.09530E-03 2.28247E-03 2.39608E-03 2.50895E-03 2.57090E-03 2.60822E-03 2.59958E-03 2.55097E-03 2.52324E-03 2.48276E-03 2.44148E-03 2.42754E-03 2.39178E-03 2.29401E-03 2.23912E-03 2.19090E-03 2.15924E-03 2.16241E-03 2.14240E-03 2.05716E-03 2.03189E-03 2.07633E-03 2.07867E-03 2.48491E-03
1.0 8.63010E-04 1.03015E-03 1.28838E-03 1.49934E-03 1.95713E-03 2.37537E-03 2.76342E-03 3.34689E-03 3.83844E-03 4.22492E-03 4.50908E-03 4.74597E-03 4.90619E-03 4.99112E-03 5.03909E-03 5.09251E-03 5.11877E-03 5.07442E-03 5.12655E-03 5.14381E-03 5.05364E-03 4.95791E-03 4.89789E-03 4.92850E-03 4.85010E-03 4.83224E-03 4.77348E-03 4.72392E-03 4.64447E-03 4.57414E-03 4.61585E-03 5.11780E-03
3.0 2.06748E-03 2.44116E-03 3.02468E-03 3.51234E-03 4.60887E-03 5.62866E-03 6.53970E-03 8.13873E-03 9.46944E-03 1.04915E-02 1.13254E-02 1.19452E-02 1.24976E-02 1.29696E-02 1.32431E-02 1.36292E-02 1.35345E-02 1.39411E-02 1.40209E-02 1.41906E-02 1.42297E-02 1.41224E-02 1.40893E-02 1.41557E-02 1.43737E-02 1.46138E-02 1.42826E-02 1.43602E-02 1.43052E-02 1.43178E-02 1.41593E-02 1.58762E-02
10.0 5.17130E-03 6.17376E-03 7.53169E-03 8.80160E-03 1.15750E-02 1.40857E-02 1.64593E-02 2.04530E-02 2.40243E-02 2.68631E-02 2.93652E-02 3.13495E-02 3.31290E-02 3.45712E-02 3.57483E-02 3.65670E-02 3.72276E-02 3.80114E-02 3.83766E-02 3.89563E-02 3.89077E-02 3.94617E-02 3.98984E-02 3.93821E-02 3.97569E-02 3.95810E-02 3.94231E-02 4.03166E-02 4.11680E-02 4.49010E-02 4.03449E-02 4.22461E-02
30.0 1.14482E-02 1.35002E-02 1.67284E-02 1.92119E-02 2.54483E-02 3.07893E-02 3.59493E-02 4.51302E-02 5.30694E-02 6.00443E-02 6.59964E-02 7.08892E-02 7.54778E-02 7.94587E-02 8.28237E-02 8.54600E-02 8.79463E-02 9.02061E-02 9.23477E-02 9.45755E-02 9.61310E-02 9.71490E-02 9.65536E-02 9.74019E-02 9.78615E-02 9.89972E-02 9.99772E-02 1.00626E-01 1.00263E-01 9.89123E-02 1.03003E-01 1.06319E-01
100.0 2.63105E-02 3.06795E-02 3.75226E-02 4.36344E-02 5.72094E-02 6.88755E-02 8.11507E-02 1.01910E-01 1.18527E-01 1.33844E-01 1.47719E-01 1.59163E-01 1.68637E-01 1.75342E-01 1.83411E-01 1.89549E-01 1.96205E-01 1.98705E-01 2.05174E-01 2.06890E-01 2.09619E-01 2.10147E-01 2.09966E-01 2.12629E-01 2.16030E-01 2.10720E-01 2.08211E-01 2.02177E-01 2.10803E-01 2.11978E-01 2.18994E-01 1.93050E-01
