Yield function of production of Ti44 by protons, neutrons, alphas, [(Ti44 atoms * cm2) / (g * prim. part. nucleon)] (computed with Geant4.10).
The primaries are protons.
Energy[GeV/nuc],depths[g/cm2]: 1 3 5 10 15 20 30 40 50 60 70 80 90 100 110 120 130 140 150 160 170 180 190 200 210 220 230 240 250 260 270 279
0.01 7.65534E-08 0.00000E+00 0.00000E+00 0.00000E+00 0.00000E+00 0.00000E+00 0.00000E+00 0.00000E+00 0.00000E+00 0.00000E+00 0.00000E+00 0.00000E+00 0.00000E+00 0.00000E+00 0.00000E+00 0.00000E+00 0.00000E+00 0.00000E+00 0.00000E+00 0.00000E+00 0.00000E+00 0.00000E+00 0.00000E+00 0.00000E+00 0.00000E+00 0.00000E+00 0.00000E+00 0.00000E+00 0.00000E+00 0.00000E+00 0.00000E+00 0.00000E+00
0.03 1.46102E-07 3.28487E-09 6.21656E-13 5.75453E-13 3.57052E-13 2.96206E-13 2.23860E-13 1.74552E-13 1.15121E-13 8.76140E-14 4.71017E-14 3.46016E-14 1.99699E-14 1.17257E-14 1.19668E-14 9.60256E-15 1.38243E-14 8.18875E-15 4.39910E-15 3.02370E-17 3.61440E-17 0.00000E+00 0.00000E+00 0.00000E+00 0.00000E+00 0.00000E+00 0.00000E+00 0.00000E+00 0.00000E+00 0.00000E+00 0.00000E+00 0.00000E+00
0.1 3.08531E-07 3.13061E-07 2.72045E-07 2.03250E-07 3.00889E-09 2.55781E-09 2.18765E-09 1.56352E-09 1.30780E-09 1.14200E-09 9.98860E-10 8.66435E-10 7.11718E-10 6.00703E-10 4.89361E-10 4.31770E-10 3.91540E-10 3.40569E-10 3.73713E-10 2.48855E-10 3.68812E-10 1.84621E-10 2.23889E-10 2.04317E-10 2.41927E-10 1.43045E-10 1.26667E-10 2.15939E-10 1.14126E-10 1.39011E-10 2.29879E-10 0.00000E+00
0.18 2.70397E-07 2.82777E-07 2.59656E-07 2.46037E-07 2.06016E-07 1.61915E-07 1.09612E-07 1.55298E-08 1.30279E-08 1.12511E-08 9.90258E-09 9.00010E-09 7.92699E-09 7.11144E-09 6.45056E-09 5.96962E-09 5.78087E-09 4.96553E-09 4.52015E-09 4.16071E-09 4.16984E-09 3.71770E-09 3.55952E-09 3.40824E-09 3.63124E-09 2.98895E-09 3.18307E-09 2.72405E-09 3.44135E-09 3.93621E-09 2.00691E-09 2.78942E-09
0.3 2.77298E-07 2.86661E-07 2.78659E-07 2.74645E-07 2.52685E-07 2.37085E-07 2.20628E-07 1.87256E-07 1.47860E-07 1.06326E-07 6.46371E-08 3.89442E-08 3.68481E-08 3.29888E-08 2.95686E-08 2.83851E-08 2.70846E-08 2.47935E-08 2.30392E-08 2.19180E-08 2.09500E-08 2.05324E-08 2.00761E-08 1.91776E-08 2.02947E-08 1.60237E-08 1.63305E-08 1.45518E-08 1.49261E-08 1.56308E-08 1.17974E-08 8.41493E-09
0.56 1.30516E-06 2.74422E-06 2.13538E-06 2.03724E-06 1.94996E-06 2.01530E-06 1.96183E-06 1.29079E-06 1.00357E-06 7.73035E-07 5.59579E-07 4.50431E-07 3.57040E-07 2.91065E-07 2.59331E-07 2.16230E-07 1.93634E-07 1.84167E-07 1.61334E-07 1.40594E-07 1.24986E-07 1.06394E-07 1.03054E-07 9.40381E-08 1.03153E-07 1.03575E-07 9.44777E-08 9.29493E-08 8.70500E-08 8.20521E-08 1.05480E-07 1.02233E-07
1.0 6.58211E-06 1.06595E-05 1.00575E-05 1.40320E-05 1.66017E-05 1.60289E-05 1.46000E-05 1.33455E-05 2.32151E-05 1.29850E-05 1.75724E-05 1.62933E-05 8.63173E-06 8.02251E-06 6.95155E-06 8.32656E-06 6.71735E-06 4.89954E-06 1.23773E-05 3.82142E-06 3.51208E-06 3.16377E-06 3.50760E-06 2.53567E-06 2.06090E-06 3.31338E-06 1.97292E-06 1.37273E-06 1.10896E-06 1.07126E-06 5.70622E-07 2.76541E-07
3.0 4.53121E-05 4.52521E-05 5.33140E-05 6.02512E-05 7.45716E-05 8.01784E-05 7.64630E-05 8.19074E-05 8.47555E-05 8.99994E-05 8.37656E-05 1.10009E-04 8.59324E-05 7.75365E-05 8.77459E-05 7.88114E-05 8.31259E-05 7.54731E-05 7.48519E-05 7.13733E-05 7.34937E-05 6.43054E-05 6.50884E-05 6.76634E-05 5.93433E-05 6.40688E-05 6.92795E-05 6.05846E-05 6.14122E-05 5.03515E-05 5.29951E-05 7.85229E-05
10.0 1.34993E-04 1.63509E-04 2.11883E-04 2.01616E-04 2.43357E-04 2.49627E-04 2.86872E-04 3.15765E-04 3.16565E-04 3.50719E-04 3.46601E-04 3.65621E-04 3.43031E-04 3.71161E-04 3.88978E-04 3.43065E-04 3.54159E-04 3.56979E-04 3.30282E-04 4.40901E-04 3.45409E-04 3.32903E-04 3.40817E-04 7.40879E-04 4.05799E-04 2.73992E-04 3.10934E-04 2.72590E-04 3.42895E-04 2.05800E-04 2.36018E-04 1.56133E-04
30.0 3.75061E-04 4.35514E-04 4.69721E-04 5.16570E-04 5.90022E-04 6.29061E-04 6.74425E-04 7.43011E-04 8.42511E-04 9.38660E-04 9.18287E-04 9.49959E-04 9.96018E-04 1.00655E-03 9.93337E-04 1.03719E-03 1.06775E-03 1.02920E-03 1.12206E-03 1.02077E-03 1.04116E-03 1.05534E-03 1.06476E-03 1.10405E-03 1.08173E-03 9.85063E-04 9.90101E-04 1.19503E-03 1.03977E-03 1.12415E-03 9.10161E-04 8.29010E-04
100.0 9.90566E-04 1.09664E-03 1.16284E-03 1.22589E-03 1.48934E-03 1.60068E-03 1.74616E-03 1.91253E-03 2.02841E-03 2.08947E-03 2.31600E-03 2.56445E-03 2.43897E-03 2.67446E-03 2.60677E-03 2.67515E-03 2.65336E-03 2.78037E-03 3.07409E-03 2.89425E-03 2.96185E-03 2.75717E-03 2.86874E-03 3.20267E-03 2.73368E-03 2.78648E-03 2.58770E-03 2.62077E-03 3.26649E-03 2.55758E-03 2.37269E-03 2.61530E-03
