Yield function of production of Ti44 by protons, neutrons, alphas, [(Ti44 atoms * cm2) / (g * prim. part. nucleon)] (computed with Geant4.10).
The primaries are alphas.
Energy[GeV/nuc],depths[g/cm2]: 1 3 5 10 15 20 30 40 50 60 70 80 90 100 110 120 130 140 150 160 170 180 190 200 210 220 230 240 250 260 270 279
0.01 8.07810E-07 6.24680E-13 6.43202E-13 9.01456E-13 3.47994E-13 2.94421E-13 2.85253E-13 1.77979E-13 1.74202E-13 1.10325E-13 8.16257E-14 7.90040E-14 6.29921E-14 5.36559E-14 3.38508E-14 1.72790E-14 1.96547E-14 2.21900E-14 2.56942E-14 3.01261E-14 3.58571E-14 2.98894E-14 3.65690E-14 4.54445E-14 5.07287E-14 6.79063E-14 0.00000E+00 0.00000E+00 0.00000E+00 0.00000E+00 0.00000E+00 0.00000E+00
0.03 4.52117E-07 3.90767E-08 8.32397E-10 7.02011E-10 5.64256E-10 4.66486E-10 3.86483E-10 3.07331E-10 2.49010E-10 2.15657E-10 1.96641E-10 1.49675E-10 1.20681E-10 1.02335E-10 9.85087E-11 9.39844E-11 6.65067E-11 6.03401E-11 5.07121E-11 4.33029E-11 3.27719E-11 4.07293E-11 3.07152E-11 2.76602E-11 2.25977E-11 1.33671E-11 3.92003E-11 1.28633E-11 1.52078E-11 9.45833E-12 2.23017E-11 0.00000E+00
0.1 3.11897E-07 3.11999E-07 2.74496E-07 2.22563E-07 4.14109E-08 3.52561E-08 3.01288E-08 2.43818E-08 2.11357E-08 1.82315E-08 1.61682E-08 1.42394E-08 1.29675E-08 1.15627E-08 1.07004E-08 9.39655E-09 8.30039E-09 7.95992E-09 7.31604E-09 7.07664E-09 6.30523E-09 6.25492E-09 5.63832E-09 5.00685E-09 4.86517E-09 6.24349E-09 4.17531E-09 5.13366E-09 4.60517E-09 4.23800E-09 2.02099E-09 2.18430E-09
0.18 3.08643E-07 3.44898E-07 3.54891E-07 3.49669E-07 3.32962E-07 2.88613E-07 2.36752E-07 1.35883E-07 1.16533E-07 1.02412E-07 9.50405E-08 8.17297E-08 7.43301E-08 7.18481E-08 6.30443E-08 5.78412E-08 5.56269E-08 5.37254E-08 4.79743E-08 4.68311E-08 4.51114E-08 4.09921E-08 3.86520E-08 3.87065E-08 3.42165E-08 3.27654E-08 3.24999E-08 3.20240E-08 3.24038E-08 2.50315E-08 3.29017E-08 4.78859E-08
0.3 4.11470E-07 4.44832E-07 4.75469E-07 5.13333E-07 5.43101E-07 5.48350E-07 5.38561E-07 5.08476E-07 4.64076E-07 4.13773E-07 3.65440E-07 3.16824E-07 2.92884E-07 2.84104E-07 2.63988E-07 2.39531E-07 2.24538E-07 2.13070E-07 2.09142E-07 1.92363E-07 1.87842E-07 1.81185E-07 1.72235E-07 1.79030E-07 1.61466E-07 1.57392E-07 1.65811E-07 1.60549E-07 1.76092E-07 1.55847E-07 1.72769E-07 1.92631E-07
0.56 6.62332E-07 7.23850E-07 8.03167E-07 8.43610E-07 9.41205E-07 1.01290E-06 1.05427E-06 1.08184E-06 1.10903E-06 1.13356E-06 1.11490E-06 1.07705E-06 1.06106E-06 1.04091E-06 1.02832E-06 1.00613E-06 9.88233E-07 9.25103E-07 9.17123E-07 8.77897E-07 9.10503E-07 8.33233E-07 8.12057E-07 7.75766E-07 7.59573E-07 7.52157E-07 7.71040E-07 7.76038E-07 7.49637E-07 7.93318E-07 6.92994E-07 7.58624E-07
1.0 1.01301E-06 1.10229E-06 1.20436E-06 1.27186E-06 1.41537E-06 1.54929E-06 1.61396E-06 1.73795E-06 1.84608E-06 1.93399E-06 1.89692E-06 1.92401E-06 1.96343E-06 1.91902E-06 1.92770E-06 1.90227E-06 1.88421E-06 1.88146E-06 1.83157E-06 1.82286E-06 1.77000E-06 1.76790E-06 1.75435E-06 1.85905E-06 1.88487E-06 1.80607E-06 1.75100E-06 1.66787E-06 1.63651E-06 1.58372E-06 1.73271E-06 3.40656E-06
3.0 2.06005E-06 2.19896E-06 2.43552E-06 2.56033E-06 2.83317E-06 3.07201E-06 3.26558E-06 3.60859E-06 3.73647E-06 3.99333E-06 4.07666E-06 4.21604E-06 4.27219E-06 4.43281E-06 4.30203E-06 4.44048E-06 4.34589E-06 4.47061E-06 4.40851E-06 4.75773E-06 4.53432E-06 4.63345E-06 4.53082E-06 4.42063E-06 4.47264E-06 4.47603E-06 4.57136E-06 4.60832E-06 4.70084E-06 5.10654E-06 4.98012E-06 4.10784E-06
10.0 4.46299E-06 4.81999E-06 5.14695E-06 5.45228E-06 6.10916E-06 6.59298E-06 6.98534E-06 7.83694E-06 8.42211E-06 8.92069E-06 9.31692E-06 9.67287E-06 1.01635E-05 1.02627E-05 1.04936E-05 1.05838E-05 1.07447E-05 1.10907E-05 1.12266E-05 1.14868E-05 1.12888E-05 1.10691E-05 1.13247E-05 1.13116E-05 1.12340E-05 1.16089E-05 1.13398E-05 1.15509E-05 1.18380E-05 1.10102E-05 1.14385E-05 1.41004E-05
30.0 8.94806E-06 9.43169E-06 1.01919E-05 1.06419E-05 1.18363E-05 1.30007E-05 1.36496E-05 1.54079E-05 1.66455E-05 1.79814E-05 1.91566E-05 2.00196E-05 2.09519E-05 2.16169E-05 2.22842E-05 2.30547E-05 2.32232E-05 2.38037E-05 2.42322E-05 2.49423E-05 2.58688E-05 2.54061E-05 2.56918E-05 2.56834E-05 2.57928E-05 2.63294E-05 2.61140E-05 2.73606E-05 2.72316E-05 2.63701E-05 2.69189E-05 2.79728E-05
100.0 1.93563E-05 2.05223E-05 2.18406E-05 2.30733E-05 2.53958E-05 2.73934E-05 2.92253E-05 3.28443E-05 3.60470E-05 3.84022E-05 3.94559E-05 4.20228E-05 4.33637E-05 4.49275E-05 4.60842E-05 4.89692E-05 4.88167E-05 4.94233E-05 5.15565E-05 5.15337E-05 5.20478E-05 5.19911E-05 5.31525E-05 5.04457E-05 5.00223E-05 5.23290E-05 4.81959E-05 5.03755E-05 4.97474E-05 4.95419E-05 5.20691E-05 5.92297E-05
