Yield function of production of Ti44 by protons, neutrons, alphas, [(Ti44 atoms * cm2) / (g * prim. part. nucleon)] (computed with Geant4.10).
The primaries are alphas.
Energy[GeV/nuc],depths[g/cm2]: 1 3 5 10 15 20 30 40 50 60 70 80 90 100 110 120 130 140 150 160 170 180 190 200 210 220 230 240 250 260 270 279
0.01 1.76046E-04 2.17335E-07 1.96600E-07 1.79019E-07 1.69651E-07 1.58345E-07 1.52731E-07 1.30652E-07 1.16102E-07 9.88419E-08 7.90471E-08 6.21919E-08 5.06449E-08 4.71752E-08 3.56834E-08 2.98378E-08 1.97765E-08 1.82181E-08 1.16283E-08 1.13450E-08 8.68149E-09 1.24846E-08 1.06459E-08 6.01546E-09 7.70862E-09 8.88272E-09 3.36695E-09 1.81154E-09 5.42483E-09 0.00000E+00 0.00000E+00 0.00000E+00
0.03 1.80389E-04 2.79176E-05 3.13183E-06 2.97252E-06 2.87697E-06 2.79265E-06 2.70479E-06 2.52660E-06 2.26136E-06 2.05345E-06 1.78237E-06 1.50524E-06 1.31519E-06 1.12021E-06 9.18728E-07 7.72309E-07 6.61171E-07 6.19694E-07 4.82958E-07 3.84951E-07 3.50344E-07 3.28883E-07 2.66287E-07 2.27865E-07 2.01709E-07 1.77171E-07 1.84018E-07 1.06226E-07 1.05496E-07 5.40145E-08 5.89733E-08 1.52251E-07
0.1 2.98349E-04 2.75727E-04 2.30567E-04 1.83335E-04 7.76819E-05 7.77555E-05 7.72860E-05 7.60152E-05 7.18649E-05 6.69523E-05 6.16453E-05 5.64598E-05 5.04434E-05 4.58820E-05 4.14887E-05 3.68126E-05 3.32953E-05 3.04215E-05 2.75553E-05 2.47090E-05 2.34322E-05 2.31467E-05 2.13725E-05 1.82250E-05 1.70157E-05 1.89913E-05 1.62042E-05 1.65661E-05 1.41174E-05 1.25012E-05 1.44501E-05 9.81270E-06
0.18 3.67974E-04 3.83185E-04 3.91446E-04 3.87634E-04 3.91952E-04 3.74730E-04 3.51331E-04 3.11596E-04 3.06787E-04 2.93175E-04 2.80443E-04 2.60712E-04 2.41935E-04 2.24730E-04 2.07557E-04 1.93471E-04 1.80150E-04 1.76337E-04 1.55665E-04 1.46314E-04 1.37479E-04 1.30864E-04 1.26561E-04 1.15620E-04 1.14350E-04 1.06853E-04 1.09289E-04 1.03177E-04 1.02661E-04 9.36374E-05 8.75351E-05 8.70880E-05
0.3 2.53388E-04 3.26955E-04 4.43396E-04 5.54793E-04 6.88694E-04 7.56252E-04 8.11801E-04 8.90687E-04 9.19083E-04 9.16704E-04 8.94026E-04 8.69283E-04 8.20383E-04 7.86459E-04 7.40740E-04 7.16631E-04 6.89521E-04 6.40235E-04 6.22890E-04 5.97220E-04 5.64710E-04 5.35724E-04 5.21744E-04 5.01396E-04 4.80350E-04 4.87498E-04 4.50147E-04 4.33451E-04 4.20343E-04 4.40287E-04 4.34011E-04 3.99804E-04
0.56 4.70539E-04 5.72273E-04 7.07524E-04 8.23519E-04 1.08068E-03 1.31504E-03 1.51941E-03 1.83187E-03 2.09176E-03 2.27959E-03 2.39385E-03 2.50701E-03 2.56935E-03 2.60679E-03 2.59849E-03 2.54992E-03 2.52230E-03 2.48193E-03 2.44076E-03 2.42619E-03 2.39130E-03 2.29322E-03 2.23883E-03 2.19069E-03 2.15891E-03 2.16204E-03 2.14194E-03 2.05643E-03 2.03163E-03 2.07604E-03 2.07867E-03 2.48491E-03
1.0 8.27799E-04 1.00111E-03 1.24209E-03 1.45009E-03 1.90408E-03 2.31929E-03 2.71124E-03 3.29153E-03 3.78675E-03 4.17440E-03 4.46141E-03 4.70211E-03 4.86287E-03 4.95172E-03 5.00618E-03 5.05476E-03 5.05671E-03 5.04742E-03 5.04306E-03 5.11111E-03 5.02428E-03 4.94028E-03 4.88048E-03 4.91292E-03 4.83354E-03 4.81674E-03 4.75717E-03 4.70931E-03 4.63133E-03 4.56442E-03 4.60269E-03 5.11198E-03
3.0 1.91712E-03 2.28016E-03 2.82942E-03 3.30051E-03 4.35994E-03 5.36409E-03 6.23794E-03 7.78282E-03 9.11344E-03 1.01661E-02 1.10024E-02 1.16066E-02 1.21575E-02 1.26222E-02 1.29297E-02 1.33067E-02 1.32482E-02 1.36046E-02 1.37026E-02 1.38562E-02 1.39594E-02 1.38200E-02 1.38314E-02 1.38802E-02 1.41067E-02 1.43491E-02 1.40308E-02 1.40866E-02 1.40752E-02 1.41005E-02 1.39146E-02 1.57119E-02
10.0 4.61499E-03 5.50749E-03 6.79158E-03 7.94469E-03 1.06157E-02 1.29950E-02 1.53010E-02 1.91526E-02 2.26095E-02 2.54521E-02 2.79246E-02 2.99199E-02 3.16172E-02 3.30362E-02 3.41301E-02 3.48240E-02 3.57381E-02 3.65419E-02 3.69858E-02 3.75678E-02 3.75252E-02 3.81060E-02 3.85653E-02 3.78711E-02 3.83426E-02 3.82378E-02 3.80912E-02 3.90575E-02 3.97779E-02 3.95483E-02 3.91282E-02 4.09830E-02
30.0 9.94211E-03 1.17888E-02 1.47919E-02 1.70850E-02 2.29752E-02 2.82533E-02 3.30483E-02 4.18022E-02 4.95169E-02 5.63739E-02 6.21207E-02 6.69348E-02 7.14344E-02 7.52776E-02 7.84795E-02 8.10959E-02 8.37137E-02 8.59569E-02 8.79200E-02 8.98808E-02 9.13046E-02 9.27671E-02 9.23326E-02 9.32602E-02 9.38078E-02 9.40519E-02 9.60323E-02 9.61699E-02 9.60508E-02 9.50438E-02 9.90658E-02 1.02240E-01
100.0 2.22187E-02 2.63848E-02 3.27062E-02 3.85379E-02 5.14155E-02 6.26162E-02 7.41042E-02 9.34589E-02 1.09983E-01 1.24648E-01 1.37851E-01 1.49355E-01 1.57943E-01 1.65696E-01 1.73199E-01 1.79897E-01 1.86027E-01 1.88267E-01 1.94584E-01 1.96201E-01 1.98825E-01 1.99749E-01 2.00091E-01 2.02755E-01 2.05661E-01 2.02395E-01 1.98780E-01 1.93686E-01 2.02230E-01 2.00608E-01 2.07617E-01 1.85794E-01
