Yield function of production of Ti44 by protons, neutrons, alphas, pi+ and pi-, [(Ti44 atoms * cm2) / (g * prim. part. nucleon)] (computed with Geant4.10).
The primaries are alphas.
Energy[GeV/nuc],depths[g/cm2]: 1 3 5 10 15 20 30 40 50 60 70 80 90 100 110 120 130 140 150 160 170 180 190 200 210 220 230 240 250 260 270 279
0.01 3.88027E-07 2.02888E-07 1.83051E-07 1.66234E-07 1.56878E-07 1.46180E-07 1.40591E-07 1.20009E-07 1.06388E-07 9.06210E-08 7.23945E-08 5.69379E-08 4.64057E-08 4.31629E-08 3.26562E-08 2.72857E-08 1.81245E-08 1.66721E-08 1.06610E-08 1.03644E-08 7.93679E-09 1.13639E-08 9.69399E-09 5.51995E-09 7.10504E-09 8.09168E-09 3.09624E-09 1.64134E-09 4.91457E-09 0.00000E+00 0.00000E+00 0.00000E+00
0.03 3.56207E-06 3.80439E-06 2.94625E-06 2.77598E-06 2.67169E-06 2.58630E-06 2.49986E-06 2.32796E-06 2.08009E-06 1.88709E-06 1.63755E-06 1.38188E-06 1.20750E-06 1.02699E-06 8.42448E-07 7.09263E-07 6.06580E-07 5.67287E-07 4.42656E-07 3.53426E-07 3.21187E-07 3.01322E-07 2.44502E-07 2.08851E-07 1.84950E-07 1.62348E-07 1.68398E-07 9.73276E-08 9.64322E-08 4.96928E-08 5.42280E-08 1.39077E-07
0.1 4.21033E-05 6.04672E-05 7.34973E-05 7.68972E-05 7.33345E-05 7.26119E-05 7.17527E-05 7.02582E-05 6.62985E-05 6.17035E-05 5.67739E-05 5.19631E-05 4.64169E-05 4.22123E-05 3.81704E-05 3.38653E-05 3.06180E-05 2.79796E-05 2.53514E-05 2.27508E-05 2.15626E-05 2.13016E-05 1.96472E-05 1.67797E-05 1.56586E-05 1.77707E-05 1.49032E-05 1.52696E-05 1.30445E-05 1.15259E-05 1.32502E-05 9.07735E-06
0.18 1.07061E-04 1.39517E-04 1.81415E-04 2.03254E-04 2.55279E-04 2.75970E-04 2.86921E-04 2.89766E-04 2.84084E-04 2.70898E-04 2.59018E-04 2.40360E-04 2.22921E-04 2.07087E-04 1.91216E-04 1.78171E-04 1.65933E-04 1.62415E-04 1.43444E-04 1.34853E-04 1.26683E-04 1.20523E-04 1.16519E-04 1.06575E-04 1.05319E-04 9.84295E-05 1.00625E-04 9.50865E-05 9.44269E-05 8.63722E-05 8.11290E-05 8.06903E-05
0.3 2.19285E-04 2.65247E-04 3.32375E-04 3.92907E-04 5.00632E-04 5.90117E-04 6.60091E-04 7.63611E-04 8.12373E-04 8.27858E-04 8.21764E-04 8.04255E-04 7.58435E-04 7.26459E-04 6.83778E-04 6.61139E-04 6.35813E-04 5.90542E-04 5.74165E-04 5.50469E-04 5.20806E-04 4.94044E-04 4.80819E-04 4.62508E-04 4.42885E-04 4.49464E-04 4.15234E-04 3.99557E-04 3.87515E-04 4.08240E-04 3.99439E-04 3.67356E-04
0.56 4.47034E-04 5.46990E-04 6.75351E-04 7.81689E-04 1.02003E-03 1.23963E-03 1.42817E-03 1.71182E-03 1.94876E-03 2.12282E-03 2.22326E-03 2.32645E-03 2.38019E-03 2.40985E-03 2.39971E-03 2.35470E-03 2.32476E-03 2.28969E-03 2.25603E-03 2.24054E-03 2.20793E-03 2.12091E-03 2.06900E-03 2.02463E-03 1.99376E-03 1.99729E-03 1.97838E-03 1.90239E-03 1.87808E-03 1.91949E-03 1.91809E-03 2.29411E-03
1.0 7.88578E-04 9.57282E-04 1.18178E-03 1.37562E-03 1.79765E-03 2.18530E-03 2.54346E-03 3.07601E-03 3.53166E-03 3.88604E-03 4.14718E-03 4.36766E-03 4.51795E-03 4.59603E-03 4.64630E-03 4.68845E-03 4.69590E-03 4.67683E-03 4.67133E-03 4.73638E-03 4.65218E-03 4.57250E-03 4.52089E-03 4.57058E-03 4.47292E-03 4.45875E-03 4.40827E-03 4.36204E-03 4.28816E-03 4.22587E-03 4.27447E-03 4.76097E-03
3.0 1.82221E-03 2.17043E-03 2.68611E-03 3.12255E-03 4.09781E-03 5.02617E-03 5.84002E-03 7.26535E-03 8.48079E-03 9.46230E-03 1.02204E-02 1.07663E-02 1.12797E-02 1.17086E-02 1.19823E-02 1.23242E-02 1.22637E-02 1.26015E-02 1.26851E-02 1.28938E-02 1.29171E-02 1.28245E-02 1.28011E-02 1.28384E-02 1.30547E-02 1.32665E-02 1.29899E-02 1.30323E-02 1.30212E-02 1.30609E-02 1.28778E-02 1.45056E-02
10.0 4.37827E-03 5.23047E-03 6.43153E-03 7.49177E-03 9.98821E-03 1.21664E-02 1.42974E-02 1.78439E-02 2.10192E-02 2.36801E-02 2.59093E-02 2.77437E-02 2.93517E-02 3.06284E-02 3.16232E-02 3.22489E-02 3.30848E-02 3.38806E-02 3.42336E-02 3.48530E-02 3.47288E-02 3.52413E-02 3.56715E-02 3.50410E-02 3.54657E-02 3.53882E-02 3.52410E-02 3.61327E-02 3.68031E-02 3.65280E-02 3.61505E-02 3.78387E-02
30.0 9.41473E-03 1.11592E-02 1.39671E-02 1.60652E-02 2.15152E-02 2.64150E-02 3.08084E-02 3.88917E-02 4.59987E-02 5.23135E-02 5.76256E-02 6.20357E-02 6.62335E-02 6.97603E-02 7.26725E-02 7.51449E-02 7.74803E-02 7.95716E-02 8.13674E-02 8.31944E-02 8.47749E-02 8.58210E-02 8.54065E-02 8.63451E-02 8.67809E-02 8.70554E-02 8.88011E-02 8.89756E-02 8.88071E-02 8.79737E-02 9.16818E-02 9.43009E-02
100.0 2.10366E-02 2.49490E-02 3.08076E-02 3.62459E-02 4.81246E-02 5.85568E-02 6.90552E-02 8.69318E-02 1.02127E-01 1.15610E-01 1.27789E-01 1.38535E-01 1.46320E-01 1.53387E-01 1.60291E-01 1.66490E-01 1.72330E-01 1.74267E-01 1.80020E-01 1.81566E-01 1.83901E-01 1.84752E-01 1.85115E-01 1.87502E-01 1.89946E-01 1.87052E-01 1.83695E-01 1.78947E-01 1.86741E-01 1.85444E-01 1.92364E-01 1.71450E-01
