Yield function of production of Ti44 by protons, neutrons, alphas, pi+ and pi-, [(Ti44 atoms * cm2) / (g * prim. part. nucleon)] (computed with Geant4.10).
The primaries are protons.
Energy[GeV/nuc],depths[g/cm2]: 1 3 5 10 15 20 30 40 50 60 70 80 90 100 110 120 130 140 150 160 170 180 190 200 210 220 230 240 250 260 270 279
0.01 2.04137E-04 2.49272E-08 2.08891E-08 1.97912E-08 1.78005E-08 1.69232E-08 1.60838E-08 1.54854E-08 1.16625E-08 9.20329E-09 7.85328E-09 5.68086E-09 4.26364E-09 2.54843E-09 1.72473E-09 1.89183E-09 1.26953E-09 1.11033E-09 7.26109E-10 5.63168E-10 4.27076E-10 2.39060E-10 5.41233E-11 1.50750E-10 7.20417E-14 1.05468E-13 0.00000E+00 0.00000E+00 0.00000E+00 0.00000E+00 0.00000E+00 0.00000E+00
0.03 2.06765E-04 2.68925E-05 4.05299E-07 3.75060E-07 3.47948E-07 3.33602E-07 3.14400E-07 2.83728E-07 2.40817E-07 2.02809E-07 1.65786E-07 1.30617E-07 1.06495E-07 8.43353E-08 6.24629E-08 5.06507E-08 3.82468E-08 3.03345E-08 2.46836E-08 1.90636E-08 1.51112E-08 1.15618E-08 8.88366E-09 7.60340E-09 4.99666E-09 3.63029E-09 3.64367E-09 3.01416E-10 9.09538E-10 6.25989E-09 2.61594E-08 0.00000E+00
0.1 2.16581E-04 1.95365E-04 1.49470E-04 1.08477E-04 1.11679E-05 1.06221E-05 1.03874E-05 9.59159E-06 8.75407E-06 7.75495E-06 6.53808E-06 5.74686E-06 5.01488E-06 4.57484E-06 3.71467E-06 3.09342E-06 2.81279E-06 2.39273E-06 1.92310E-06 1.62574E-06 1.36040E-06 1.18397E-06 1.16400E-06 1.03576E-06 7.97085E-07 6.47407E-07 4.95775E-07 7.60491E-07 5.91316E-07 2.01444E-07 4.51646E-08 0.00000E+00
0.18 3.08421E-05 5.11722E-05 6.84189E-05 8.60458E-05 1.29277E-04 1.33205E-04 9.80721E-05 4.72098E-05 4.35697E-05 4.04177E-05 3.69156E-05 3.31535E-05 2.94831E-05 2.67554E-05 2.40029E-05 2.15449E-05 1.90979E-05 1.70983E-05 1.61849E-05 1.45445E-05 1.31145E-05 1.20179E-05 1.09268E-05 1.04241E-05 1.05364E-05 9.21822E-06 9.05692E-06 9.96754E-06 8.59444E-06 8.76941E-06 7.26642E-06 4.94280E-06
0.3 5.27697E-05 6.93722E-05 8.56844E-05 1.00107E-04 1.21982E-04 1.41016E-04 1.54818E-04 1.75027E-04 1.82308E-04 1.80018E-04 1.48472E-04 1.24092E-04 1.16940E-04 1.07149E-04 9.71409E-05 8.88365E-05 8.47211E-05 7.58900E-05 7.09475E-05 6.55251E-05 6.16322E-05 6.25460E-05 5.68686E-05 5.49132E-05 5.52371E-05 4.94471E-05 5.00336E-05 4.79707E-05 4.60959E-05 4.39407E-05 3.55314E-05 4.74797E-05
0.56 1.05105E-04 1.27443E-04 1.58281E-04 1.82353E-04 2.36691E-04 2.81951E-04 3.21945E-04 3.79434E-04 4.15309E-04 4.38975E-04 4.55323E-04 4.61610E-04 4.54621E-04 4.40738E-04 4.31199E-04 4.19453E-04 3.97659E-04 3.74764E-04 3.61633E-04 3.48789E-04 3.31184E-04 3.18031E-04 2.98893E-04 2.86038E-04 2.70817E-04 2.53289E-04 2.61371E-04 2.48883E-04 2.32077E-04 2.33061E-04 2.21188E-04 2.29205E-04
1.0 1.88816E-04 2.30495E-04 2.79517E-04 3.30616E-04 4.31422E-04 5.17881E-04 5.94898E-04 7.20556E-04 8.12120E-04 8.78570E-04 9.38478E-04 9.61998E-04 9.77957E-04 9.95727E-04 9.86521E-04 9.98843E-04 9.92065E-04 9.68429E-04 9.67551E-04 9.58507E-04 9.46553E-04 9.50457E-04 9.09276E-04 9.11751E-04 9.05095E-04 8.93170E-04 8.93125E-04 8.81061E-04 8.69356E-04 8.43442E-04 8.68134E-04 8.37888E-04
3.0 4.40337E-04 5.27141E-04 6.71580E-04 7.60787E-04 1.00783E-03 1.22022E-03 1.41078E-03 1.77067E-03 2.04320E-03 2.25408E-03 2.45266E-03 2.61224E-03 2.67916E-03 2.74492E-03 2.84460E-03 2.96544E-03 2.97710E-03 2.97223E-03 3.03623E-03 3.04239E-03 3.00333E-03 3.07547E-03 3.05393E-03 3.11091E-03 2.99862E-03 2.91842E-03 2.97719E-03 2.97719E-03 2.91618E-03 3.15008E-03 2.97049E-03 2.95924E-03
10.0 1.14499E-03 1.36447E-03 1.68324E-03 1.95381E-03 2.59086E-03 3.16476E-03 3.68933E-03 4.61847E-03 5.30257E-03 5.94385E-03 6.41363E-03 6.76887E-03 7.15375E-03 7.43034E-03 7.59823E-03 7.74048E-03 7.92471E-03 8.07093E-03 8.19071E-03 8.14354E-03 8.10853E-03 8.38473E-03 8.27655E-03 8.17889E-03 8.44934E-03 8.26229E-03 8.31225E-03 8.09313E-03 8.19568E-03 8.33994E-03 8.15888E-03 8.19585E-03
30.0 2.23917E-03 2.67071E-03 3.29297E-03 3.85631E-03 5.13802E-03 6.31447E-03 7.37459E-03 9.28047E-03 1.09652E-02 1.24421E-02 1.37642E-02 1.48028E-02 1.57575E-02 1.65472E-02 1.73941E-02 1.80572E-02 1.85376E-02 1.89305E-02 1.94188E-02 1.99174E-02 2.01958E-02 2.04618E-02 2.09085E-02 2.08768E-02 2.11297E-02 2.15930E-02 2.15269E-02 2.17387E-02 2.19980E-02 2.26818E-02 2.12007E-02 2.10222E-02
100.0 5.17576E-03 6.13530E-03 7.55492E-03 8.80347E-03 1.17073E-02 1.43765E-02 1.68354E-02 2.13879E-02 2.51990E-02 2.88791E-02 3.18857E-02 3.46694E-02 3.70227E-02 3.91124E-02 4.10650E-02 4.25427E-02 4.37930E-02 4.60986E-02 4.68491E-02 4.79758E-02 4.88930E-02 4.92288E-02 5.03495E-02 5.04503E-02 5.04782E-02 5.03399E-02 5.08564E-02 5.12551E-02 5.10142E-02 5.00468E-02 5.36935E-02 5.31165E-02
