Yield function of production of Ti44 by protons, neutrons, alphas, pi+ and pi-, [(Ti44 atoms * cm2) / (g * prim. part. nucleon)] (computed with Geant4.10).
The primaries are protons.
Energy[GeV/nuc],depths[g/cm2]: 1 3 5 10 15 20 30 40 50 60 70 80 90 100 110 120 130 140 150 160 170 180 190 200 210 220 230 240 250 260 270 280 290 300.9
0.01 0.00000E+00 0.00000E+00 0.00000E+00 0.00000E+00 0.00000E+00 0.00000E+00 0.00000E+00 0.00000E+00 0.00000E+00 0.00000E+00 0.00000E+00 0.00000E+00 0.00000E+00 0.00000E+00 0.00000E+00 0.00000E+00 0.00000E+00 0.00000E+00 0.00000E+00 0.00000E+00 0.00000E+00 0.00000E+00 0.00000E+00 0.00000E+00 0.00000E+00 0.00000E+00 0.00000E+00 0.00000E+00 0.00000E+00 0.00000E+00 0.00000E+00 0.00000E+00 0.00000E+00 0.00000E+00
0.03 9.58886E-09 2.59496E-16 2.95221E-16 5.72284E-16 2.55039E-15 0.00000E+00 0.00000E+00 0.00000E+00 0.00000E+00 0.00000E+00 0.00000E+00 0.00000E+00 0.00000E+00 0.00000E+00 0.00000E+00 0.00000E+00 0.00000E+00 0.00000E+00 0.00000E+00 0.00000E+00 0.00000E+00 0.00000E+00 0.00000E+00 0.00000E+00 0.00000E+00 0.00000E+00 0.00000E+00 0.00000E+00 0.00000E+00 0.00000E+00 0.00000E+00 0.00000E+00 0.00000E+00 0.00000E+00
0.1 6.43905E-07 2.60919E-07 5.39679E-08 2.27515E-08 3.66063E-10 3.06437E-10 2.64458E-10 2.07750E-10 1.65044E-10 1.31102E-10 1.07199E-10 9.29820E-11 7.60499E-11 6.78950E-11 5.91850E-11 4.61486E-11 4.15933E-11 3.65806E-11 2.86555E-11 2.26474E-11 2.74011E-11 2.05689E-11 1.76201E-11 1.99543E-11 2.43457E-11 2.12211E-11 3.08252E-11 9.84127E-12 1.34865E-11 2.78382E-11 1.90847E-11 1.26797E-11 3.41126E-11 0.00000E+00
0.18 2.29254E-06 1.67235E-06 1.28497E-06 9.36587E-07 4.23185E-07 1.42185E-07 2.78099E-08 1.10096E-08 8.84381E-09 7.82946E-09 6.89700E-09 6.41586E-09 5.72655E-09 4.93204E-09 4.58469E-09 4.18801E-09 3.87324E-09 3.37566E-09 3.31396E-09 3.14872E-09 2.72304E-09 2.53025E-09 2.32115E-09 2.14319E-09 2.17039E-09 1.94336E-09 1.89734E-09 4.09349E-09 1.87836E-09 1.28383E-09 1.17118E-09 1.24068E-09 1.29829E-09 7.68164E-10
0.3 4.96962E-06 4.62855E-06 3.95638E-06 3.39180E-06 2.57203E-06 1.94580E-06 1.49101E-06 8.03039E-07 3.83216E-07 1.61516E-07 9.55358E-08 8.26104E-08 7.25639E-08 6.65619E-08 6.35088E-08 6.07085E-08 5.54814E-08 5.26425E-08 5.18386E-08 5.04812E-08 4.40353E-08 4.25282E-08 4.64677E-08 3.94928E-08 4.27590E-08 3.73808E-08 3.88986E-08 3.39062E-08 3.07849E-08 3.07495E-08 3.00748E-08 7.21613E-08 6.93939E-08 8.93471E-09
0.56 8.32537E-06 8.31137E-06 8.28160E-06 7.85386E-06 7.41322E-06 6.49150E-06 6.12991E-06 4.90737E-06 4.12076E-06 3.33448E-06 2.80013E-06 2.34494E-06 1.95380E-06 1.63245E-06 1.32581E-06 1.08397E-06 8.74710E-07 7.08559E-07 5.75328E-07 4.74310E-07 4.44626E-07 4.73490E-07 3.90940E-07 3.50463E-07 3.53409E-07 3.53558E-07 4.15371E-07 3.40755E-07 3.33501E-07 3.11801E-07 3.38905E-07 3.02001E-07 2.38336E-07 2.80721E-07
1.0 1.11239E-05 1.12375E-05 1.12817E-05 1.15065E-05 1.05063E-05 1.00781E-05 9.98216E-06 9.42789E-06 8.23264E-06 7.62503E-06 7.11835E-06 6.56425E-06 6.21744E-06 5.79209E-06 5.40404E-06 5.07069E-06 4.76731E-06 4.73202E-06 4.18062E-06 3.91346E-06 3.64464E-06 3.52051E-06 3.55594E-06 3.12357E-06 3.17955E-06 2.78493E-06 2.72036E-06 2.70646E-06 2.70786E-06 2.31417E-06 2.24115E-06 2.56475E-06 2.21064E-06 2.19339E-06
3.0 1.09016E-05 1.10126E-05 1.13072E-05 1.15743E-05 1.18967E-05 1.22655E-05 1.25349E-05 1.24891E-05 1.27638E-05 1.32815E-05 1.27348E-05 1.27689E-05 1.24005E-05 1.25056E-05 1.23727E-05 1.22752E-05 1.21798E-05 1.22280E-05 1.23018E-05 1.14335E-05 1.17434E-05 1.25567E-05 1.14375E-05 1.24914E-05 1.10548E-05 1.10796E-05 1.14205E-05 1.14795E-05 1.60410E-05 1.07494E-05 1.00735E-05 1.11205E-05 8.80614E-06 8.14570E-06
10.0 1.59342E-05 1.63824E-05 1.71153E-05 1.75667E-05 1.86853E-05 1.96290E-05 1.98752E-05 2.12416E-05 2.19704E-05 2.20524E-05 2.26182E-05 2.33619E-05 2.31358E-05 2.33763E-05 2.31393E-05 2.36389E-05 2.37069E-05 2.33275E-05 2.29697E-05 2.29786E-05 2.27861E-05 2.30166E-05 2.34160E-05 2.34351E-05 2.33170E-05 2.31313E-05 2.26696E-05 2.28742E-05 2.32712E-05 2.29406E-05 2.17193E-05 2.71120E-05 2.46107E-05 1.60374E-05
30.0 2.43187E-05 2.49413E-05 2.59851E-05 2.68439E-05 2.80006E-05 2.97942E-05 3.20846E-05 3.33141E-05 3.59727E-05 3.71998E-05 3.93793E-05 4.01355E-05 4.21246E-05 4.20108E-05 4.29856E-05 4.42892E-05 4.52359E-05 4.46732E-05 4.66964E-05 4.92248E-05 4.61282E-05 4.72034E-05 4.72717E-05 4.77786E-05 4.93826E-05 5.21431E-05 5.08148E-05 5.11960E-05 4.90942E-05 5.27383E-05 5.36495E-05 5.71587E-05 4.56715E-05 5.41390E-05
100.0 4.47449E-05 4.60997E-05 4.79311E-05 4.91987E-05 5.28499E-05 5.58074E-05 5.86635E-05 6.25047E-05 6.67844E-05 7.06532E-05 7.39997E-05 7.88073E-05 8.18254E-05 8.60711E-05 8.85368E-05 9.27105E-05 9.36697E-05 9.67343E-05 1.00192E-04 9.92102E-05 1.01271E-04 9.77432E-05 1.00583E-04 1.01986E-04 1.00986E-04 1.05842E-04 1.06120E-04 1.04613E-04 1.08171E-04 1.25761E-04 1.06744E-04 1.11615E-04 1.10022E-04 1.27142E-04
