Yield function of production of Ti44 by protons, neutrons, alphas, pi+ and pi-, [(Ti44 atoms * cm2) / (g * prim. part. nucleon)] (computed with Geant4.10).
The primaries are alphas.
Energy[GeV/nuc],depths[g/cm2]: 1 3 5 10 15 20 30 40 50 60 70 80 90 100 110 120 130 140 150 160 170 180 190 200 210 220 230 240 250 260 270 280 290 300.9
0.01 3.62391E-06 6.10247E-15 5.12100E-15 5.12639E-15 3.95527E-15 3.95955E-15 2.31907E-15 1.12349E-15 8.12257E-16 9.01362E-16 1.00857E-15 1.13980E-15 1.30479E-15 1.51872E-15 1.81043E-15 5.12522E-15 0.00000E+00 0.00000E+00 0.00000E+00 0.00000E+00 0.00000E+00 0.00000E+00 0.00000E+00 0.00000E+00 0.00000E+00 0.00000E+00 0.00000E+00 0.00000E+00 0.00000E+00 0.00000E+00 0.00000E+00 0.00000E+00 0.00000E+00 0.00000E+00
0.03 1.34769E-05 1.75016E-07 9.53916E-11 8.34145E-11 6.64548E-11 6.39582E-11 4.86023E-11 3.85916E-11 3.09256E-11 2.40711E-11 2.16723E-11 1.86888E-11 1.54656E-11 1.30213E-11 1.12797E-11 1.08568E-11 7.68707E-12 7.41543E-12 6.47449E-12 4.57329E-12 4.59697E-12 3.65198E-12 3.81220E-12 4.13550E-12 2.02260E-12 3.47698E-12 2.96963E-12 1.77700E-12 1.71053E-12 2.72210E-12 6.40183E-12 3.06358E-12 0.00000E+00 0.00000E+00
0.1 1.52570E-05 1.38874E-05 1.03102E-05 6.74583E-06 2.89880E-08 2.43987E-08 2.09513E-08 1.78994E-08 1.53714E-08 1.35057E-08 1.17113E-08 1.06037E-08 9.70948E-09 8.81228E-09 8.27364E-09 7.56567E-09 7.02511E-09 6.33087E-09 7.06280E-09 5.29850E-09 4.96428E-09 4.95878E-09 4.71239E-09 4.14358E-09 4.34032E-09 4.46720E-09 4.28205E-09 3.34405E-09 3.19123E-09 3.11539E-09 4.87811E-09 3.81941E-09 6.33106E-09 1.21486E-08
0.18 1.21008E-05 1.18219E-05 1.04816E-05 9.69461E-06 7.67093E-06 5.45237E-06 3.12966E-06 2.26054E-07 1.93169E-07 1.72065E-07 1.55732E-07 1.42447E-07 1.25444E-07 1.18077E-07 1.08870E-07 1.00466E-07 9.55394E-08 8.46632E-08 8.30549E-08 8.38042E-08 7.44913E-08 7.16953E-08 6.22488E-08 6.12145E-08 5.84903E-08 5.27160E-08 5.78073E-08 5.49602E-08 5.45789E-08 5.01487E-08 4.30382E-08 1.19303E-07 4.81445E-08 1.63717E-07
0.3 1.27736E-05 1.26975E-05 1.16120E-05 1.09238E-05 9.51576E-06 8.28386E-06 7.22724E-06 5.59968E-06 4.21138E-06 2.93211E-06 1.65840E-06 1.08617E-06 1.01956E-06 9.35425E-07 8.67495E-07 8.29482E-07 7.76305E-07 7.40159E-07 6.67114E-07 6.20279E-07 6.23022E-07 6.27700E-07 5.87324E-07 5.66547E-07 5.25231E-07 5.39488E-07 4.97307E-07 5.30727E-07 4.64853E-07 4.73670E-07 5.83105E-07 4.07405E-07 6.85868E-07 3.36723E-07
0.56 1.59220E-05 1.59713E-05 1.59437E-05 1.56731E-05 1.53544E-05 1.52277E-05 1.54417E-05 1.42043E-05 1.31485E-05 1.20828E-05 1.12917E-05 1.02784E-05 9.58718E-06 8.73828E-06 8.31089E-06 7.44549E-06 7.14860E-06 6.47342E-06 6.11159E-06 5.66257E-06 5.36645E-06 4.95621E-06 4.74673E-06 4.81896E-06 4.58666E-06 4.41895E-06 4.42657E-06 4.04493E-06 4.01065E-06 4.19231E-06 3.89889E-06 4.33585E-06 3.84874E-06 5.21136E-06
1.0 2.00422E-05 2.11917E-05 2.17972E-05 2.25715E-05 2.42101E-05 2.49447E-05 2.44710E-05 2.48950E-05 2.51530E-05 2.48103E-05 2.41021E-05 2.36547E-05 2.30211E-05 2.26818E-05 2.14900E-05 2.13254E-05 1.99721E-05 1.94835E-05 1.88047E-05 1.81126E-05 1.76065E-05 1.76050E-05 1.61231E-05 1.62058E-05 1.55703E-05 1.49353E-05 1.47878E-05 1.49851E-05 1.41789E-05 1.44059E-05 1.38763E-05 1.23636E-05 1.27965E-05 1.49334E-05
3.0 3.18033E-05 3.32581E-05 3.46923E-05 3.65125E-05 3.95822E-05 4.14530E-05 4.27830E-05 4.47293E-05 4.68083E-05 4.72007E-05 4.94805E-05 4.91031E-05 4.81708E-05 4.96501E-05 4.87949E-05 5.05884E-05 5.00575E-05 5.05081E-05 4.85378E-05 5.05127E-05 4.99877E-05 4.74309E-05 4.82162E-05 4.75465E-05 4.58639E-05 4.59827E-05 5.25703E-05 4.69221E-05 4.55651E-05 4.78636E-05 6.22689E-05 4.83583E-05 4.58316E-05 4.42780E-05
10.0 5.11275E-05 5.48291E-05 5.79238E-05 6.07513E-05 6.58107E-05 7.10556E-05 7.45325E-05 8.09368E-05 8.60436E-05 8.77926E-05 9.04125E-05 9.40333E-05 9.43827E-05 9.50618E-05 9.53137E-05 9.71571E-05 9.57885E-05 9.63579E-05 9.75955E-05 9.54679E-05 9.87801E-05 9.84466E-05 9.65916E-05 9.88528E-05 9.59412E-05 9.35385E-05 9.42263E-05 9.23964E-05 9.76550E-05 9.18314E-05 9.03581E-05 8.40563E-05 8.96746E-05 1.03915E-04
30.0 8.51776E-05 8.93027E-05 9.69897E-05 1.00053E-04 1.08957E-04 1.15651E-04 1.19629E-04 1.32224E-04 1.46493E-04 1.48301E-04 1.55493E-04 1.63222E-04 1.67406E-04 1.70060E-04 1.75633E-04 1.82387E-04 1.87546E-04 1.87482E-04 1.91104E-04 1.84922E-04 1.91524E-04 1.99374E-04 2.00364E-04 2.02183E-04 2.08213E-04 1.99483E-04 2.14903E-04 2.06985E-04 2.28899E-04 2.21212E-04 2.26184E-04 2.08324E-04 2.33370E-04 2.49996E-04
100.0 1.57121E-04 1.65849E-04 1.82313E-04 1.82358E-04 1.98865E-04 2.13373E-04 2.26073E-04 2.49893E-04 2.65627E-04 2.73810E-04 2.93656E-04 3.03055E-04 3.14808E-04 3.28607E-04 3.66869E-04 3.72736E-04 3.58848E-04 3.58552E-04 3.84080E-04 3.82838E-04 4.31284E-04 3.86070E-04 3.94990E-04 3.96952E-04 4.23177E-04 4.06720E-04 4.21681E-04 4.02581E-04 4.00950E-04 3.88365E-04 4.42865E-04 3.98106E-04 6.05304E-04 4.99229E-04
