Yield function of production of Ti44 by protons, neutrons, alphas, [(Ti44 atoms * cm2) / (g * prim. part. nucleon)] (computed with Geant4.10).
The primaries are protons.
Energy[GeV/nuc],depths[g/cm2]: 0 1 3 5 9.03 13.06 17.09 21.12 25.15 29.18 33.21
0.03 9.85999E-09 0.00000E+00 0.00000E+00 0.00000E+00 0.00000E+00 0.00000E+00 0.00000E+00 0.00000E+00 0.00000E+00 0.00000E+00 0.00000E+00
0.1 6.90276E-07 2.67774E-07 5.96745E-08 2.55420E-08 4.76553E-10 4.39957E-10 4.25549E-10 4.11722E-10 4.02562E-10 3.88970E-10 3.94694E-10
0.18 2.64456E-06 2.02262E-06 1.53227E-06 1.14749E-06 5.75983E-07 3.02650E-07 1.23817E-07 3.76137E-08 2.05602E-08 1.78682E-08 1.82893E-08
0.3 6.24593E-06 5.93145E-06 5.30123E-06 4.96492E-06 3.80969E-06 3.49509E-06 3.19516E-06 3.02115E-06 2.80001E-06 2.72478E-06 2.67654E-06
0.56 1.26873E-05 1.21208E-05 1.13774E-05 1.13620E-05 9.81115E-06 9.64105E-06 9.59358E-06 9.44000E-06 9.31955E-06 9.19285E-06 9.01005E-06
1.0 1.63949E-05 1.56830E-05 1.48627E-05 1.48513E-05 1.29865E-05 1.29476E-05 1.28706E-05 1.27469E-05 1.26662E-05 1.26583E-05 1.25009E-05
3.0 1.26461E-05 1.21557E-05 1.18486E-05 1.21098E-05 1.08342E-05 1.09493E-05 1.11054E-05 1.12128E-05 1.12628E-05 1.11792E-05 1.14105E-05
10.0 1.47792E-05 1.44084E-05 1.42894E-05 1.47504E-05 1.34567E-05 1.38612E-05 1.40033E-05 1.44078E-05 1.44603E-05 1.44414E-05 1.45706E-05
30.0 1.52824E-05 1.50744E-05 1.47448E-05 1.54850E-05 1.40802E-05 1.44567E-05 1.47450E-05 1.53966E-05 1.55756E-05 1.52540E-05 1.44009E-05
100.0 1.75523E-05 1.74234E-05 1.76442E-05 1.79058E-05 1.65087E-05 1.73366E-05 1.71614E-05 1.78317E-05 1.77659E-05 1.79621E-05 1.78648E-05
