Yield function of production of Ti44 by protons, neutrons, alphas, [(Ti44 atoms * cm2) / (g * prim. part. nucleon)] (computed with Geant4.10).
The primaries are alphas.
Energy[GeV/nuc],depths[g/cm2]: 0 1 3 5 9.03 13.06 17.09 21.12 25.15 29.18 33.21
0.03 1.34973E-05 2.10460E-07 1.02873E-10 9.45853E-11 7.65372E-11 7.13769E-11 6.82123E-11 6.45367E-11 6.69362E-11 6.76974E-11 6.80247E-11
0.1 1.73625E-05 1.52317E-05 1.08323E-05 7.39225E-06 5.66723E-07 3.53322E-08 3.36810E-08 3.22990E-08 3.17513E-08 3.01370E-08 3.04405E-08
0.18 1.56942E-05 1.49107E-05 1.36501E-05 1.32157E-05 1.06949E-05 8.87539E-06 7.20696E-06 5.07333E-06 2.00021E-06 4.33586E-07 4.17166E-07
0.3 1.93503E-05 1.83188E-05 1.71253E-05 1.70880E-05 1.48009E-05 1.45551E-05 1.42141E-05 1.38808E-05 1.34650E-05 1.31955E-05 1.30910E-05
0.56 2.35528E-05 2.26819E-05 2.18689E-05 2.21894E-05 1.97610E-05 1.99197E-05 2.00689E-05 2.01843E-05 2.01976E-05 2.01287E-05 1.98494E-05
1.0 2.75292E-05 2.69861E-05 2.65610E-05 2.73420E-05 2.49477E-05 2.55571E-05 2.60360E-05 2.63315E-05 2.63344E-05 2.65919E-05 2.61487E-05
3.0 3.24153E-05 3.21629E-05 3.22400E-05 3.35042E-05 3.09696E-05 3.21238E-05 3.30930E-05 3.34686E-05 3.40362E-05 3.39401E-05 3.41165E-05
10.0 3.93595E-05 3.95579E-05 4.00980E-05 4.23208E-05 3.97268E-05 4.17877E-05 4.29699E-05 4.42921E-05 4.46871E-05 4.47157E-05 4.45327E-05
30.0 4.38876E-05 4.41313E-05 4.45312E-05 4.69847E-05 4.48199E-05 4.64757E-05 4.84793E-05 5.06398E-05 5.09818E-05 5.03773E-05 5.17275E-05
100.0 3.41214E-05 3.60149E-05 3.89334E-05 4.16115E-05 4.11689E-05 4.45421E-05 4.75479E-05 4.99654E-05 4.96921E-05 4.91261E-05 5.19758E-05
