Yield function of production of Ti44 by protons, neutrons, alphas, pi+ and pi-, [(Ti44 atoms * cm2) / (g * prim. part. nucleon)] (computed with Geant4.10).
The primaries are protons.
Energy[GeV/nuc],depths[g/cm2]: 1 3 5 10 15 20 30 40 50 60 70 80 90 100 110 124.6
0.01 1.06912E-04 2.45771E-08 2.00643E-08 1.92793E-08 1.79978E-08 1.74350E-08 1.63825E-08 1.47120E-08 1.15389E-08 8.91666E-09 1.14277E-08 7.30888E-09 4.57503E-09 5.90930E-09 4.20617E-09 3.71404E-09
0.03 1.08500E-04 1.38258E-05 3.78848E-07 3.53986E-07 3.37245E-07 3.29525E-07 3.31679E-07 3.01663E-07 2.75080E-07 2.48746E-07 2.46500E-07 2.03351E-07 1.90389E-07 1.77759E-07 1.63728E-07 1.22958E-07
0.1 1.20978E-04 1.10127E-04 8.69804E-05 6.43329E-05 1.23850E-05 1.24884E-05 1.27594E-05 1.23398E-05 1.19423E-05 1.11831E-05 1.08376E-05 9.98934E-06 9.63284E-06 8.05523E-06 8.33616E-06 7.24667E-06
0.18 3.15172E-05 4.86983E-05 5.96268E-05 7.14319E-05 1.00938E-04 1.05214E-04 8.62189E-05 6.01257E-05 5.89957E-05 5.78225E-05 5.61849E-05 5.34681E-05 5.19671E-05 4.98253E-05 4.89726E-05 5.10171E-05
0.3 5.81371E-05 7.20711E-05 8.88542E-05 1.03602E-04 1.37790E-04 1.61358E-04 1.78453E-04 2.09926E-04 2.23523E-04 2.29115E-04 2.08992E-04 2.02830E-04 1.92911E-04 1.97424E-04 1.92344E-04 1.82084E-04
0.56 1.19250E-04 1.44003E-04 1.79674E-04 2.14903E-04 2.78542E-04 3.32834E-04 3.88355E-04 4.72198E-04 5.38976E-04 5.94628E-04 6.36395E-04 6.69731E-04 6.87681E-04 7.23914E-04 7.28899E-04 7.17834E-04
1.0 2.06169E-04 2.49440E-04 3.11257E-04 3.64724E-04 4.87850E-04 5.82769E-04 6.66343E-04 8.38776E-04 9.47677E-04 1.06247E-03 1.13781E-03 1.21211E-03 1.25560E-03 1.29152E-03 1.29005E-03 1.31066E-03
3.0 4.37991E-04 5.28145E-04 6.48567E-04 7.62339E-04 1.01518E-03 1.21926E-03 1.44909E-03 1.76974E-03 2.07098E-03 2.28326E-03 2.47118E-03 2.62124E-03 2.78459E-03 2.90985E-03 2.86284E-03 3.01345E-03
10.0 1.12054E-03 1.33672E-03 1.63175E-03 1.90414E-03 2.50128E-03 3.02046E-03 3.57378E-03 4.39356E-03 5.16435E-03 5.72656E-03 6.20429E-03 6.59887E-03 6.90134E-03 7.22180E-03 7.25892E-03 7.45877E-03
30.0 1.88368E-03 2.21746E-03 2.70128E-03 3.21538E-03 4.14487E-03 4.99864E-03 5.90696E-03 7.42395E-03 8.74116E-03 9.94958E-03 1.07881E-02 1.15752E-02 1.20344E-02 1.26327E-02 1.30538E-02 1.31046E-02
100.0 3.81577E-03 4.50409E-03 5.39709E-03 6.24054E-03 8.28435E-03 9.95049E-03 1.18117E-02 1.46239E-02 1.70376E-02 1.93214E-02 2.11407E-02 2.29146E-02 2.41375E-02 2.48238E-02 2.51077E-02 2.62295E-02
