Yield function of production of Ti44 by protons, neutrons, alphas, [(Ti44 atoms * cm2) / (g * prim. part. nucleon)] (computed with Geant4.10).
The primaries are protons.
Energy[GeV/nuc],depths[g/cm2]: 1 3 5 10 15 20 30 40 50 60 70 80 90 100 110 124.6
0.01 7.64826E-08 0.00000E+00 0.00000E+00 0.00000E+00 0.00000E+00 0.00000E+00 0.00000E+00 0.00000E+00 0.00000E+00 0.00000E+00 0.00000E+00 0.00000E+00 0.00000E+00 0.00000E+00 0.00000E+00 0.00000E+00
0.03 1.46016E-07 2.96172E-09 5.85870E-13 5.52282E-13 5.00881E-13 2.82225E-13 1.90025E-13 1.61943E-13 1.03565E-13 6.45989E-14 4.96861E-14 3.47555E-14 3.84403E-14 4.96665E-14 4.95355E-14 1.31938E-13
0.1 3.21634E-07 3.22385E-07 2.80048E-07 2.07024E-07 3.40205E-09 2.98047E-09 2.69813E-09 2.23596E-09 2.02209E-09 1.73338E-09 1.65827E-09 1.40180E-09 1.33303E-09 1.16398E-09 1.69719E-09 6.17423E-10
0.18 2.99727E-07 3.11994E-07 2.84484E-07 2.67331E-07 2.26190E-07 1.79089E-07 1.21788E-07 2.01542E-08 1.78253E-08 1.63944E-08 1.49473E-08 1.38762E-08 1.34341E-08 1.29901E-08 1.29074E-08 1.26986E-08
0.3 3.13390E-07 3.23018E-07 3.38180E-07 3.31812E-07 3.16425E-07 2.98658E-07 2.67078E-07 2.36897E-07 1.92969E-07 1.47270E-07 8.95525E-08 6.02496E-08 5.97338E-08 5.30922E-08 5.19377E-08 5.28859E-08
0.56 1.43520E-06 1.76805E-06 2.04573E-06 2.18605E-06 3.38499E-06 2.12141E-06 2.26175E-06 1.60843E-06 1.19704E-06 1.12436E-06 9.86986E-07 7.47336E-07 7.74900E-07 5.24496E-07 4.59072E-07 4.20491E-07
1.0 9.22884E-06 1.22414E-05 1.50080E-05 1.68969E-05 1.98937E-05 1.94036E-05 1.91436E-05 2.30790E-05 1.76438E-05 3.96251E-05 2.02441E-05 1.77494E-05 1.47078E-05 1.83586E-05 1.36845E-05 1.48592E-05
3.0 4.81883E-05 5.72723E-05 6.38748E-05 7.11572E-05 8.75348E-05 8.88014E-05 1.16711E-04 1.05703E-04 1.19248E-04 1.11967E-04 1.05438E-04 1.09672E-04 1.17992E-04 1.55377E-04 1.02142E-04 1.18206E-04
10.0 1.68655E-04 1.89698E-04 2.20238E-04 2.43206E-04 2.73513E-04 2.95992E-04 3.46997E-04 3.60241E-04 3.81025E-04 3.86602E-04 4.13514E-04 4.86505E-04 4.68734E-04 5.48983E-04 4.23648E-04 3.75537E-04
30.0 3.81302E-04 4.22161E-04 4.68919E-04 5.62746E-04 5.76379E-04 6.20144E-04 7.02356E-04 7.47668E-04 8.52603E-04 9.80858E-04 9.25915E-04 9.44653E-04 9.40908E-04 1.04077E-03 9.98095E-04 1.04419E-03
100.0 9.01146E-04 9.86939E-04 1.05353E-03 1.15796E-03 1.33968E-03 1.42636E-03 1.60067E-03 1.76293E-03 1.83934E-03 1.86771E-03 2.01659E-03 2.27837E-03 2.11795E-03 2.53036E-03 2.06324E-03 2.17461E-03
