Yield function of production of Ti44 by protons, neutrons, alphas, [(Ti44 atoms * cm2) / (g * prim. part. nucleon)] (computed with Geant4.10).
The primaries are alphas.
Energy[GeV/nuc],depths[g/cm2]: 1 3 5 10 15 20 30 40 50 60 70 80 90 100 110 124.6
0.01 8.08266E-07 6.77308E-13 4.66903E-13 4.72348E-13 2.62483E-13 2.08265E-13 1.54741E-13 1.35470E-13 6.32318E-14 1.00191E-13 3.72455E-14 1.60491E-16 2.97300E-16 0.00000E+00 0.00000E+00 0.00000E+00
0.03 4.50848E-07 3.59730E-08 8.70019E-10 7.70912E-10 6.07439E-10 5.36331E-10 5.61910E-10 3.78105E-10 3.57832E-10 2.77644E-10 2.51417E-10 2.78891E-10 2.02324E-10 2.05586E-10 2.04334E-10 1.45160E-10
0.1 3.24907E-07 3.24418E-07 2.85252E-07 2.33087E-07 4.89608E-08 4.10296E-08 3.68857E-08 3.24418E-08 2.94500E-08 2.69080E-08 2.40455E-08 2.31022E-08 2.28839E-08 1.98559E-08 2.00048E-08 1.61858E-08
0.18 3.48013E-07 3.86029E-07 4.08335E-07 3.98836E-07 3.76424E-07 3.36226E-07 2.84123E-07 1.77245E-07 1.60452E-07 1.48416E-07 1.42840E-07 1.41195E-07 1.27521E-07 1.25226E-07 1.21374E-07 1.11913E-07
0.3 4.82778E-07 5.58065E-07 5.76119E-07 6.17840E-07 6.70623E-07 6.98499E-07 6.86342E-07 6.74813E-07 6.44138E-07 5.97742E-07 5.23032E-07 5.01267E-07 4.72968E-07 4.68389E-07 4.63546E-07 4.58759E-07
0.56 8.43203E-07 9.29372E-07 1.01141E-06 1.05012E-06 1.18572E-06 1.25110E-06 1.30356E-06 1.39628E-06 1.45352E-06 1.46451E-06 1.54043E-06 1.60529E-06 1.63293E-06 1.56019E-06 1.61739E-06 1.64358E-06
1.0 1.19394E-06 1.32564E-06 1.40694E-06 1.49247E-06 1.66376E-06 1.76477E-06 1.87455E-06 1.99723E-06 2.10710E-06 2.17949E-06 2.33620E-06 2.32742E-06 2.35392E-06 2.37443E-06 2.44176E-06 2.32686E-06
3.0 2.04496E-06 2.20610E-06 2.44201E-06 2.58605E-06 2.92787E-06 3.09092E-06 3.33497E-06 3.54661E-06 3.77743E-06 4.01180E-06 4.32832E-06 4.28436E-06 4.41571E-06 4.45965E-06 4.47360E-06 4.63814E-06
10.0 3.91370E-06 4.26293E-06 4.60504E-06 5.01847E-06 5.48796E-06 6.05321E-06 6.43025E-06 7.23094E-06 7.83048E-06 8.13140E-06 8.23021E-06 8.54934E-06 9.36295E-06 8.97752E-06 9.03751E-06 9.47601E-06
30.0 6.38446E-06 6.80294E-06 7.42702E-06 7.87669E-06 8.92277E-06 9.67719E-06 1.06515E-05 1.17472E-05 1.26958E-05 1.35156E-05 1.45072E-05 1.45193E-05 1.49223E-05 1.55852E-05 1.52365E-05 1.48663E-05
100.0 1.17087E-05 1.24559E-05 1.34464E-05 1.48399E-05 1.63424E-05 1.76017E-05 1.96630E-05 2.18188E-05 2.33292E-05 2.47361E-05 2.59492E-05 2.93037E-05 2.73737E-05 2.87780E-05 2.96876E-05 2.90360E-05
