Yield function of production of Ti44 by protons, neutrons, alphas, [(Ti44 atoms * cm2) / (g * prim. part. nucleon)] (computed with Geant4.10).
The primaries are alphas.
Energy[GeV/nuc],depths[g/cm2]: 1 3 5 10 15 20 30 40 50 60 70 80 90 100 110 124.6
0.01 8.08266E-07 6.77308E-13 4.66903E-13 4.72348E-13 2.62483E-13 2.08265E-13 1.54741E-13 1.35470E-13 6.32318E-14 1.00191E-13 3.72455E-14 1.60491E-16 2.97300E-16 0.00000E+00 0.00000E+00 0.00000E+00
0.03 4.50848E-07 3.59730E-08 8.70019E-10 7.70912E-10 6.07439E-10 5.36331E-10 5.61910E-10 3.78105E-10 3.57832E-10 2.77644E-10 2.51417E-10 2.78891E-10 2.02324E-10 2.05586E-10 2.04334E-10 1.45160E-10
0.1 3.24907E-07 3.24418E-07 2.85252E-07 2.33087E-07 4.89608E-08 4.10296E-08 3.68857E-08 3.24418E-08 2.94500E-08 2.69080E-08 2.40455E-08 2.31022E-08 2.28839E-08 1.98559E-08 2.00048E-08 1.61858E-08
0.18 3.48013E-07 3.86029E-07 4.08335E-07 3.98836E-07 3.76424E-07 3.36226E-07 2.84123E-07 1.77245E-07 1.60452E-07 1.48416E-07 1.42840E-07 1.41195E-07 1.27521E-07 1.25226E-07 1.21374E-07 1.11913E-07
0.3 4.89609E-07 6.23853E-07 5.99243E-07 6.50091E-07 7.16765E-07 7.44241E-07 6.97445E-07 6.83130E-07 6.61030E-07 6.13321E-07 5.29499E-07 5.14952E-07 4.72968E-07 4.68583E-07 4.63546E-07 4.58759E-07
0.56 4.86599E-06 5.90404E-06 7.53756E-06 8.33536E-06 1.22171E-05 8.57568E-06 7.76016E-06 7.68884E-06 6.87186E-06 5.26394E-06 4.91866E-06 4.27790E-06 9.23217E-06 4.40760E-06 3.65413E-06 2.90578E-06
1.0 3.89093E-05 4.29317E-05 6.07327E-05 5.87565E-05 6.61436E-05 8.85591E-05 7.63270E-05 7.61578E-05 9.16877E-05 7.88968E-05 7.60033E-05 6.89367E-05 7.28372E-05 7.28829E-05 7.48944E-05 6.08728E-05
3.0 1.81947E-04 2.25334E-04 2.62352E-04 2.71890E-04 3.17666E-04 3.56382E-04 3.61095E-04 4.41926E-04 4.19547E-04 5.03757E-04 4.54267E-04 4.35530E-04 4.23969E-04 4.48550E-04 4.23008E-04 4.48687E-04
10.0 7.01716E-04 7.76569E-04 8.89072E-04 1.05198E-03 1.14574E-03 1.24494E-03 1.38685E-03 1.44192E-03 1.60340E-03 1.60277E-03 1.71893E-03 1.73830E-03 1.83633E-03 1.82238E-03 1.75176E-03 1.87799E-03
30.0 1.65282E-03 1.81067E-03 2.16546E-03 2.25599E-03 2.56752E-03 2.87433E-03 3.06940E-03 3.48618E-03 3.65089E-03 3.89107E-03 3.94116E-03 4.37499E-03 4.06865E-03 4.17814E-03 3.82280E-03 4.23433E-03
100.0 3.73655E-03 3.90128E-03 4.28384E-03 4.57697E-03 5.17333E-03 5.69958E-03 6.46779E-03 7.89293E-03 7.57218E-03 8.96686E-03 7.94945E-03 8.90919E-03 8.98074E-03 1.06525E-02 9.37050E-03 8.87139E-03
