Yield function of production of Ti44 by protons, neutrons, alphas, [(Ti44 atoms * cm2) / (g * prim. part. nucleon)] (computed with Geant4.10).
The primaries are alphas.
Energy[GeV/nuc],depths[g/cm2]: 1 3 5 10 15 20 30 40 50 60 70 80 90 100 110 124.6
0.01 1.76132E-04 2.10563E-07 1.87286E-07 1.78936E-07 1.75392E-07 1.67410E-07 1.65374E-07 1.57259E-07 1.44588E-07 1.41128E-07 1.16545E-07 1.05048E-07 1.22855E-07 7.69880E-08 1.01185E-07 3.15403E-07
0.03 1.79930E-04 2.71746E-05 3.15122E-06 3.05419E-06 3.00591E-06 3.02672E-06 3.02257E-06 2.96152E-06 2.84024E-06 2.69719E-06 2.50662E-06 2.31763E-06 2.18523E-06 2.11745E-06 1.79176E-06 1.92266E-06
0.1 3.06751E-04 2.83656E-04 2.37276E-04 1.90047E-04 8.47137E-05 8.49308E-05 8.66776E-05 9.06499E-05 9.20532E-05 9.11475E-05 8.73534E-05 8.42686E-05 8.21282E-05 8.01936E-05 7.77099E-05 8.36474E-05
0.18 3.93053E-04 4.10058E-04 4.21878E-04 4.24593E-04 4.27413E-04 4.22389E-04 3.99967E-04 3.71222E-04 3.80518E-04 3.83322E-04 3.83681E-04 3.82810E-04 3.83614E-04 3.68940E-04 3.51511E-04 3.59382E-04
0.3 2.85861E-04 3.78595E-04 4.97033E-04 6.28669E-04 7.88673E-04 8.79547E-04 9.45431E-04 1.06951E-03 1.14676E-03 1.18641E-03 1.21443E-03 1.21865E-03 1.22866E-03 1.22490E-03 1.27568E-03 1.26184E-03
0.56 5.01995E-04 6.06217E-04 7.50485E-04 8.71601E-04 1.16686E-03 1.42390E-03 1.64391E-03 2.04692E-03 2.36932E-03 2.58352E-03 2.83084E-03 2.99860E-03 3.16215E-03 3.21776E-03 3.31394E-03 3.43111E-03
1.0 7.98455E-04 9.67654E-04 1.20496E-03 1.40193E-03 1.86871E-03 2.26322E-03 2.65570E-03 3.29392E-03 3.87412E-03 4.35255E-03 4.72596E-03 4.94895E-03 5.18253E-03 5.45736E-03 5.37610E-03 5.46266E-03
3.0 1.59670E-03 1.91626E-03 2.41707E-03 2.79672E-03 3.76807E-03 4.63861E-03 5.43564E-03 6.83964E-03 8.07248E-03 9.11535E-03 1.00450E-02 1.06283E-02 1.11561E-02 1.14964E-02 1.16485E-02 1.23668E-02
10.0 3.51737E-03 4.22674E-03 5.24568E-03 6.22224E-03 8.28560E-03 1.01499E-02 1.19889E-02 1.53330E-02 1.81290E-02 2.03259E-02 2.23273E-02 2.38316E-02 2.52307E-02 2.62497E-02 2.63343E-02 2.60355E-02
30.0 6.36433E-03 7.62781E-03 9.53527E-03 1.12567E-02 1.50597E-02 1.87376E-02 2.21282E-02 2.83534E-02 3.34903E-02 3.77791E-02 4.19771E-02 4.46405E-02 4.65543E-02 4.98321E-02 5.08445E-02 5.00151E-02
100.0 1.24844E-02 1.48783E-02 1.88975E-02 2.21182E-02 2.95251E-02 3.63264E-02 4.37278E-02 5.60415E-02 6.63209E-02 7.52259E-02 8.50700E-02 9.21784E-02 9.65909E-02 9.97102E-02 1.01927E-01 1.00892E-01
