Yield function of production of Ti44 by protons, neutrons, alphas, pi+ and pi-, [(Ti44 atoms * cm2) / (g * prim. part. nucleon)] (computed with Geant4.10).
The primaries are alphas.
Energy[GeV/nuc],depths[g/cm2]: 1 3 5 10 15 20 30 40 50 60 70 80 90 100 110 124.6
0.01 1.76132E-04 2.10563E-07 1.87286E-07 1.78936E-07 1.75392E-07 1.67410E-07 1.65374E-07 1.57259E-07 1.44588E-07 1.41128E-07 1.16545E-07 1.05048E-07 1.22855E-07 7.69880E-08 1.01185E-07 3.15403E-07
0.03 1.79930E-04 2.71746E-05 3.15122E-06 3.05419E-06 3.00591E-06 3.02672E-06 3.02257E-06 2.96152E-06 2.84024E-06 2.69719E-06 2.50662E-06 2.31763E-06 2.18523E-06 2.11745E-06 1.79176E-06 1.92266E-06
0.1 3.06751E-04 2.83656E-04 2.37276E-04 1.90047E-04 8.47137E-05 8.49308E-05 8.66776E-05 9.06499E-05 9.20532E-05 9.11475E-05 8.73534E-05 8.42686E-05 8.21282E-05 8.01936E-05 7.77099E-05 8.36474E-05
0.18 3.93053E-04 4.10058E-04 4.21878E-04 4.24593E-04 4.27413E-04 4.22389E-04 3.99967E-04 3.71222E-04 3.80518E-04 3.83322E-04 3.83681E-04 3.82810E-04 3.83614E-04 3.68940E-04 3.51511E-04 3.59382E-04
0.3 2.85868E-04 3.78661E-04 4.97056E-04 6.28701E-04 7.88719E-04 8.79593E-04 9.45442E-04 1.06951E-03 1.14678E-03 1.18643E-03 1.21444E-03 1.21866E-03 1.22866E-03 1.22490E-03 1.27568E-03 1.26184E-03
0.56 5.06017E-04 6.11191E-04 7.57011E-04 8.78886E-04 1.17789E-03 1.43123E-03 1.65037E-03 2.05321E-03 2.37474E-03 2.58732E-03 2.83422E-03 3.00127E-03 3.16975E-03 3.22061E-03 3.31597E-03 3.43237E-03
1.0 8.36171E-04 1.00926E-03 1.26429E-03 1.45919E-03 1.93319E-03 2.35001E-03 2.73015E-03 3.36808E-03 3.96370E-03 4.42927E-03 4.79963E-03 5.01555E-03 5.25302E-03 5.52786E-03 5.44856E-03 5.52120E-03
3.0 1.77660E-03 2.13939E-03 2.67698E-03 3.06602E-03 4.08281E-03 4.99190E-03 5.79340E-03 7.27802E-03 8.48825E-03 9.61510E-03 1.04949E-02 1.10595E-02 1.15756E-02 1.19405E-02 1.20670E-02 1.28108E-02
10.0 4.21517E-03 4.99904E-03 6.13015E-03 7.26920E-03 9.42585E-03 1.13888E-02 1.33693E-02 1.67677E-02 1.97245E-02 2.19205E-02 2.40379E-02 2.55613E-02 2.70576E-02 2.80631E-02 2.80770E-02 2.79040E-02
30.0 8.01077E-03 9.43168E-03 1.16933E-02 1.35048E-02 1.76183E-02 2.16022E-02 2.51869E-02 3.18278E-02 3.71285E-02 4.16567E-02 4.59038E-02 4.90010E-02 5.06080E-02 5.39946E-02 5.46521E-02 5.42345E-02
100.0 1.62093E-02 1.87671E-02 2.31679E-02 2.66804E-02 3.46821E-02 4.20083E-02 5.01759E-02 6.39126E-02 7.38697E-02 8.41680E-02 9.29935E-02 1.01058E-01 1.05544E-01 1.10334E-01 1.11267E-01 1.09734E-01
