Yield function of production of Ti44 by protons, neutrons, alphas, [(Ti44 atoms * cm2) / (g * prim. part. nucleon)] (computed with Geant4.10).
The primaries are protons.
Energy[GeV/nuc],depths[g/cm2]: 1 3 5 10 15 20 30 40 50 60 70 80 90 100 110 124.6
0.01 1.06912E-04 2.45771E-08 2.00643E-08 1.92793E-08 1.79978E-08 1.74350E-08 1.63825E-08 1.47120E-08 1.15389E-08 8.91666E-09 1.14277E-08 7.30888E-09 4.57503E-09 5.90930E-09 4.20617E-09 3.71404E-09
0.03 1.08500E-04 1.38258E-05 3.78848E-07 3.53986E-07 3.37245E-07 3.29525E-07 3.31679E-07 3.01663E-07 2.75080E-07 2.48746E-07 2.46500E-07 2.03351E-07 1.90389E-07 1.77759E-07 1.63728E-07 1.22958E-07
0.1 1.20978E-04 1.10127E-04 8.69804E-05 6.43329E-05 1.23850E-05 1.24884E-05 1.27594E-05 1.23398E-05 1.19423E-05 1.11831E-05 1.08376E-05 9.98934E-06 9.63284E-06 8.05523E-06 8.33616E-06 7.24667E-06
0.18 3.15172E-05 4.86983E-05 5.96268E-05 7.14319E-05 1.00938E-04 1.05214E-04 8.62189E-05 6.01257E-05 5.89957E-05 5.78225E-05 5.61849E-05 5.34681E-05 5.19671E-05 4.98253E-05 4.89726E-05 5.10171E-05
0.3 5.81344E-05 7.20692E-05 8.88521E-05 1.03596E-04 1.37790E-04 1.61358E-04 1.78453E-04 2.09926E-04 2.23523E-04 2.29115E-04 2.08992E-04 2.02830E-04 1.92911E-04 1.97424E-04 1.92344E-04 1.82084E-04
0.56 1.18160E-04 1.42600E-04 1.78003E-04 2.13117E-04 2.75559E-04 3.31128E-04 3.86509E-04 4.71014E-04 5.38204E-04 5.93933E-04 6.35843E-04 6.69435E-04 6.87322E-04 7.23813E-04 7.28870E-04 7.17830E-04
1.0 1.97332E-04 2.37615E-04 2.96697E-04 3.48286E-04 4.68450E-04 5.63899E-04 6.47738E-04 8.16251E-04 9.30609E-04 1.02345E-03 1.11818E-03 1.19497E-03 1.24149E-03 1.27377E-03 1.27699E-03 1.29639E-03
3.0 3.90372E-04 4.71475E-04 5.85335E-04 6.91855E-04 9.28377E-04 1.13127E-03 1.33321E-03 1.66492E-03 1.95268E-03 2.17226E-03 2.36684E-03 2.51263E-03 2.66773E-03 2.75555E-03 2.76176E-03 2.89635E-03
10.0 9.53012E-04 1.14825E-03 1.41283E-03 1.66233E-03 2.22938E-03 2.72611E-03 3.22851E-03 4.03526E-03 4.78539E-03 5.34211E-03 5.79301E-03 6.11463E-03 6.43485E-03 6.67501E-03 6.83751E-03 7.08555E-03
30.0 1.50395E-03 1.79696E-03 2.23418E-03 2.65454E-03 3.57063E-03 4.38077E-03 5.20709E-03 6.67901E-03 7.89161E-03 8.97185E-03 9.86545E-03 1.06340E-02 1.10970E-02 1.15957E-02 1.20606E-02 1.20640E-02
100.0 2.91744E-03 3.52016E-03 4.34685E-03 5.08596E-03 6.94867E-03 8.52827E-03 1.02154E-02 1.28658E-02 1.52035E-02 1.74595E-02 1.91302E-02 2.06425E-02 2.20262E-02 2.23003E-02 2.30514E-02 2.40618E-02
