Yield function of production of Ti44 by protons, neutrons, alphas, [(Ti44 atoms * cm2) / (g * prim. part. nucleon)] (computed with Geant4.10).
The primaries are protons.
Energy[GeV/nuc],depths[g/cm2]: 1 3 5 10 15 20 30 40 50 60 70 80 90 100 110 124.6
0.01 7.64826E-08 0.00000E+00 0.00000E+00 0.00000E+00 0.00000E+00 0.00000E+00 0.00000E+00 0.00000E+00 0.00000E+00 0.00000E+00 0.00000E+00 0.00000E+00 0.00000E+00 0.00000E+00 0.00000E+00 0.00000E+00
0.03 1.46016E-07 2.96172E-09 5.85870E-13 5.52282E-13 5.00881E-13 2.82225E-13 1.90025E-13 1.61943E-13 1.03565E-13 6.45989E-14 4.96861E-14 3.47555E-14 3.84403E-14 4.96665E-14 4.95355E-14 1.31938E-13
0.1 3.21634E-07 3.22385E-07 2.80048E-07 2.07024E-07 3.40205E-09 2.98047E-09 2.69813E-09 2.23596E-09 2.02209E-09 1.73338E-09 1.65827E-09 1.40180E-09 1.33303E-09 1.16398E-09 1.69719E-09 6.17423E-10
0.18 2.99727E-07 3.11994E-07 2.84484E-07 2.67331E-07 2.26190E-07 1.79089E-07 1.21788E-07 2.01542E-08 1.78253E-08 1.63944E-08 1.49473E-08 1.38762E-08 1.34341E-08 1.29901E-08 1.29074E-08 1.26986E-08
0.3 3.10683E-07 3.21085E-07 3.36058E-07 3.25787E-07 3.16419E-07 2.97835E-07 2.67035E-07 2.36897E-07 1.92969E-07 1.47270E-07 8.95525E-08 6.02496E-08 5.97338E-08 5.30922E-08 5.19377E-08 5.28859E-08
0.56 3.45390E-07 3.64642E-07 3.75327E-07 4.00531E-07 4.01613E-07 4.15523E-07 4.15871E-07 4.24668E-07 4.24861E-07 4.28837E-07 4.35451E-07 4.51540E-07 4.16631E-07 4.23858E-07 4.30089E-07 4.16396E-07
1.0 3.91484E-07 4.16575E-07 4.48505E-07 4.58403E-07 4.93503E-07 5.33588E-07 5.39039E-07 5.53426E-07 5.75784E-07 6.11382E-07 6.06863E-07 6.08473E-07 5.92777E-07 6.11464E-07 6.19498E-07 5.86643E-07
3.0 5.69481E-07 6.03129E-07 6.43264E-07 6.72514E-07 7.36904E-07 8.09813E-07 8.29279E-07 8.88034E-07 9.44895E-07 9.66506E-07 1.10109E-06 1.05530E-06 1.13209E-06 1.06744E-06 1.06391E-06 1.10984E-06
10.0 1.13094E-06 1.22222E-06 1.32148E-06 1.40404E-06 1.60889E-06 1.64510E-06 1.72455E-06 1.93469E-06 2.06558E-06 2.15373E-06 2.23115E-06 2.26222E-06 2.24381E-06 2.19350E-06 2.23193E-06 2.32248E-06
30.0 1.56897E-06 1.65666E-06 1.81427E-06 1.90830E-06 2.13559E-06 2.27473E-06 2.48626E-06 2.72843E-06 3.04877E-06 3.12726E-06 3.25232E-06 3.50657E-06 3.52906E-06 3.69107E-06 4.91980E-06 3.51648E-06
100.0 2.81358E-06 3.01093E-06 3.28454E-06 3.37973E-06 3.99760E-06 4.14029E-06 4.42855E-06 4.86998E-06 5.22353E-06 5.85751E-06 6.02791E-06 6.24753E-06 6.58750E-06 6.82903E-06 6.95507E-06 6.94500E-06
