Yield function of production of Ti44 by protons, neutrons, alphas, pi+ and pi-, [(Ti44 atoms * cm2) / (g * prim. part. nucleon)] (computed with Geant4.10).
The primaries are alphas.
Energy[GeV/nuc],depths[g/cm2]: 1 3 5 10 15 20 30 40 50 60 70 80 90 100 110 128.16
0.01 3.62566E-06 8.15557E-15 5.30804E-15 5.77554E-15 6.08251E-15 3.06577E-15 3.39612E-15 4.43328E-15 6.58383E-16 0.00000E+00 0.00000E+00 0.00000E+00 0.00000E+00 0.00000E+00 0.00000E+00 0.00000E+00
0.03 1.35047E-05 1.77158E-07 1.12642E-10 9.37410E-11 7.93841E-11 6.66318E-11 6.45831E-11 5.12606E-11 4.53763E-11 4.11966E-11 3.54303E-11 3.01133E-11 3.74269E-11 4.41315E-11 2.62160E-11 2.69784E-11
0.1 1.59044E-05 1.42053E-05 1.06627E-05 7.03846E-06 3.37401E-08 2.84138E-08 2.54983E-08 2.31228E-08 2.03908E-08 2.01664E-08 1.88942E-08 1.77838E-08 1.54264E-08 1.51549E-08 1.72471E-08 1.67537E-08
0.18 1.30881E-05 1.25000E-05 1.13436E-05 1.04681E-05 8.41255E-06 6.15114E-06 3.63457E-06 3.07366E-07 2.75949E-07 2.51155E-07 2.41591E-07 2.29346E-07 2.32893E-07 2.13878E-07 2.16784E-07 2.21611E-07
0.3 1.41106E-05 1.42886E-05 1.31341E-05 1.25853E-05 1.14206E-05 1.02710E-05 8.91971E-06 7.20085E-06 5.69783E-06 4.27949E-06 2.54050E-06 1.82489E-06 1.68884E-06 1.63293E-06 1.64715E-06 1.61675E-06
0.56 1.90508E-05 1.94207E-05 2.00379E-05 1.97487E-05 1.97996E-05 1.97581E-05 1.92330E-05 1.91842E-05 1.84050E-05 1.79022E-05 1.79035E-05 1.68093E-05 1.83930E-05 1.63265E-05 1.65016E-05 1.51196E-05
1.0 2.63313E-05 2.79073E-05 2.86141E-05 2.90973E-05 3.08501E-05 3.12198E-05 3.30049E-05 3.45484E-05 3.44980E-05 3.39205E-05 3.51506E-05 3.42759E-05 3.40191E-05 3.40310E-05 3.48949E-05 4.52511E-05
3.0 3.81362E-05 3.99266E-05 4.21662E-05 4.32528E-05 4.66981E-05 4.89178E-05 5.05131E-05 5.42715E-05 5.58955E-05 5.84768E-05 5.87889E-05 6.23091E-05 6.19120E-05 6.33594E-05 6.42736E-05 6.24658E-05
10.0 5.48127E-05 5.86958E-05 6.07284E-05 6.36028E-05 7.02688E-05 7.30491E-05 7.68528E-05 8.34222E-05 8.97538E-05 9.24142E-05 9.34042E-05 9.70222E-05 1.04323E-04 1.01255E-04 9.72133E-05 9.79937E-05
30.0 7.82050E-05 8.14246E-05 8.86244E-05 9.10227E-05 9.90255E-05 1.10309E-04 1.14934E-04 1.22621E-04 1.28856E-04 1.39105E-04 1.41213E-04 1.44709E-04 1.50421E-04 1.47892E-04 1.43330E-04 1.43693E-04
100.0 1.13847E-04 1.17361E-04 1.28983E-04 1.32492E-04 1.51156E-04 1.60169E-04 1.72235E-04 1.89646E-04 2.11016E-04 2.09120E-04 2.24156E-04 2.54823E-04 2.50033E-04 2.70280E-04 2.53720E-04 2.56996E-04
