Yield function of production of Ti44 by protons, neutrons, alphas, pi+ and pi-, [(Ti44 atoms * cm2) / (g * prim. part. nucleon)] (computed with Geant4.10).
The primaries are protons.
Energy[GeV/nuc],depths[g/cm2]: 1 3 5 10 15 20 30 40 50 60 70 80 90 100 110 128.16
0.01 0.00000E+00 0.00000E+00 0.00000E+00 0.00000E+00 0.00000E+00 0.00000E+00 0.00000E+00 0.00000E+00 0.00000E+00 0.00000E+00 0.00000E+00 0.00000E+00 0.00000E+00 0.00000E+00 0.00000E+00 0.00000E+00
0.03 9.57898E-09 7.16006E-17 7.41579E-17 7.68604E-17 8.43385E-17 9.30169E-17 1.88962E-16 4.42360E-16 0.00000E+00 0.00000E+00 0.00000E+00 0.00000E+00 0.00000E+00 0.00000E+00 0.00000E+00 0.00000E+00
0.1 6.47191E-07 2.63832E-07 5.71663E-08 2.38142E-08 4.17725E-10 3.94238E-10 3.38368E-10 2.88906E-10 2.48235E-10 2.15516E-10 1.77667E-10 1.98960E-10 1.67720E-10 1.70506E-10 1.43150E-10 2.61866E-10
0.18 2.39937E-06 1.75160E-06 1.34535E-06 9.88752E-07 4.54889E-07 1.61448E-07 3.40084E-08 1.49233E-08 1.34218E-08 1.21101E-08 1.26810E-08 1.01170E-08 1.08140E-08 9.92415E-09 1.06730E-08 1.02343E-08
0.3 5.24273E-06 5.14514E-06 4.70517E-06 3.98801E-06 2.95095E-06 2.23822E-06 1.76037E-06 1.00780E-06 5.18169E-07 2.34434E-07 1.46052E-07 1.32398E-07 1.34125E-07 1.29051E-07 1.21175E-07 1.18838E-07
0.56 9.97959E-06 9.89653E-06 9.65495E-06 9.13396E-06 8.52530E-06 8.11907E-06 7.63079E-06 6.82963E-06 6.26461E-06 5.38237E-06 4.71746E-06 4.41135E-06 4.07390E-06 3.72939E-06 3.39134E-06 3.12038E-06
1.0 1.38219E-05 1.44386E-05 1.40271E-05 1.36273E-05 1.33944E-05 1.28776E-05 1.24156E-05 1.24034E-05 1.17705E-05 1.12865E-05 1.09955E-05 1.04202E-05 1.04804E-05 1.05506E-05 1.00288E-05 9.79152E-06
3.0 1.29223E-05 1.36609E-05 1.34766E-05 1.40653E-05 1.43803E-05 1.47820E-05 1.48271E-05 1.55120E-05 1.58341E-05 1.58994E-05 1.61297E-05 1.63993E-05 1.55006E-05 1.62335E-05 1.66004E-05 1.59323E-05
10.0 1.70344E-05 1.76446E-05 1.83086E-05 1.87537E-05 1.97132E-05 2.13099E-05 2.16510E-05 2.22801E-05 2.34018E-05 2.35087E-05 2.32765E-05 2.45042E-05 2.47642E-05 2.46095E-05 2.44006E-05 2.32759E-05
30.0 2.25047E-05 2.29276E-05 2.42617E-05 2.58306E-05 2.62751E-05 2.72908E-05 2.84166E-05 3.02695E-05 3.12159E-05 3.39058E-05 3.33987E-05 3.58256E-05 3.86597E-05 3.65804E-05 3.81198E-05 3.85305E-05
100.0 3.33090E-05 3.48011E-05 3.59946E-05 3.69928E-05 3.95445E-05 4.10752E-05 4.28474E-05 4.90604E-05 5.07424E-05 5.41118E-05 5.44155E-05 6.29710E-05 6.05151E-05 6.08795E-05 5.64599E-05 5.82202E-05
