Yield function of production of Ti44 by protons, neutrons, alphas, [(Ti44 atoms * cm2) / (g * prim. part. nucleon)] (computed with Geant4.10).
The primaries are protons.
Energy[GeV/nuc],depths[g/cm2]: 0 1 3 5 9.03 13.06 17.09 21.12 25.15 29.18 33.21
0.03 1.06816E-08 0.00000E+00 0.00000E+00 0.00000E+00 0.00000E+00 0.00000E+00 0.00000E+00 0.00000E+00 0.00000E+00 0.00000E+00 0.00000E+00
0.1 5.32476E-07 2.22800E-07 6.02587E-08 2.76655E-08 5.12221E-10 4.72722E-10 4.57000E-10 4.41942E-10 4.32383E-10 4.17738E-10 4.23456E-10
0.18 1.90951E-06 1.47026E-06 1.12148E-06 8.48316E-07 4.34315E-07 2.36184E-07 1.04050E-07 3.55938E-08 1.73105E-08 1.44419E-08 1.47411E-08
0.3 4.46832E-06 4.24530E-06 3.79759E-06 3.56061E-06 2.73718E-06 2.51543E-06 2.30320E-06 2.17952E-06 2.02191E-06 1.96850E-06 1.93441E-06
0.56 9.02161E-06 8.62004E-06 8.09258E-06 8.08270E-06 6.98060E-06 6.86038E-06 6.82727E-06 6.71838E-06 6.63296E-06 6.54281E-06 6.41309E-06
1.0 1.16430E-05 1.11412E-05 1.05602E-05 1.05533E-05 9.22996E-06 9.20334E-06 9.14941E-06 9.06204E-06 9.00528E-06 8.99967E-06 8.88769E-06
3.0 8.99926E-06 8.65156E-06 8.43403E-06 8.62116E-06 7.71404E-06 7.79670E-06 7.90861E-06 7.98549E-06 8.02172E-06 7.96314E-06 8.12618E-06
10.0 1.05305E-05 1.02693E-05 1.01875E-05 1.05181E-05 9.59785E-06 9.88753E-06 9.99126E-06 1.02798E-05 1.03173E-05 1.03050E-05 1.03954E-05
30.0 1.08850E-05 1.07384E-05 1.05064E-05 1.10347E-05 1.00374E-05 1.03074E-05 1.05141E-05 1.09820E-05 1.11074E-05 1.08778E-05 1.02729E-05
100.0 1.25089E-05 1.24190E-05 1.25796E-05 1.27682E-05 1.17746E-05 1.23687E-05 1.22453E-05 1.27261E-05 1.26804E-05 1.28203E-05 1.27555E-05
