Yield function of production of Ti44 by protons, neutrons, alphas, [(Ti44 atoms * cm2) / (g * prim. part. nucleon)] (computed with Geant4.10).
The primaries are alphas.
Energy[GeV/nuc],depths[g/cm2]: 0 1 3 5 9.03 13.06 17.09 21.12 25.15 29.18 33.21
0.03 9.58360E-06 1.55508E-07 1.09372E-10 1.00466E-10 8.10458E-11 7.57127E-11 7.21806E-11 6.85158E-11 7.06596E-11 6.99475E-11 7.11437E-11
0.1 1.23050E-05 1.08009E-05 7.68807E-06 5.25239E-06 4.07805E-07 2.83459E-08 2.70021E-08 2.59072E-08 2.54563E-08 2.42200E-08 2.43851E-08
0.18 1.11596E-05 1.06003E-05 9.70349E-06 9.39307E-06 7.60156E-06 6.31131E-06 5.13006E-06 3.61946E-06 1.43958E-06 3.25207E-07 3.13374E-07
0.3 1.37740E-05 1.30442E-05 1.21993E-05 1.21763E-05 1.05508E-05 1.03786E-05 1.01385E-05 9.90415E-06 9.61064E-06 9.42037E-06 9.34712E-06
0.56 1.67666E-05 1.61504E-05 1.55755E-05 1.58067E-05 1.40806E-05 1.41963E-05 1.43044E-05 1.43886E-05 1.43985E-05 1.43504E-05 1.41520E-05
1.0 1.95915E-05 1.92080E-05 1.89086E-05 1.94666E-05 1.77647E-05 1.82007E-05 1.85431E-05 1.87545E-05 1.87579E-05 1.89416E-05 1.86262E-05
3.0 2.30763E-05 2.29011E-05 2.29599E-05 2.38625E-05 2.20609E-05 2.28861E-05 2.35776E-05 2.38464E-05 2.42529E-05 2.41844E-05 2.43077E-05
10.0 2.80454E-05 2.81938E-05 2.85845E-05 3.01741E-05 2.83293E-05 2.98049E-05 3.06514E-05 3.15948E-05 3.18801E-05 3.19010E-05 3.17746E-05
30.0 3.12902E-05 3.14721E-05 3.17672E-05 3.35226E-05 3.19845E-05 3.31715E-05 3.46073E-05 3.61495E-05 3.63996E-05 3.59719E-05 3.69388E-05
100.0 2.43946E-05 2.57541E-05 2.78387E-05 2.97608E-05 2.94473E-05 3.18629E-05 3.40159E-05 3.57490E-05 3.55527E-05 3.51577E-05 3.71872E-05
