Yield function of production of Ti44 by protons, neutrons, alphas, pi+ and pi-, [(Ti44 atoms * cm2) / (g * prim. part. nucleon)] (computed with Geant4.10).
The primaries are alphas.
Energy[GeV/nuc],depths[g/cm2]: 1 3 5 10 15 20 30 40 50 60 70 80 90 100 110 120 130 140 150 160 170 180 190 200 210 220 230 240 250 260 270 280 290 300 310 316.2
0.01 1.75975E-04 2.27217E-07 1.91599E-07 1.81815E-07 1.64475E-07 1.61749E-07 1.52916E-07 1.28652E-07 1.13839E-07 9.41754E-08 8.04611E-08 6.82445E-08 5.45486E-08 4.85226E-08 3.48231E-08 2.91207E-08 2.04123E-08 1.74803E-08 1.18484E-08 1.00355E-08 9.47528E-09 5.86970E-09 3.47663E-09 2.38465E-09 3.19333E-09 5.44132E-10 0.00000E+00 0.00000E+00 0.00000E+00 0.00000E+00 0.00000E+00 0.00000E+00 0.00000E+00 0.00000E+00 0.00000E+00 0.00000E+00
0.03 1.80212E-04 2.79500E-05 3.12869E-06 2.94871E-06 2.81284E-06 2.78754E-06 2.70759E-06 2.48450E-06 2.21631E-06 1.97508E-06 1.74296E-06 1.42833E-06 1.21820E-06 1.01546E-06 8.76276E-07 7.02773E-07 5.98920E-07 4.93398E-07 4.55181E-07 3.51990E-07 3.20094E-07 2.24785E-07 2.37689E-07 1.86223E-07 1.70973E-07 1.31095E-07 1.05702E-07 8.91541E-08 6.34767E-08 4.67195E-08 4.17412E-08 4.53522E-08 1.42131E-08 3.51966E-08 1.94288E-08 0.00000E+00
0.1 2.98028E-04 2.75014E-04 2.28049E-04 1.82603E-04 7.64918E-05 7.57199E-05 7.54117E-05 7.30313E-05 6.89504E-05 6.42816E-05 5.93347E-05 5.34203E-05 4.81085E-05 4.17303E-05 3.79076E-05 3.35819E-05 2.99457E-05 2.75114E-05 2.36206E-05 2.15822E-05 1.97019E-05 1.85850E-05 1.64028E-05 1.46640E-05 1.46239E-05 1.37426E-05 1.35217E-05 1.14951E-05 1.09645E-05 1.14979E-05 9.92411E-06 9.98926E-06 1.00095E-05 1.12564E-05 1.54427E-05 6.56824E-06
0.18 3.72036E-04 3.80012E-04 3.82802E-04 3.83842E-04 3.78626E-04 3.61897E-04 3.39566E-04 2.96040E-04 2.94639E-04 2.76865E-04 2.59633E-04 2.45192E-04 2.24961E-04 2.12113E-04 1.92682E-04 1.77954E-04 1.63863E-04 1.52519E-04 1.41481E-04 1.29927E-04 1.18379E-04 1.12145E-04 1.06256E-04 1.00407E-04 9.34307E-05 8.91259E-05 8.80481E-05 8.39662E-05 8.50250E-05 7.97279E-05 7.22386E-05 7.30918E-05 7.22796E-05 7.29874E-05 6.06031E-05 1.00502E-04
0.3 2.34182E-04 3.18823E-04 4.45058E-04 5.37174E-04 6.81399E-04 7.53485E-04 8.03173E-04 8.81850E-04 8.98678E-04 8.93774E-04 8.59972E-04 8.23590E-04 7.91525E-04 7.49741E-04 7.11986E-04 6.70709E-04 6.36003E-04 5.91143E-04 5.61567E-04 5.23730E-04 5.06532E-04 4.80217E-04 4.66889E-04 4.40481E-04 4.37200E-04 4.22102E-04 3.82217E-04 3.69475E-04 3.47077E-04 3.38228E-04 3.48951E-04 3.06886E-04 3.31048E-04 3.48984E-04 3.92822E-04 2.84292E-04
0.56 4.58360E-04 5.55340E-04 6.91010E-04 8.03356E-04 1.04770E-03 1.27899E-03 1.45237E-03 1.75829E-03 2.01053E-03 2.16446E-03 2.26978E-03 2.36080E-03 2.35687E-03 2.37386E-03 2.34972E-03 2.34201E-03 2.29298E-03 2.23359E-03 2.18695E-03 2.14810E-03 2.06121E-03 2.00872E-03 1.96156E-03 1.90182E-03 1.84643E-03 1.82066E-03 1.79910E-03 1.73803E-03 1.72434E-03 1.78759E-03 1.69703E-03 1.55921E-03 1.62292E-03 1.55806E-03 1.81970E-03 1.79888E-03
1.0 8.19961E-04 9.90610E-04 1.22881E-03 1.43099E-03 1.90503E-03 2.26981E-03 2.65551E-03 3.22533E-03 3.71767E-03 4.08803E-03 4.30941E-03 4.49736E-03 4.60868E-03 4.68560E-03 4.74970E-03 4.75937E-03 4.77202E-03 4.74785E-03 4.73138E-03 4.73131E-03 4.63132E-03 4.55966E-03 4.48072E-03 4.42715E-03 4.36226E-03 4.32925E-03 4.17647E-03 4.17997E-03 4.12324E-03 4.19735E-03 4.12505E-03 4.37554E-03 4.01707E-03 3.92759E-03 3.87460E-03 3.59309E-03
3.0 1.97633E-03 2.35179E-03 2.91604E-03 3.42037E-03 4.47773E-03 5.42833E-03 6.32856E-03 7.79269E-03 8.98999E-03 1.00424E-02 1.08729E-02 1.14694E-02 1.20463E-02 1.24285E-02 1.27133E-02 1.29874E-02 1.31653E-02 1.34869E-02 1.34209E-02 1.34707E-02 1.35638E-02 1.35163E-02 1.36746E-02 1.36446E-02 1.35371E-02 1.34924E-02 1.32608E-02 1.33432E-02 1.32034E-02 1.34931E-02 1.34068E-02 1.31909E-02 1.30956E-02 1.29637E-02 1.27350E-02 1.27717E-02
10.0 5.06586E-03 6.03212E-03 7.48921E-03 8.67171E-03 1.15245E-02 1.38791E-02 1.62093E-02 2.02214E-02 2.34666E-02 2.62144E-02 2.86129E-02 3.05185E-02 3.21597E-02 3.34848E-02 3.46610E-02 3.53281E-02 3.59620E-02 3.68631E-02 3.75426E-02 3.78270E-02 3.80402E-02 3.82027E-02 3.87474E-02 3.84121E-02 3.91415E-02 3.90210E-02 3.86662E-02 3.94780E-02 3.97435E-02 3.94425E-02 3.96929E-02 4.01951E-02 3.91327E-02 4.19816E-02 4.01564E-02 3.44850E-02
30.0 1.12148E-02 1.32270E-02 1.61778E-02 1.86116E-02 2.45545E-02 2.99991E-02 3.48531E-02 4.36731E-02 5.15652E-02 5.79038E-02 6.34935E-02 6.87727E-02 7.28007E-02 7.67281E-02 7.96056E-02 8.19218E-02 8.45577E-02 8.69349E-02 8.82532E-02 9.04873E-02 9.19275E-02 9.26731E-02 9.34665E-02 9.33862E-02 9.45187E-02 9.37436E-02 9.59978E-02 9.48149E-02 9.59904E-02 9.80566E-02 9.50431E-02 9.63025E-02 9.64072E-02 9.52700E-02 9.07036E-02 9.89022E-02
100.0 2.57877E-02 3.03903E-02 3.67902E-02 4.25656E-02 5.63121E-02 6.93281E-02 8.02743E-02 9.95119E-02 1.16761E-01 1.31800E-01 1.43748E-01 1.57859E-01 1.66693E-01 1.76257E-01 1.84666E-01 1.91473E-01 1.95840E-01 2.00789E-01 2.07333E-01 2.08431E-01 2.13627E-01 2.20244E-01 2.22071E-01 2.22513E-01 2.24823E-01 2.30069E-01 2.36718E-01 2.32909E-01 2.36245E-01 2.44192E-01 2.45872E-01 2.52760E-01 2.46947E-01 2.51849E-01 2.80009E-01 2.49935E-01
