Yield function of production of Ti44 by protons, neutrons, alphas, pi+ and pi-, [(Ti44 atoms * cm2) / (g * prim. part. nucleon)] (computed with Geant4.10).
The primaries are protons.
Energy[GeV/nuc],depths[g/cm2]: 1 3 5 10 15 20 30 40 50 60 70 80 90 100 110 120 130 140 150 160 170 180 190 200 210 220 230 240 250 260 270 280 290 300 310 316.2
0.01 1.06920E-04 2.72844E-08 2.26459E-08 2.16555E-08 2.04378E-08 1.91642E-08 1.74931E-08 1.60392E-08 1.41100E-08 9.81490E-09 6.44828E-09 5.92108E-09 4.00269E-09 3.51870E-09 2.72352E-09 1.97019E-09 1.69979E-09 1.09960E-09 8.96857E-10 7.53849E-10 3.06764E-10 7.92997E-10 1.20263E-10 1.62028E-10 2.06579E-10 5.57210E-11 1.05250E-10 7.40208E-11 4.24975E-10 1.72641E-10 0.00000E+00 0.00000E+00 0.00000E+00 0.00000E+00 0.00000E+00 0.00000E+00
0.03 1.08438E-04 1.43844E-05 4.30250E-07 4.02201E-07 3.72206E-07 3.54186E-07 3.42249E-07 3.02771E-07 2.53945E-07 2.17013E-07 1.78189E-07 1.45373E-07 1.11459E-07 8.82954E-08 7.29836E-08 5.63288E-08 4.10891E-08 2.95020E-08 2.51173E-08 1.83736E-08 1.47283E-08 1.18765E-08 1.21255E-08 6.53744E-09 6.52278E-09 4.55642E-09 3.93004E-09 1.41452E-09 2.40578E-09 2.03840E-09 7.19478E-10 9.67578E-10 4.24741E-09 2.82287E-09 0.00000E+00 0.00000E+00
0.1 1.18275E-04 1.07329E-04 8.41627E-05 6.30563E-05 1.16030E-05 1.13499E-05 1.07798E-05 1.01158E-05 9.24208E-06 8.15587E-06 7.27619E-06 6.43906E-06 5.22417E-06 4.45543E-06 3.80622E-06 3.26194E-06 2.62184E-06 2.32614E-06 1.84351E-06 1.58809E-06 1.48270E-06 1.10441E-06 9.70985E-07 8.61431E-07 7.62100E-07 6.87596E-07 7.36247E-07 6.42662E-07 5.08069E-07 5.24917E-07 3.89947E-07 2.57167E-07 3.78906E-07 4.54018E-07 1.95677E-07 0.00000E+00
0.18 2.70216E-05 4.04322E-05 5.29079E-05 6.55266E-05 9.20929E-05 9.57951E-05 7.71425E-05 4.97759E-05 4.61811E-05 4.23730E-05 3.88075E-05 3.54990E-05 3.06989E-05 2.71895E-05 2.52715E-05 2.27007E-05 1.93820E-05 1.71966E-05 1.54844E-05 1.43006E-05 1.22471E-05 1.18896E-05 1.02412E-05 9.68649E-06 8.76783E-06 8.39579E-06 8.05951E-06 8.03165E-06 6.77558E-06 8.10522E-06 5.76897E-06 7.01713E-06 7.72510E-06 8.45404E-06 9.92598E-06 4.44641E-06
0.3 5.09107E-05 6.32357E-05 8.00271E-05 9.28609E-05 1.21289E-04 1.37200E-04 1.50538E-04 1.68618E-04 1.78123E-04 1.72390E-04 1.50385E-04 1.31238E-04 1.18840E-04 1.09298E-04 9.77201E-05 8.67520E-05 8.24911E-05 7.60047E-05 6.73551E-05 6.46644E-05 6.27056E-05 5.60458E-05 5.17004E-05 5.33649E-05 4.73246E-05 4.70528E-05 3.97593E-05 4.11386E-05 3.98204E-05 3.35424E-05 3.50305E-05 3.91834E-05 3.41038E-05 3.22833E-05 2.37800E-05 5.09118E-05
0.56 1.06010E-04 1.28242E-04 1.67477E-04 1.87793E-04 2.43035E-04 2.87161E-04 3.25849E-04 3.82233E-04 4.26590E-04 4.56150E-04 4.62434E-04 4.61515E-04 4.60546E-04 4.44462E-04 4.32221E-04 4.12545E-04 3.95513E-04 3.73030E-04 3.50169E-04 3.32666E-04 3.14073E-04 2.96339E-04 2.86578E-04 2.57801E-04 2.43053E-04 2.40838E-04 2.26141E-04 2.27245E-04 2.15355E-04 2.04548E-04 2.02019E-04 2.01749E-04 1.93600E-04 1.65292E-04 1.77368E-04 3.07722E-04
1.0 1.94210E-04 2.35565E-04 2.93038E-04 3.51625E-04 4.49759E-04 5.39630E-04 6.14804E-04 7.41737E-04 8.30792E-04 9.05447E-04 9.38552E-04 9.76423E-04 9.97531E-04 9.96558E-04 9.96922E-04 9.80768E-04 9.79125E-04 9.79172E-04 9.53901E-04 9.35958E-04 9.21738E-04 9.33701E-04 8.89977E-04 8.77003E-04 8.86287E-04 8.29917E-04 8.41400E-04 8.61413E-04 7.99161E-04 7.62527E-04 7.99481E-04 7.72454E-04 7.55278E-04 7.19319E-04 7.77607E-04 1.86655E-03
3.0 4.89126E-04 5.82148E-04 7.21343E-04 8.43398E-04 1.09912E-03 1.33251E-03 1.52963E-03 1.88419E-03 2.18901E-03 2.43662E-03 2.60711E-03 2.75759E-03 2.89221E-03 2.98074E-03 3.03002E-03 3.05971E-03 3.11120E-03 3.12833E-03 3.12099E-03 3.12023E-03 3.16318E-03 3.15343E-03 3.16119E-03 3.17261E-03 3.11111E-03 3.07367E-03 3.06037E-03 3.08628E-03 3.03468E-03 3.07467E-03 3.02618E-03 3.02968E-03 3.14266E-03 3.07740E-03 2.67960E-03 2.81312E-03
10.0 1.29991E-03 1.56084E-03 1.92426E-03 2.21388E-03 2.91178E-03 3.50730E-03 4.05218E-03 4.97294E-03 5.85200E-03 6.55502E-03 7.06910E-03 7.46173E-03 7.76450E-03 8.07240E-03 8.22652E-03 8.39820E-03 8.64005E-03 8.56430E-03 8.69018E-03 8.72348E-03 8.78597E-03 8.82142E-03 8.92327E-03 8.82447E-03 8.90577E-03 8.98666E-03 9.13761E-03 8.80245E-03 8.87548E-03 8.73101E-03 8.81128E-03 8.74383E-03 9.17660E-03 8.95893E-03 9.22983E-03 9.17286E-03
30.0 2.73942E-03 3.22162E-03 3.90661E-03 4.53849E-03 5.97284E-03 7.28949E-03 8.55267E-03 1.06334E-02 1.25615E-02 1.41750E-02 1.55165E-02 1.67925E-02 1.76868E-02 1.87550E-02 1.94771E-02 2.02201E-02 2.07833E-02 2.13791E-02 2.17858E-02 2.21413E-02 2.25064E-02 2.26587E-02 2.29966E-02 2.31522E-02 2.35439E-02 2.38255E-02 2.36014E-02 2.41967E-02 2.37185E-02 2.36838E-02 2.32995E-02 2.37534E-02 2.51750E-02 2.34921E-02 2.51693E-02 2.26592E-02
100.0 6.53727E-03 7.65585E-03 9.41999E-03 1.07672E-02 1.42496E-02 1.72696E-02 2.01335E-02 2.53033E-02 2.97591E-02 3.40590E-02 3.75497E-02 4.05503E-02 4.33497E-02 4.52631E-02 4.77205E-02 4.96724E-02 5.07905E-02 5.21389E-02 5.30919E-02 5.40347E-02 5.54870E-02 5.67388E-02 5.70407E-02 5.76865E-02 5.82156E-02 5.97780E-02 5.90726E-02 5.95506E-02 5.97409E-02 6.09413E-02 6.01616E-02 6.02575E-02 5.91548E-02 6.12154E-02 5.70533E-02 5.83809E-02
