Yield function of production of Ti44 by protons, neutrons, alphas, [(Ti44 atoms * cm2) / (g * prim. part. nucleon)] (computed with Geant4.10).
The primaries are protons.
Energy[GeV/nuc],depths[g/cm2]: 1 3 5 10 15 20 30 40 50 60 70 80 90 100 110 120 130 140 150 160 170 180 190 200 210 220 230 240 250 260 270 280 290 300 310 316.2
0.01 7.64930E-08 0.00000E+00 0.00000E+00 0.00000E+00 0.00000E+00 0.00000E+00 0.00000E+00 0.00000E+00 0.00000E+00 0.00000E+00 0.00000E+00 0.00000E+00 0.00000E+00 0.00000E+00 0.00000E+00 0.00000E+00 0.00000E+00 0.00000E+00 0.00000E+00 0.00000E+00 0.00000E+00 0.00000E+00 0.00000E+00 0.00000E+00 0.00000E+00 0.00000E+00 0.00000E+00 0.00000E+00 0.00000E+00 0.00000E+00 0.00000E+00 0.00000E+00 0.00000E+00 0.00000E+00 0.00000E+00 0.00000E+00
0.03 1.45916E-07 3.28140E-09 6.54543E-13 5.88808E-13 3.87174E-13 3.20226E-13 2.16293E-13 1.37781E-13 1.03582E-13 8.20251E-14 5.47133E-14 4.26289E-14 3.46439E-14 2.27092E-14 1.33113E-14 2.14766E-14 8.38819E-15 9.72419E-15 1.13969E-14 9.39546E-15 8.74574E-15 9.10712E-15 9.81748E-15 1.48966E-15 0.00000E+00 0.00000E+00 0.00000E+00 0.00000E+00 0.00000E+00 0.00000E+00 0.00000E+00 0.00000E+00 0.00000E+00 0.00000E+00 0.00000E+00 0.00000E+00
0.1 3.11208E-07 3.13533E-07 2.71273E-07 2.02316E-07 2.81749E-09 2.33918E-09 2.01790E-09 1.56573E-09 1.28374E-09 1.12971E-09 8.92598E-10 7.27247E-10 6.49267E-10 6.53402E-10 5.40342E-10 4.83143E-10 4.04719E-10 3.60330E-10 2.78165E-10 2.46506E-10 1.80175E-10 1.79633E-10 1.82012E-10 1.46497E-10 1.37985E-10 1.10869E-10 1.04282E-10 9.42318E-11 8.72067E-11 1.06330E-10 9.25985E-11 8.86241E-11 1.31879E-10 8.56486E-11 3.07776E-10 0.00000E+00
0.18 2.67565E-07 2.78374E-07 2.56132E-07 2.44229E-07 2.04182E-07 1.60094E-07 1.08766E-07 1.49470E-08 1.23257E-08 1.08977E-08 9.61537E-09 8.42873E-09 7.71179E-09 6.79805E-09 5.91698E-09 5.44438E-09 4.87671E-09 4.73423E-09 4.14795E-09 3.93700E-09 3.46867E-09 3.17066E-09 2.98452E-09 2.78078E-09 2.74716E-09 2.51842E-09 2.58165E-09 2.09213E-09 2.18566E-09 2.95863E-09 2.35406E-09 2.87906E-09 2.79960E-09 1.83149E-09 2.37470E-09 1.11250E-09
0.3 2.63136E-07 2.70544E-07 2.68439E-07 2.62068E-07 2.57440E-07 2.32152E-07 2.14319E-07 1.79609E-07 1.43297E-07 1.04633E-07 6.05952E-08 3.77126E-08 3.30774E-08 3.01066E-08 2.70749E-08 2.63467E-08 2.32574E-08 2.23413E-08 2.02967E-08 1.96855E-08 1.77438E-08 1.67699E-08 1.72159E-08 1.69308E-08 1.54145E-08 1.38197E-08 1.36241E-08 1.31920E-08 1.33058E-08 1.06098E-08 1.03173E-08 1.34581E-08 1.01463E-08 1.22426E-08 8.13085E-09 2.26256E-08
0.56 1.22320E-06 1.62180E-06 1.76828E-06 1.79251E-06 3.19539E-06 1.76445E-06 1.96720E-06 1.29186E-06 9.48344E-07 7.26042E-07 5.37297E-07 4.16793E-07 3.47076E-07 2.90910E-07 2.45325E-07 2.11131E-07 1.82221E-07 1.74126E-07 1.53163E-07 1.30788E-07 1.37786E-07 1.10009E-07 1.83658E-07 8.26757E-08 7.84806E-08 1.20734E-07 7.21045E-08 9.11551E-08 6.97795E-08 6.41663E-08 6.41828E-08 6.27516E-08 1.24876E-07 8.00404E-08 6.15760E-08 1.94943E-08
1.0 6.84768E-06 8.90880E-06 1.02185E-05 1.43637E-05 1.48457E-05 1.65493E-05 1.40474E-05 1.38928E-05 1.66212E-05 1.22916E-05 1.08358E-05 9.66699E-06 1.00206E-05 7.55693E-06 7.23367E-06 6.61772E-06 6.90127E-06 5.12989E-06 4.19835E-06 3.75390E-06 3.32234E-06 3.61092E-06 2.60810E-06 2.28979E-06 1.86219E-06 2.12176E-06 2.15087E-06 1.28778E-06 9.92261E-07 7.27532E-07 8.30223E-07 8.10440E-07 5.64882E-07 8.65048E-07 3.18376E-07 2.59579E-07
3.0 3.54005E-05 4.11305E-05 5.39796E-05 5.95599E-05 6.28270E-05 7.42272E-05 7.16978E-05 7.60375E-05 8.46011E-05 8.75034E-05 8.69343E-05 7.37703E-05 1.03681E-04 8.43768E-05 8.35429E-05 7.79810E-05 7.14132E-05 7.17662E-05 6.99373E-05 7.01219E-05 8.49884E-05 6.30271E-05 6.03188E-05 5.71511E-05 5.11310E-05 4.91025E-05 5.07157E-05 4.84857E-05 4.91083E-05 8.15247E-05 5.16607E-05 4.18261E-05 4.92516E-05 4.63383E-05 5.54956E-05 1.13925E-04
10.0 1.26842E-04 1.55415E-04 1.91137E-04 1.94091E-04 2.44566E-04 2.50906E-04 2.52161E-04 2.83753E-04 3.24667E-04 3.59797E-04 3.51125E-04 3.33615E-04 3.13096E-04 3.38870E-04 3.19456E-04 3.26589E-04 3.75142E-04 2.94662E-04 2.97887E-04 2.86312E-04 3.76125E-04 2.89084E-04 2.79712E-04 2.60297E-04 2.80965E-04 3.47423E-04 5.35944E-04 2.45115E-04 2.72629E-04 2.34462E-04 2.53950E-04 2.70290E-04 3.03277E-04 3.66216E-04 2.26047E-04 2.34951E-04
30.0 3.85445E-04 4.13702E-04 4.41093E-04 4.56694E-04 5.27903E-04 6.12847E-04 6.54285E-04 7.16036E-04 8.09480E-04 8.49201E-04 9.13026E-04 9.41093E-04 9.38943E-04 1.01335E-03 9.83468E-04 9.59242E-04 9.50057E-04 1.00795E-03 1.06026E-03 9.75050E-04 9.91458E-04 9.58576E-04 1.14067E-03 9.99718E-04 9.43868E-04 9.09078E-04 1.05564E-03 1.34699E-03 1.14001E-03 9.95269E-04 9.14792E-04 9.74577E-04 2.35141E-03 8.64946E-04 8.22715E-04 1.17912E-03
100.0 9.77361E-04 1.05460E-03 1.19983E-03 1.21540E-03 1.45069E-03 1.58056E-03 1.63231E-03 1.91345E-03 2.05307E-03 2.36827E-03 2.35536E-03 2.32715E-03 2.51791E-03 2.47985E-03 2.68405E-03 2.97084E-03 2.59494E-03 2.66752E-03 2.72914E-03 2.68092E-03 3.04045E-03 3.27358E-03 2.64109E-03 2.90776E-03 2.85715E-03 2.98297E-03 3.13370E-03 2.70814E-03 2.99367E-03 3.01181E-03 3.52668E-03 2.59348E-03 3.04489E-03 2.63089E-03 2.57424E-03 2.52859E-03
