Yield function of production of Ti44 by protons, neutrons, alphas, [(Ti44 atoms * cm2) / (g * prim. part. nucleon)] (computed with Geant4.10).
The primaries are protons.
Energy[GeV/nuc],depths[g/cm2]: 1 3 5 10 15 20 30 40 50 60 70 80 90 100 110 120 130 140 150 160 170 180 190 200 210 220 230 240 250 260 270 280 290 300 310 316.2
0.01 7.64930E-08 0.00000E+00 0.00000E+00 0.00000E+00 0.00000E+00 0.00000E+00 0.00000E+00 0.00000E+00 0.00000E+00 0.00000E+00 0.00000E+00 0.00000E+00 0.00000E+00 0.00000E+00 0.00000E+00 0.00000E+00 0.00000E+00 0.00000E+00 0.00000E+00 0.00000E+00 0.00000E+00 0.00000E+00 0.00000E+00 0.00000E+00 0.00000E+00 0.00000E+00 0.00000E+00 0.00000E+00 0.00000E+00 0.00000E+00 0.00000E+00 0.00000E+00 0.00000E+00 0.00000E+00 0.00000E+00 0.00000E+00
0.03 1.45916E-07 3.28140E-09 6.54543E-13 5.88808E-13 3.87174E-13 3.20226E-13 2.16293E-13 1.37781E-13 1.03582E-13 8.20251E-14 5.47133E-14 4.26289E-14 3.46439E-14 2.27092E-14 1.33113E-14 2.14766E-14 8.38819E-15 9.72419E-15 1.13969E-14 9.39546E-15 8.74574E-15 9.10712E-15 9.81748E-15 1.48966E-15 0.00000E+00 0.00000E+00 0.00000E+00 0.00000E+00 0.00000E+00 0.00000E+00 0.00000E+00 0.00000E+00 0.00000E+00 0.00000E+00 0.00000E+00 0.00000E+00
0.1 3.11208E-07 3.13533E-07 2.71273E-07 2.02316E-07 2.81749E-09 2.33918E-09 2.01790E-09 1.56573E-09 1.28374E-09 1.12971E-09 8.92598E-10 7.27247E-10 6.49267E-10 6.53402E-10 5.40342E-10 4.83143E-10 4.04719E-10 3.60330E-10 2.78165E-10 2.46506E-10 1.80175E-10 1.79633E-10 1.82012E-10 1.46497E-10 1.37985E-10 1.10869E-10 1.04282E-10 9.42318E-11 8.72067E-11 1.06330E-10 9.25985E-11 8.86241E-11 1.31879E-10 8.56486E-11 3.07776E-10 0.00000E+00
0.18 2.67565E-07 2.78374E-07 2.56132E-07 2.44229E-07 2.04182E-07 1.60094E-07 1.08766E-07 1.49470E-08 1.23257E-08 1.08977E-08 9.61537E-09 8.42873E-09 7.71179E-09 6.79805E-09 5.91698E-09 5.44438E-09 4.87671E-09 4.73423E-09 4.14795E-09 3.93700E-09 3.46867E-09 3.17066E-09 2.98452E-09 2.78078E-09 2.74716E-09 2.51842E-09 2.58165E-09 2.09213E-09 2.18566E-09 2.95863E-09 2.35406E-09 2.87906E-09 2.79960E-09 1.83149E-09 2.37470E-09 1.11250E-09
0.3 2.61166E-07 2.69192E-07 2.66874E-07 2.61502E-07 2.57346E-07 2.31876E-07 2.14098E-07 1.79566E-07 1.43297E-07 1.04633E-07 6.05952E-08 3.77126E-08 3.30774E-08 3.01066E-08 2.70749E-08 2.63467E-08 2.32574E-08 2.23413E-08 2.02967E-08 1.96855E-08 1.77438E-08 1.67699E-08 1.72159E-08 1.69308E-08 1.54145E-08 1.38197E-08 1.36241E-08 1.31920E-08 1.33058E-08 1.06098E-08 1.03173E-08 1.34581E-08 1.01463E-08 1.22426E-08 8.13085E-09 2.26256E-08
0.56 2.74385E-07 2.91960E-07 3.03738E-07 3.02897E-07 3.16886E-07 3.09149E-07 3.25710E-07 2.99428E-07 2.88658E-07 2.82140E-07 2.68255E-07 2.44862E-07 2.29072E-07 2.11451E-07 1.92249E-07 1.79905E-07 1.62014E-07 1.50190E-07 1.36610E-07 1.21309E-07 1.08609E-07 9.21461E-08 8.66615E-08 8.23695E-08 7.74511E-08 8.12293E-08 7.21045E-08 7.63373E-08 6.97795E-08 6.41663E-08 6.41828E-08 6.27516E-08 7.12634E-08 5.20613E-08 6.15760E-08 1.94943E-08
1.0 3.18102E-07 3.32794E-07 3.57854E-07 3.77230E-07 3.99029E-07 4.18391E-07 4.26267E-07 4.24773E-07 4.32941E-07 4.34172E-07 4.28898E-07 4.26279E-07 4.16486E-07 3.99565E-07 4.09799E-07 4.13691E-07 3.93094E-07 3.88735E-07 3.78644E-07 3.51124E-07 3.47910E-07 3.47167E-07 3.35338E-07 3.29578E-07 3.04843E-07 3.16620E-07 3.05174E-07 3.26221E-07 2.90672E-07 3.01596E-07 2.97117E-07 2.63844E-07 2.83901E-07 2.43861E-07 2.66952E-07 2.59579E-07
3.0 5.45689E-07 5.71653E-07 6.22068E-07 6.46531E-07 6.99505E-07 7.47997E-07 8.07818E-07 8.20934E-07 8.78339E-07 9.18200E-07 9.28579E-07 9.36346E-07 9.57116E-07 9.87794E-07 9.88399E-07 1.00724E-06 1.04161E-06 1.01531E-06 1.01047E-06 1.03017E-06 1.03190E-06 9.91099E-07 1.03800E-06 1.00343E-06 1.00766E-06 9.67512E-07 9.87876E-07 9.73403E-07 9.49131E-07 9.59494E-07 9.26097E-07 1.01546E-06 9.26987E-07 1.05754E-06 9.79225E-07 6.73011E-07
10.0 1.19717E-06 1.28631E-06 1.39973E-06 1.45754E-06 1.63591E-06 1.72508E-06 1.81973E-06 1.95476E-06 2.05868E-06 2.19453E-06 2.22010E-06 2.28099E-06 2.35350E-06 2.40496E-06 2.43034E-06 2.48067E-06 2.51827E-06 2.53054E-06 2.56412E-06 2.52411E-06 2.47155E-06 2.48175E-06 2.62669E-06 2.61707E-06 2.60063E-06 2.61789E-06 2.55323E-06 2.54588E-06 2.51710E-06 2.68576E-06 2.54409E-06 2.59308E-06 2.78812E-06 2.88153E-06 2.86589E-06 3.60757E-06
30.0 2.16021E-06 2.30085E-06 2.42634E-06 2.56903E-06 2.82492E-06 3.05849E-06 3.32732E-06 3.69068E-06 3.96860E-06 4.21175E-06 4.47831E-06 4.71421E-06 4.94562E-06 5.15525E-06 5.21609E-06 5.41052E-06 5.65856E-06 5.76224E-06 5.84922E-06 5.79473E-06 5.92007E-06 5.95355E-06 6.20625E-06 6.11653E-06 6.12909E-06 6.22332E-06 6.17186E-06 6.50003E-06 6.42242E-06 6.48689E-06 6.32319E-06 6.20536E-06 6.04121E-06 6.54811E-06 1.60094E-05 8.99617E-06
100.0 4.85347E-06 5.17036E-06 5.47299E-06 5.85827E-06 6.31392E-06 6.80598E-06 7.30589E-06 8.23902E-06 8.83943E-06 9.64904E-06 1.01724E-05 1.07647E-05 1.10967E-05 1.15326E-05 1.21102E-05 1.25633E-05 1.29029E-05 1.37667E-05 1.35627E-05 1.36857E-05 1.38004E-05 1.38580E-05 1.40971E-05 1.43271E-05 1.46252E-05 1.49688E-05 1.45723E-05 1.49149E-05 1.50220E-05 1.48064E-05 1.48951E-05 1.42307E-05 1.46065E-05 1.52519E-05 1.72580E-05 1.18098E-05
