Yield function of production of Ti44 by protons, neutrons, alphas, [(Ti44 atoms * cm2) / (g * prim. part. nucleon)] (computed with Geant4.10).
The primaries are alphas.
Energy[GeV/nuc],depths[g/cm2]: 1 3 5 10 15 20 30 40 50 60 70 80 90 100 110 120 130 140 150 160 170 180 190 200 210 220 230 240 250 260 270 280 290 300 310 316.2
0.01 1.75975E-04 2.27217E-07 1.91599E-07 1.81815E-07 1.64475E-07 1.61749E-07 1.52916E-07 1.28652E-07 1.13839E-07 9.41754E-08 8.04611E-08 6.82445E-08 5.45486E-08 4.85226E-08 3.48231E-08 2.91207E-08 2.04123E-08 1.74803E-08 1.18484E-08 1.00355E-08 9.47528E-09 5.86970E-09 3.47663E-09 2.38465E-09 3.19333E-09 5.44132E-10 0.00000E+00 0.00000E+00 0.00000E+00 0.00000E+00 0.00000E+00 0.00000E+00 0.00000E+00 0.00000E+00 0.00000E+00 0.00000E+00
0.03 1.80212E-04 2.79500E-05 3.12869E-06 2.94871E-06 2.81284E-06 2.78754E-06 2.70759E-06 2.48450E-06 2.21631E-06 1.97508E-06 1.74296E-06 1.42833E-06 1.21820E-06 1.01546E-06 8.76276E-07 7.02773E-07 5.98920E-07 4.93398E-07 4.55181E-07 3.51990E-07 3.20094E-07 2.24785E-07 2.37689E-07 1.86223E-07 1.70973E-07 1.31095E-07 1.05702E-07 8.91541E-08 6.34767E-08 4.67195E-08 4.17412E-08 4.53522E-08 1.42131E-08 3.51966E-08 1.94288E-08 0.00000E+00
0.1 2.98028E-04 2.75014E-04 2.28049E-04 1.82603E-04 7.64918E-05 7.57199E-05 7.54117E-05 7.30313E-05 6.89504E-05 6.42816E-05 5.93347E-05 5.34203E-05 4.81085E-05 4.17303E-05 3.79076E-05 3.35819E-05 2.99457E-05 2.75114E-05 2.36206E-05 2.15822E-05 1.97019E-05 1.85850E-05 1.64028E-05 1.46640E-05 1.46239E-05 1.37426E-05 1.35217E-05 1.14951E-05 1.09645E-05 1.14979E-05 9.92411E-06 9.98926E-06 1.00095E-05 1.12564E-05 1.54427E-05 6.56824E-06
0.18 3.72036E-04 3.80012E-04 3.82802E-04 3.83842E-04 3.78626E-04 3.61897E-04 3.39566E-04 2.96040E-04 2.94639E-04 2.76865E-04 2.59633E-04 2.45192E-04 2.24961E-04 2.12113E-04 1.92682E-04 1.77954E-04 1.63863E-04 1.52519E-04 1.41481E-04 1.29927E-04 1.18379E-04 1.12145E-04 1.06256E-04 1.00407E-04 9.34307E-05 8.91259E-05 8.80481E-05 8.39662E-05 8.50250E-05 7.97279E-05 7.22386E-05 7.30918E-05 7.22796E-05 7.29874E-05 6.06031E-05 1.00502E-04
0.3 2.34161E-04 3.18794E-04 4.45024E-04 5.37125E-04 6.81354E-04 7.53447E-04 8.03126E-04 8.81823E-04 8.98662E-04 8.93757E-04 8.59963E-04 8.23585E-04 7.91518E-04 7.49728E-04 7.11986E-04 6.70707E-04 6.35999E-04 5.91141E-04 5.61562E-04 5.23703E-04 5.06532E-04 4.80217E-04 4.66889E-04 4.40481E-04 4.37192E-04 4.22098E-04 3.82217E-04 3.69475E-04 3.47077E-04 3.38228E-04 3.48951E-04 3.06886E-04 3.31048E-04 3.48984E-04 3.92822E-04 2.84292E-04
0.56 4.54578E-04 5.48539E-04 6.83905E-04 7.97749E-04 1.04173E-03 1.27269E-03 1.44689E-03 1.75420E-03 2.00621E-03 2.16158E-03 2.26747E-03 2.35787E-03 2.35557E-03 2.37253E-03 2.34861E-03 2.34118E-03 2.29224E-03 2.23290E-03 2.18637E-03 2.14763E-03 2.06067E-03 2.00797E-03 1.96083E-03 1.90136E-03 1.84604E-03 1.82039E-03 1.79877E-03 1.73696E-03 1.72340E-03 1.78729E-03 1.69662E-03 1.55874E-03 1.62235E-03 1.55706E-03 1.81970E-03 1.79888E-03
1.0 7.96799E-04 9.57442E-04 1.19210E-03 1.39372E-03 1.84896E-03 2.22173E-03 2.60004E-03 3.16572E-03 3.65793E-03 4.02658E-03 4.25698E-03 4.45251E-03 4.57056E-03 4.65229E-03 4.71460E-03 4.72218E-03 4.73860E-03 4.72310E-03 4.70961E-03 4.67890E-03 4.61229E-03 4.54279E-03 4.45936E-03 4.41084E-03 4.34837E-03 4.31556E-03 4.16603E-03 4.17065E-03 4.11415E-03 4.18816E-03 4.11541E-03 4.36630E-03 3.99999E-03 3.92077E-03 3.86240E-03 3.59309E-03
3.0 1.84808E-03 2.20708E-03 2.73081E-03 3.20673E-03 4.25291E-03 5.14946E-03 6.04652E-03 7.45475E-03 8.66730E-03 9.73552E-03 1.05174E-02 1.11443E-02 1.17131E-02 1.21095E-02 1.24168E-02 1.26901E-02 1.28857E-02 1.31767E-02 1.31389E-02 1.32129E-02 1.32914E-02 1.32622E-02 1.34491E-02 1.32994E-02 1.32872E-02 1.32493E-02 1.29835E-02 1.31338E-02 1.30078E-02 1.30726E-02 1.32032E-02 1.29931E-02 1.28796E-02 1.28062E-02 1.25811E-02 1.26914E-02
10.0 4.54835E-03 5.44567E-03 6.80462E-03 7.86863E-03 1.05161E-02 1.28192E-02 1.51186E-02 1.89321E-02 2.21556E-02 2.49031E-02 2.71358E-02 2.90753E-02 3.07999E-02 3.20871E-02 3.32296E-02 3.39481E-02 3.46560E-02 3.55547E-02 3.60897E-02 3.64486E-02 3.66896E-02 3.68574E-02 3.73311E-02 3.70162E-02 3.77987E-02 3.77840E-02 3.74112E-02 3.83416E-02 3.83059E-02 3.76872E-02 3.85242E-02 3.90065E-02 3.77515E-02 4.08543E-02 3.90255E-02 3.40705E-02
30.0 9.68687E-03 1.15682E-02 1.42838E-02 1.66726E-02 2.22356E-02 2.74393E-02 3.21286E-02 4.05961E-02 4.82454E-02 5.45257E-02 6.00041E-02 6.49758E-02 6.89283E-02 7.26559E-02 7.56220E-02 7.79611E-02 8.06615E-02 8.28040E-02 8.41982E-02 8.62641E-02 8.77649E-02 8.88042E-02 8.94980E-02 8.95475E-02 9.01489E-02 9.00956E-02 9.21269E-02 9.11369E-02 9.24223E-02 9.46173E-02 9.15554E-02 9.28868E-02 9.30809E-02 9.21501E-02 8.75371E-02 9.53175E-02
100.0 2.19624E-02 2.62665E-02 3.23762E-02 3.75047E-02 5.05771E-02 6.27090E-02 7.34459E-02 9.19979E-02 1.08433E-01 1.23022E-01 1.35659E-01 1.48321E-01 1.57097E-01 1.65597E-01 1.73936E-01 1.79179E-01 1.85474E-01 1.90468E-01 1.96663E-01 1.98310E-01 2.03590E-01 2.10454E-01 2.11749E-01 2.12283E-01 2.14158E-01 2.17076E-01 2.23841E-01 2.21774E-01 2.24319E-01 2.27719E-01 2.34379E-01 2.24371E-01 2.36839E-01 2.38745E-01 2.61243E-01 2.36423E-01
