Yield function of production of Ti44 by protons, neutrons, alphas, [(Ti44 atoms * cm2) / (g * prim. part. nucleon)] (computed with Geant4.10).
The primaries are alphas.
Energy[GeV/nuc],depths[g/cm2]: 1 3 5 10 15 20 30 40 50 60 70 80 90 100 110 120 130 140 150 160 170 180 190 200 210 220 230 240 250 260 270 280 290 300 310 316.2
0.01 8.07618E-07 8.22152E-13 7.82938E-13 9.18052E-13 4.57472E-13 3.52129E-13 2.61052E-13 1.65409E-13 1.05477E-13 8.83535E-14 8.69203E-14 7.65525E-14 1.22474E-13 6.45223E-14 7.23737E-14 9.00612E-14 2.97393E-13 8.97215E-14 2.05060E-13 0.00000E+00 0.00000E+00 0.00000E+00 0.00000E+00 0.00000E+00 0.00000E+00 0.00000E+00 0.00000E+00 0.00000E+00 0.00000E+00 0.00000E+00 0.00000E+00 0.00000E+00 0.00000E+00 0.00000E+00 0.00000E+00 0.00000E+00
0.03 4.51682E-07 3.91357E-08 8.34312E-10 7.26424E-10 5.59627E-10 4.73868E-10 3.99907E-10 3.01583E-10 2.43829E-10 1.89294E-10 1.64220E-10 1.37657E-10 1.12750E-10 9.85771E-11 8.34232E-11 6.81754E-11 5.80507E-11 4.95220E-11 4.56554E-11 4.10080E-11 3.47542E-11 4.21496E-11 3.42779E-11 2.90176E-11 3.62226E-11 1.98935E-11 1.47654E-11 1.28266E-11 1.65268E-11 1.80474E-11 7.59551E-12 1.18139E-11 1.09965E-11 2.53562E-11 7.57090E-11 0.00000E+00
0.1 3.12346E-07 3.11867E-07 2.72169E-07 2.21584E-07 4.03398E-08 3.43526E-08 3.03349E-08 2.44223E-08 2.00847E-08 1.75190E-08 1.54096E-08 1.35473E-08 1.21140E-08 1.06213E-08 9.57690E-09 8.91628E-09 7.96702E-09 7.17816E-09 6.70762E-09 6.00782E-09 6.13259E-09 5.34178E-09 4.83416E-09 4.76997E-09 4.40222E-09 3.91495E-09 4.00831E-09 3.66795E-09 3.42552E-09 3.60505E-09 3.95148E-09 3.47622E-09 4.68423E-09 4.80311E-09 2.91370E-09 2.95371E-10
0.18 3.10644E-07 3.41109E-07 3.50321E-07 3.48738E-07 3.22055E-07 2.78702E-07 2.29430E-07 1.29347E-07 1.10757E-07 9.81393E-08 8.51052E-08 7.87307E-08 7.21714E-08 6.47122E-08 5.92618E-08 5.45568E-08 5.12275E-08 4.63294E-08 4.34037E-08 4.17644E-08 4.26083E-08 3.73287E-08 3.51124E-08 3.33520E-08 3.04122E-08 3.09903E-08 2.68854E-08 2.42723E-08 2.65536E-08 2.67457E-08 2.39629E-08 2.75834E-08 2.71835E-08 2.22154E-08 2.15996E-08 1.28708E-08
0.3 3.82178E-07 4.28727E-07 4.71099E-07 4.84975E-07 5.19267E-07 5.25362E-07 5.25874E-07 4.95280E-07 4.51242E-07 3.98114E-07 3.44190E-07 3.00486E-07 2.83262E-07 2.60076E-07 2.40094E-07 2.30273E-07 2.15015E-07 2.04603E-07 1.87630E-07 1.79965E-07 1.72708E-07 1.65842E-07 1.57772E-07 1.49039E-07 1.41641E-07 1.47148E-07 1.31823E-07 1.25349E-07 1.20221E-07 1.17604E-07 1.15101E-07 1.20289E-07 1.54347E-07 1.24176E-07 9.50798E-08 1.11253E-07
0.56 6.34114E-07 7.05443E-07 7.66908E-07 8.25181E-07 9.02480E-07 9.75135E-07 9.89135E-07 1.03860E-06 1.05731E-06 1.05811E-06 1.06017E-06 1.02769E-06 9.98131E-07 9.83955E-07 9.64944E-07 9.25777E-07 8.69409E-07 8.45513E-07 8.16908E-07 7.74049E-07 7.60212E-07 7.63476E-07 7.19008E-07 6.83647E-07 6.78199E-07 6.57631E-07 6.46823E-07 6.29734E-07 6.06268E-07 7.04736E-07 5.73362E-07 5.89733E-07 5.89765E-07 5.78724E-07 5.63877E-07 4.46971E-07
1.0 9.48494E-07 1.04416E-06 1.13672E-06 1.21925E-06 1.34413E-06 1.45918E-06 1.52597E-06 1.66736E-06 1.73544E-06 1.79011E-06 1.78554E-06 1.80246E-06 1.78534E-06 1.77615E-06 1.80193E-06 1.75047E-06 1.78973E-06 1.74577E-06 1.69334E-06 1.71442E-06 1.68406E-06 1.66291E-06 1.61045E-06 1.63759E-06 1.58963E-06 1.50258E-06 1.53113E-06 1.70119E-06 1.56783E-06 1.56749E-06 1.45369E-06 1.45689E-06 1.38106E-06 1.42242E-06 1.65416E-06 1.38961E-06
3.0 1.97354E-06 2.09907E-06 2.30865E-06 2.45239E-06 2.76137E-06 2.98819E-06 3.13275E-06 3.39855E-06 3.57628E-06 3.76838E-06 3.91980E-06 3.98403E-06 3.99485E-06 4.18626E-06 4.23837E-06 4.23455E-06 4.31899E-06 4.32321E-06 4.31347E-06 4.30942E-06 4.38374E-06 4.29677E-06 4.43686E-06 4.20400E-06 4.26951E-06 4.70363E-06 4.19233E-06 4.30834E-06 4.28424E-06 4.28446E-06 4.40423E-06 4.22074E-06 4.52995E-06 3.87838E-06 3.97324E-06 3.88208E-06
10.0 4.36586E-06 4.67229E-06 5.07067E-06 5.34200E-06 5.92692E-06 6.43431E-06 6.86211E-06 7.55349E-06 8.16773E-06 8.58257E-06 9.13121E-06 9.36521E-06 9.86146E-06 1.00005E-05 1.03059E-05 1.03668E-05 1.05536E-05 1.07608E-05 1.11090E-05 1.08983E-05 1.09502E-05 1.10317E-05 1.17007E-05 1.13058E-05 1.13801E-05 1.14408E-05 1.18690E-05 1.13584E-05 1.11297E-05 1.09351E-05 1.10843E-05 1.16033E-05 1.09964E-05 1.55839E-05 9.90370E-06 1.07565E-05
30.0 8.63817E-06 9.17464E-06 9.91085E-06 1.03816E-05 1.16159E-05 1.25563E-05 1.33465E-05 1.49481E-05 1.62904E-05 1.71551E-05 1.81748E-05 1.92179E-05 2.01315E-05 2.09341E-05 2.14279E-05 2.16814E-05 2.25689E-05 2.31867E-05 2.35581E-05 2.43910E-05 2.44424E-05 2.49126E-05 2.49831E-05 2.46991E-05 2.50615E-05 2.55291E-05 2.52244E-05 2.58092E-05 2.48894E-05 2.59292E-05 2.47223E-05 2.56822E-05 2.44413E-05 2.51432E-05 2.38610E-05 3.24208E-05
100.0 1.89641E-05 2.02063E-05 2.15984E-05 2.25162E-05 2.53401E-05 2.70336E-05 2.93643E-05 3.15861E-05 3.47003E-05 3.69724E-05 3.87672E-05 4.08896E-05 4.48385E-05 4.48107E-05 4.66394E-05 4.79470E-05 5.02299E-05 5.02054E-05 5.08241E-05 5.15286E-05 5.31500E-05 5.41578E-05 5.52461E-05 5.47738E-05 5.62491E-05 5.62642E-05 5.90242E-05 6.17492E-05 6.04691E-05 5.85300E-05 6.16686E-05 6.24325E-05 5.97739E-05 6.31303E-05 6.81605E-05 6.66592E-05
