Yield function of production of Ti44 by protons, neutrons, alphas, [(Ti44 atoms * cm2) / (g * prim. part. nucleon)] (computed with Geant4.10).
The primaries are alphas.
Energy[GeV/nuc],depths[g/cm2]: 1 3 5 10 15 20 30 40 50 60 70 80 90 100 110 120 130 140 150 160 170 180 190 200 210 220 230 240 250 260 270 280 290 300 310 316.2
0.01 8.07618E-07 8.22152E-13 7.82938E-13 9.18052E-13 4.57472E-13 3.52129E-13 2.61052E-13 1.65409E-13 1.05477E-13 8.83535E-14 8.69203E-14 7.65525E-14 1.22474E-13 6.45223E-14 7.23737E-14 9.00612E-14 2.97393E-13 8.97215E-14 2.05060E-13 0.00000E+00 0.00000E+00 0.00000E+00 0.00000E+00 0.00000E+00 0.00000E+00 0.00000E+00 0.00000E+00 0.00000E+00 0.00000E+00 0.00000E+00 0.00000E+00 0.00000E+00 0.00000E+00 0.00000E+00 0.00000E+00 0.00000E+00
0.03 4.51682E-07 3.91357E-08 8.34312E-10 7.26424E-10 5.59627E-10 4.73868E-10 3.99907E-10 3.01583E-10 2.43829E-10 1.89294E-10 1.64220E-10 1.37657E-10 1.12750E-10 9.85771E-11 8.34232E-11 6.81754E-11 5.80507E-11 4.95220E-11 4.56554E-11 4.10080E-11 3.47542E-11 4.21496E-11 3.42779E-11 2.90176E-11 3.62226E-11 1.98935E-11 1.47654E-11 1.28266E-11 1.65268E-11 1.80474E-11 7.59551E-12 1.18139E-11 1.09965E-11 2.53562E-11 7.57090E-11 0.00000E+00
0.1 3.12346E-07 3.11867E-07 2.72169E-07 2.21584E-07 4.03398E-08 3.43526E-08 3.03349E-08 2.44223E-08 2.00847E-08 1.75190E-08 1.54096E-08 1.35473E-08 1.21140E-08 1.06213E-08 9.57690E-09 8.91628E-09 7.96702E-09 7.17816E-09 6.70762E-09 6.00782E-09 6.13259E-09 5.34178E-09 4.83416E-09 4.76997E-09 4.40222E-09 3.91495E-09 4.00831E-09 3.66795E-09 3.42552E-09 3.60505E-09 3.95148E-09 3.47622E-09 4.68423E-09 4.80311E-09 2.91370E-09 2.95371E-10
0.18 3.10644E-07 3.41109E-07 3.50321E-07 3.48738E-07 3.22055E-07 2.78702E-07 2.29430E-07 1.29707E-07 1.10821E-07 9.81393E-08 8.51052E-08 7.87307E-08 7.21714E-08 6.47122E-08 5.92618E-08 5.45568E-08 5.12275E-08 4.63294E-08 4.34037E-08 4.17644E-08 4.26083E-08 3.73287E-08 3.51124E-08 3.33520E-08 3.04122E-08 3.09903E-08 2.68854E-08 2.42723E-08 2.65536E-08 2.67457E-08 2.39629E-08 2.75834E-08 2.71835E-08 2.22154E-08 2.15996E-08 1.28708E-08
0.3 4.03306E-07 4.57387E-07 5.05037E-07 5.34465E-07 5.64018E-07 5.63864E-07 5.72286E-07 5.21898E-07 4.66896E-07 4.14813E-07 3.52904E-07 3.05452E-07 2.90819E-07 2.73234E-07 2.40094E-07 2.32104E-07 2.19598E-07 2.06569E-07 1.93137E-07 2.06248E-07 1.72708E-07 1.65842E-07 1.57772E-07 1.49039E-07 1.49576E-07 1.50586E-07 1.31823E-07 1.25349E-07 1.20221E-07 1.17604E-07 1.15101E-07 1.20289E-07 1.54347E-07 1.24176E-07 9.50798E-08 1.11253E-07
0.56 4.41539E-06 7.50615E-06 7.87194E-06 6.43234E-06 6.87192E-06 7.28190E-06 6.46086E-06 5.12574E-06 5.37945E-06 3.94030E-06 3.36597E-06 3.95302E-06 2.29369E-06 2.31299E-06 2.07687E-06 1.75304E-06 1.60415E-06 1.53875E-06 1.39491E-06 1.24355E-06 1.29939E-06 1.51917E-06 1.45221E-06 1.14593E-06 1.06469E-06 9.23563E-07 9.71711E-07 1.69572E-06 1.54087E-06 1.00697E-06 9.83928E-07 1.05231E-06 1.15273E-06 1.57355E-06 5.63877E-07 4.46971E-07
1.0 2.41107E-05 3.42115E-05 3.78548E-05 3.84983E-05 5.74105E-05 4.95359E-05 5.69928E-05 6.12759E-05 6.14782E-05 6.32453E-05 5.42129E-05 4.66564E-05 3.99010E-05 3.50794E-05 3.69033E-05 3.89414E-05 3.52032E-05 2.64951E-05 2.34676E-05 5.41160E-05 2.07121E-05 1.85398E-05 2.29714E-05 1.79549E-05 1.54750E-05 1.51881E-05 1.19773E-05 1.10209E-05 1.06575E-05 1.07596E-05 1.10967E-05 1.06997E-05 1.84589E-05 8.23911E-06 1.38550E-05 1.38961E-06
3.0 1.30223E-04 1.46810E-04 1.87541E-04 2.16093E-04 2.27584E-04 2.81857E-04 2.85174E-04 3.41337E-04 3.26268E-04 3.10665E-04 3.59455E-04 3.29134E-04 3.37172E-04 3.23166E-04 3.00775E-04 3.01509E-04 2.83965E-04 3.14500E-04 2.86215E-04 2.62035E-04 2.76737E-04 2.58417E-04 2.29935E-04 3.49386E-04 2.54207E-04 2.47812E-04 2.81445E-04 2.13695E-04 1.99880E-04 4.24749E-04 2.07981E-04 2.02011E-04 2.20527E-04 1.61358E-04 1.57902E-04 8.41585E-05
10.0 5.21876E-04 5.91117E-04 6.89661E-04 8.08414E-04 1.01438E-03 1.06637E-03 1.09756E-03 1.29685E-03 1.31917E-03 1.31989E-03 1.48620E-03 1.45259E-03 1.36973E-03 1.40772E-03 1.44176E-03 1.39045E-03 1.31663E-03 1.31917E-03 1.46406E-03 1.38929E-03 1.36154E-03 1.35628E-03 1.42798E-03 1.40724E-03 1.35419E-03 1.24848E-03 1.26692E-03 1.14779E-03 1.44863E-03 1.76630E-03 1.17983E-03 1.20015E-03 1.39221E-03 1.14288E-03 1.14079E-03 4.25287E-04
30.0 1.53654E-03 1.66798E-03 1.90390E-03 1.94938E-03 2.33050E-03 2.57236E-03 2.73784E-03 3.09189E-03 3.33611E-03 3.39526E-03 3.50757E-03 3.81610E-03 3.89245E-03 4.09309E-03 4.00498E-03 3.98234E-03 3.91886E-03 4.15409E-03 4.07856E-03 4.24762E-03 4.18707E-03 3.89376E-03 3.99347E-03 3.86341E-03 4.39490E-03 3.67353E-03 3.89613E-03 3.70380E-03 3.59304E-03 3.46525E-03 3.51251E-03 3.44137E-03 3.35072E-03 3.14503E-03 3.19038E-03 3.61706E-03
100.0 3.84422E-03 4.14408E-03 4.43563E-03 5.08342E-03 5.76032E-03 6.64616E-03 6.85775E-03 7.54555E-03 8.36265E-03 8.81480E-03 8.12773E-03 9.57859E-03 9.64046E-03 1.07041E-02 1.07765E-02 1.23423E-02 1.04168E-02 1.03709E-02 1.07209E-02 1.01726E-02 1.00906E-02 9.84432E-03 1.03771E-02 1.02846E-02 1.07216E-02 1.30489E-02 1.29364E-02 1.11967E-02 1.19860E-02 1.65311E-02 1.15549E-02 2.84522E-02 1.01676E-02 1.31671E-02 1.88346E-02 1.35785E-02
