Yield function of production of Ti44 by protons, neutrons, alphas, [(Ti44 atoms * cm2) / (g * prim. part. nucleon)] (computed with Geant4.10).
The primaries are protons.
Energy[GeV/nuc],depths[g/cm2]: 1 3 5 10 15 20 30 40 50 60 70 80 90 100 110 120 130 140 150 160 170 180 190 200 210 220 230 240 250 260 270 280 290 300 310 316.2
0.01 1.06920E-04 2.72844E-08 2.26459E-08 2.16555E-08 2.04378E-08 1.91642E-08 1.74931E-08 1.60392E-08 1.41100E-08 9.81490E-09 6.44828E-09 5.92108E-09 4.00269E-09 3.51870E-09 2.72352E-09 1.97019E-09 1.69979E-09 1.09960E-09 8.96857E-10 7.53849E-10 3.06764E-10 7.92997E-10 1.20263E-10 1.62028E-10 2.06579E-10 5.57210E-11 1.05250E-10 7.40208E-11 4.24975E-10 1.72641E-10 0.00000E+00 0.00000E+00 0.00000E+00 0.00000E+00 0.00000E+00 0.00000E+00
0.03 1.08438E-04 1.43844E-05 4.30250E-07 4.02201E-07 3.72206E-07 3.54186E-07 3.42249E-07 3.02771E-07 2.53945E-07 2.17013E-07 1.78189E-07 1.45373E-07 1.11459E-07 8.82954E-08 7.29836E-08 5.63288E-08 4.10891E-08 2.95020E-08 2.51173E-08 1.83736E-08 1.47283E-08 1.18765E-08 1.21255E-08 6.53744E-09 6.52278E-09 4.55642E-09 3.93004E-09 1.41452E-09 2.40578E-09 2.03840E-09 7.19478E-10 9.67578E-10 4.24741E-09 2.82287E-09 0.00000E+00 0.00000E+00
0.1 1.18275E-04 1.07329E-04 8.41627E-05 6.30563E-05 1.16030E-05 1.13499E-05 1.07798E-05 1.01158E-05 9.24208E-06 8.15587E-06 7.27619E-06 6.43906E-06 5.22417E-06 4.45543E-06 3.80622E-06 3.26194E-06 2.62184E-06 2.32614E-06 1.84351E-06 1.58809E-06 1.48270E-06 1.10441E-06 9.70985E-07 8.61431E-07 7.62100E-07 6.87596E-07 7.36247E-07 6.42662E-07 5.08069E-07 5.24917E-07 3.89947E-07 2.57167E-07 3.78906E-07 4.54018E-07 1.95677E-07 0.00000E+00
0.18 2.70216E-05 4.04322E-05 5.29079E-05 6.55266E-05 9.20929E-05 9.57951E-05 7.71425E-05 4.97759E-05 4.61811E-05 4.23730E-05 3.88075E-05 3.54990E-05 3.06989E-05 2.71895E-05 2.52715E-05 2.27007E-05 1.93820E-05 1.71966E-05 1.54844E-05 1.43006E-05 1.22471E-05 1.18896E-05 1.02412E-05 9.68649E-06 8.76783E-06 8.39579E-06 8.05951E-06 8.03165E-06 6.77558E-06 8.10522E-06 5.76897E-06 7.01713E-06 7.72510E-06 8.45404E-06 9.92598E-06 4.44641E-06
0.3 5.09088E-05 6.32343E-05 8.00255E-05 9.28603E-05 1.21288E-04 1.37200E-04 1.50538E-04 1.68618E-04 1.78123E-04 1.72390E-04 1.50385E-04 1.31238E-04 1.18840E-04 1.09298E-04 9.77201E-05 8.67520E-05 8.24911E-05 7.60047E-05 6.73551E-05 6.46644E-05 6.27056E-05 5.60458E-05 5.17004E-05 5.33649E-05 4.73246E-05 4.70528E-05 3.97593E-05 4.11386E-05 3.98204E-05 3.35424E-05 3.50305E-05 3.91834E-05 3.41038E-05 3.22833E-05 2.37800E-05 5.09118E-05
0.56 1.05061E-04 1.26912E-04 1.66012E-04 1.86303E-04 2.40156E-04 2.85706E-04 3.24208E-04 3.81241E-04 4.25931E-04 4.55706E-04 4.62165E-04 4.61343E-04 4.60428E-04 4.44382E-04 4.32167E-04 4.12514E-04 3.95493E-04 3.73007E-04 3.50152E-04 3.32656E-04 3.14044E-04 2.96321E-04 2.86481E-04 2.57801E-04 2.43052E-04 2.40799E-04 2.26141E-04 2.27230E-04 2.15355E-04 2.04548E-04 2.02019E-04 2.01749E-04 1.93546E-04 1.65264E-04 1.77368E-04 3.07722E-04
1.0 1.87681E-04 2.26989E-04 2.83178E-04 3.37639E-04 4.35313E-04 5.23499E-04 6.01183E-04 7.28268E-04 8.14603E-04 8.93590E-04 9.28145E-04 9.67183E-04 9.87927E-04 9.89401E-04 9.90098E-04 9.74564E-04 9.72617E-04 9.74431E-04 9.50081E-04 9.32555E-04 9.18764E-04 9.30437E-04 8.87704E-04 8.75043E-04 8.84730E-04 8.28112E-04 8.39555E-04 8.60451E-04 7.98459E-04 7.62102E-04 7.98948E-04 7.71908E-04 7.54997E-04 7.18698E-04 7.77556E-04 1.86655E-03
3.0 4.54271E-04 5.41589E-04 6.67986E-04 7.84485E-04 1.03699E-03 1.25903E-03 1.45874E-03 1.80897E-03 2.10529E-03 2.35003E-03 2.52110E-03 2.68476E-03 2.78948E-03 2.89735E-03 2.94747E-03 2.98273E-03 3.04082E-03 3.05757E-03 3.05206E-03 3.05114E-03 3.07922E-03 3.09139E-03 3.10191E-03 3.11647E-03 3.06098E-03 3.02553E-03 3.01065E-03 3.03876E-03 2.98652E-03 2.99410E-03 2.97545E-03 2.98887E-03 3.09434E-03 3.03212E-03 2.62508E-03 2.69987E-03
10.0 1.17426E-03 1.40671E-03 1.73452E-03 2.02125E-03 2.66885E-03 3.25812E-03 3.80184E-03 4.69114E-03 5.52939E-03 6.19741E-03 6.72019E-03 7.13040E-03 7.45376E-03 7.73594E-03 7.90950E-03 8.07410E-03 8.26743E-03 8.27217E-03 8.39485E-03 8.43969E-03 8.41232E-03 8.53482E-03 8.64619E-03 8.56679E-03 8.62741E-03 8.64185E-03 8.60422E-03 8.55988E-03 8.60536E-03 8.49923E-03 8.55987E-03 8.47613E-03 8.87611E-03 8.59560E-03 9.00665E-03 8.94151E-03
30.0 2.35613E-03 2.81022E-03 3.46794E-03 4.08436E-03 5.44776E-03 6.67971E-03 7.90171E-03 9.92103E-03 1.17560E-02 1.33300E-02 1.46079E-02 1.58561E-02 1.67528E-02 1.77468E-02 1.84988E-02 1.92663E-02 1.98389E-02 2.03770E-02 2.07314E-02 2.11720E-02 2.15209E-02 2.17061E-02 2.18621E-02 2.21586E-02 2.26061E-02 2.29226E-02 2.25520E-02 2.28562E-02 2.25849E-02 2.26950E-02 2.23910E-02 2.27850E-02 2.28297E-02 2.26337E-02 2.43626E-02 2.14890E-02
100.0 5.56476E-03 6.60642E-03 8.22563E-03 9.55771E-03 1.28052E-02 1.56958E-02 1.85085E-02 2.33981E-02 2.77148E-02 3.17004E-02 3.52045E-02 3.82339E-02 4.08429E-02 4.27948E-02 4.50486E-02 4.67141E-02 4.82085E-02 4.94852E-02 5.03763E-02 5.13674E-02 5.24603E-02 5.34791E-02 5.44137E-02 5.47931E-02 5.53731E-02 5.68100E-02 5.59534E-02 5.68573E-02 5.67623E-02 5.79443E-02 5.66499E-02 5.76782E-02 5.61245E-02 5.85998E-02 5.44963E-02 5.58641E-02
