Yield function of production of Ti44 by protons, neutrons, alphas, [(Ti44 atoms * cm2) / (g * prim. part. nucleon)] (computed with Geant4.10).
The primaries are alphas.
Energy[GeV/nuc],depths[g/cm2]: 1 3 10 20 30 40 50 60 71.6
0.01 1.76183E-04 2.19198E-07 1.99866E-07 1.90889E-07 1.95522E-07 2.10620E-07 2.22629E-07 2.20943E-07 2.09331E-07
0.03 1.80798E-04 2.83192E-05 3.23247E-06 3.17965E-06 3.35070E-06 3.52626E-06 3.63375E-06 3.57837E-06 3.63600E-06
0.1 3.22513E-04 2.94213E-04 2.48220E-04 8.98442E-05 9.61823E-05 1.02307E-04 1.05467E-04 1.10573E-04 1.12899E-04
0.18 4.19752E-04 4.42835E-04 4.50170E-04 4.58181E-04 4.38632E-04 4.06572E-04 4.16613E-04 4.36466E-04 4.33743E-04
0.3 3.08183E-04 3.96738E-04 5.28056E-04 8.15544E-04 9.94522E-04 1.13700E-03 1.23583E-03 1.26753E-03 1.30591E-03
0.56 4.12963E-04 4.95780E-04 6.13772E-04 9.37429E-04 1.30463E-03 1.60291E-03 1.79835E-03 1.95705E-03 2.05283E-03
1.0 5.96887E-04 7.13367E-04 8.99206E-04 1.36702E-03 1.96431E-03 2.38770E-03 2.77437E-03 3.02684E-03 3.22538E-03
3.0 1.07170E-03 1.28294E-03 1.60507E-03 2.48686E-03 3.60032E-03 4.49333E-03 5.31434E-03 5.63115E-03 6.13176E-03
10.0 2.16359E-03 2.58251E-03 3.25891E-03 5.07749E-03 7.33085E-03 9.26231E-03 1.07369E-02 1.16736E-02 1.24160E-02
30.0 3.49950E-03 4.16706E-03 5.22679E-03 8.21193E-03 1.19444E-02 1.51528E-02 1.76099E-02 1.92520E-02 2.03276E-02
100.0 5.92127E-03 7.11117E-03 9.24094E-03 1.43640E-02 2.07764E-02 2.59730E-02 3.05073E-02 3.43722E-02 4.60893E-02
