Yield function of production of Ti44 by protons, neutrons, alphas, [(Ti44 atoms * cm2) / (g * prim. part. nucleon)] (computed with Geant4.10).
The primaries are alphas.
Energy[GeV/nuc],depths[g/cm2]: 1 3 10 20 30 40 50 60 71.6
0.01 8.07956E-07 1.18729E-12 7.98740E-13 4.83188E-13 3.76425E-13 3.97127E-13 5.74912E-13 2.68649E-13 1.63999E-12
0.03 4.53065E-07 3.96079E-08 9.89469E-10 6.95663E-10 6.01146E-10 5.20008E-10 4.66482E-10 4.54156E-10 4.17325E-10
0.1 3.46193E-07 3.41658E-07 3.01858E-07 5.37244E-08 4.38338E-08 3.92947E-08 3.69970E-08 3.45804E-08 3.71043E-08
0.18 3.95852E-07 4.34749E-07 4.48384E-07 4.34113E-07 3.38231E-07 2.12319E-07 1.98243E-07 1.90258E-07 1.68726E-07
0.3 5.98576E-07 6.33329E-07 6.94869E-07 7.72806E-07 8.48222E-07 8.94612E-07 8.48653E-07 7.77077E-07 7.15188E-07
0.56 7.25337E-06 6.89764E-06 1.28644E-05 9.51976E-06 1.01276E-05 8.99974E-06 8.91601E-06 9.37040E-06 1.04014E-05
1.0 4.00399E-05 4.97359E-05 5.63761E-05 8.77087E-05 1.28940E-04 9.46738E-05 1.11867E-04 8.64963E-05 8.01836E-05
3.0 1.62422E-04 1.96533E-04 2.26205E-04 2.99341E-04 4.22299E-04 3.46961E-04 4.16850E-04 3.99499E-04 4.11992E-04
10.0 6.02011E-04 6.69407E-04 8.04843E-04 9.94680E-04 1.21976E-03 1.39079E-03 1.40173E-03 1.44136E-03 1.52802E-03
30.0 1.30895E-03 1.47912E-03 1.68708E-03 2.11242E-03 2.61400E-03 3.34681E-03 3.40031E-03 3.01449E-03 3.18074E-03
100.0 2.48177E-03 2.72305E-03 3.14281E-03 4.27204E-03 5.17519E-03 5.74413E-03 6.25743E-03 5.43485E-03 6.29452E-03
