Yield function of production of Ti44 by protons, neutrons, alphas, [(Ti44 atoms * cm2) / (g * prim. part. nucleon)] (computed with Geant4.10).
The primaries are protons.
Energy[GeV/nuc],depths[g/cm2]: 1 3 10 20 30 40 50 60 71.6
0.01 1.06976E-04 2.62821E-08 2.40181E-08 2.32001E-08 2.44917E-08 2.34786E-08 2.28715E-08 2.42317E-08 1.93557E-08
0.03 1.09102E-04 1.45595E-05 4.51857E-07 4.21427E-07 4.20693E-07 4.28349E-07 4.18035E-07 4.13473E-07 3.96002E-07
0.1 1.28616E-04 1.15590E-04 9.06669E-05 1.42175E-05 1.41593E-05 1.50463E-05 1.51936E-05 1.63888E-05 1.63276E-05
0.18 3.60577E-05 5.45172E-05 7.49002E-05 1.13206E-04 1.01185E-04 7.04557E-05 7.30436E-05 7.38582E-05 7.51623E-05
0.3 6.54977E-05 7.90221E-05 9.89671E-05 1.50496E-04 2.07374E-04 2.48844E-04 2.80687E-04 3.09435E-04 2.78126E-04
0.56 1.09063E-04 1.32965E-04 1.64876E-04 2.50398E-04 3.53500E-04 4.23171E-04 4.85983E-04 5.17868E-04 5.23504E-04
1.0 1.59759E-04 1.94680E-04 2.38624E-04 3.70966E-04 5.25030E-04 6.40568E-04 7.21006E-04 8.24657E-04 8.64108E-04
3.0 2.70213E-04 3.25865E-04 4.04002E-04 6.32231E-04 9.01926E-04 1.11983E-03 1.26512E-03 1.44586E-03 1.47860E-03
10.0 6.36945E-04 7.67713E-04 9.70050E-04 1.47836E-03 2.12418E-03 2.66098E-03 3.10868E-03 3.31223E-03 3.40951E-03
30.0 8.08782E-04 9.66517E-04 1.20935E-03 1.90475E-03 2.77024E-03 3.48405E-03 3.98130E-03 4.48558E-03 5.00365E-03
100.0 1.44950E-03 1.74886E-03 2.15790E-03 3.42593E-03 5.10106E-03 6.35884E-03 7.45757E-03 8.13112E-03 8.63970E-03
