Yield function of production of Ti44 by protons, neutrons, alphas, [(Ti44 atoms * cm2) / (g * prim. part. nucleon)] (computed with Geant4.10).
The primaries are alphas.
Energy[GeV/nuc],depths[g/cm2]: 1 3 10 20 30 40 50 60 71.6
0.01 8.07956E-07 1.18729E-12 7.98740E-13 4.83188E-13 3.76425E-13 3.97127E-13 5.74912E-13 2.68649E-13 1.63999E-12
0.03 4.53065E-07 3.96079E-08 9.89469E-10 6.95663E-10 6.01146E-10 5.20008E-10 4.66482E-10 4.54156E-10 4.17325E-10
0.1 3.46193E-07 3.41658E-07 3.01858E-07 5.37244E-08 4.38338E-08 3.92947E-08 3.69970E-08 3.45804E-08 3.71043E-08
0.18 3.87819E-07 4.34749E-07 4.48354E-07 4.34086E-07 3.38231E-07 2.12319E-07 1.98243E-07 1.90258E-07 1.68726E-07
0.3 5.50551E-07 6.15140E-07 6.75428E-07 7.47876E-07 8.24579E-07 8.45526E-07 8.10189E-07 7.67955E-07 7.15188E-07
0.56 8.68644E-07 9.34379E-07 1.02801E-06 1.19912E-06 1.34381E-06 1.44894E-06 1.49597E-06 1.50326E-06 1.50036E-06
1.0 1.08746E-06 1.18746E-06 1.27429E-06 1.49893E-06 1.71212E-06 1.92451E-06 1.94952E-06 1.93279E-06 1.89526E-06
3.0 1.65301E-06 1.78334E-06 1.97256E-06 2.42789E-06 2.71600E-06 2.96819E-06 3.15039E-06 3.27223E-06 3.32046E-06
10.0 2.79714E-06 3.06048E-06 3.41231E-06 4.10556E-06 4.81130E-06 5.52537E-06 5.73813E-06 5.89613E-06 6.29942E-06
30.0 4.02516E-06 4.36819E-06 4.83695E-06 5.84863E-06 7.16465E-06 7.58125E-06 8.22953E-06 8.60401E-06 8.61464E-06
100.0 6.36760E-06 6.84899E-06 8.23031E-06 9.16711E-06 1.15489E-05 1.28896E-05 1.47733E-05 1.37358E-05 1.52399E-05
