Yield function of production of Ti44 by protons, neutrons, alphas, pi+ and pi-, [(Ti44 atoms * cm2) / (g * prim. part. nucleon)] (computed with Geant4.10).
The primaries are protons.
Energy[GeV/nuc],depths[g/cm2]: 1 3 10 20 30 40 50 60 71.6
0.01 1.06976E-04 2.62821E-08 2.40181E-08 2.32001E-08 2.44917E-08 2.34786E-08 2.28715E-08 2.42317E-08 1.93557E-08
0.03 1.09102E-04 1.45595E-05 4.51857E-07 4.21427E-07 4.20693E-07 4.28349E-07 4.18035E-07 4.13473E-07 3.96002E-07
0.1 1.28616E-04 1.15590E-04 9.06669E-05 1.42175E-05 1.41593E-05 1.50463E-05 1.51936E-05 1.63888E-05 1.63276E-05
0.18 3.60577E-05 5.45172E-05 7.49002E-05 1.13206E-04 1.01185E-04 7.04557E-05 7.30436E-05 7.38582E-05 7.51623E-05
0.3 6.54997E-05 7.90233E-05 9.89709E-05 1.50498E-04 2.07375E-04 2.48845E-04 2.80687E-04 3.09435E-04 2.78126E-04
0.56 1.10262E-04 1.35245E-04 1.66909E-04 2.52828E-04 3.55625E-04 4.25057E-04 4.87461E-04 5.27711E-04 5.24641E-04
1.0 1.70299E-04 2.07630E-04 2.54239E-04 3.93533E-04 5.53117E-04 6.64820E-04 7.49064E-04 8.47175E-04 8.82748E-04
3.0 3.15809E-04 3.80586E-04 4.64868E-04 7.13229E-04 1.00588E-03 1.22253E-03 1.39232E-03 1.55047E-03 1.58990E-03
10.0 7.93881E-04 9.55538E-04 1.17274E-03 1.75942E-03 2.44941E-03 3.05196E-03 3.48598E-03 3.68891E-03 3.77142E-03
30.0 1.10209E-03 1.29577E-03 1.58672E-03 2.37961E-03 3.33745E-03 4.08727E-03 4.62507E-03 5.15962E-03 5.69787E-03
100.0 2.05741E-03 2.44450E-03 2.89969E-03 4.36525E-03 6.16232E-03 7.87458E-03 8.77993E-03 9.69828E-03 1.05214E-02
