Yield function of production of Ti44 by protons, neutrons, alphas, [(Ti44 atoms * cm2) / (g * prim. part. nucleon)] (computed with Geant4.10).
The primaries are protons.
Energy[GeV/nuc],depths[g/cm2]: 1 3 10 20 30 40 50 60 71.6
0.01 7.64874E-08 0.00000E+00 0.00000E+00 0.00000E+00 0.00000E+00 0.00000E+00 0.00000E+00 0.00000E+00 0.00000E+00
0.03 1.46508E-07 3.31753E-09 7.38345E-13 5.94804E-13 3.78101E-13 2.34626E-13 1.90298E-13 2.35728E-13 9.34567E-14
0.1 3.46009E-07 3.37338E-07 2.90387E-07 3.91876E-09 3.30455E-09 2.91799E-09 2.71028E-09 2.64358E-09 2.19974E-09
0.18 3.27263E-07 3.48426E-07 3.34688E-07 2.56525E-07 1.49130E-07 2.53422E-08 2.30842E-08 2.31969E-08 2.16660E-08
0.3 3.41217E-07 3.59977E-07 3.73393E-07 3.78067E-07 3.66968E-07 3.35267E-07 3.06685E-07 2.64876E-07 1.81828E-07
0.56 3.89478E-07 4.19051E-07 4.28021E-07 4.60488E-07 4.80061E-07 4.89381E-07 4.94839E-07 5.14396E-07 4.96470E-07
1.0 3.89182E-07 4.22702E-07 4.41998E-07 4.99674E-07 5.26579E-07 5.54749E-07 5.49872E-07 6.41155E-07 5.83796E-07
3.0 4.87563E-07 5.23465E-07 5.56844E-07 6.50861E-07 7.38121E-07 7.88413E-07 8.25584E-07 8.95662E-07 8.69470E-07
10.0 8.94940E-07 9.78286E-07 1.06865E-06 1.26372E-06 1.46770E-06 1.58202E-06 1.69815E-06 1.70428E-06 1.74192E-06
30.0 1.00834E-06 1.07190E-06 1.17214E-06 1.41923E-06 1.59955E-06 1.72751E-06 1.92015E-06 1.95142E-06 2.52355E-06
100.0 1.59225E-06 1.78378E-06 1.87623E-06 2.25846E-06 3.04175E-06 2.88363E-06 3.11951E-06 3.32574E-06 3.67802E-06
