Yield function of production of Ti44 by protons, neutrons, alphas, [(Ti44 atoms * cm2) / (g * prim. part. nucleon)] (computed with Geant4.10).
The primaries are protons.
Energy[GeV/nuc],depths[g/cm2]: 1 3 10 20 30 40 50 60 71.6
0.01 7.64874E-08 0.00000E+00 0.00000E+00 0.00000E+00 0.00000E+00 0.00000E+00 0.00000E+00 0.00000E+00 0.00000E+00
0.03 1.46508E-07 3.31753E-09 7.38345E-13 5.94804E-13 3.78101E-13 2.34626E-13 1.90298E-13 2.35728E-13 9.34567E-14
0.1 3.46009E-07 3.37338E-07 2.90387E-07 3.91876E-09 3.30455E-09 2.91799E-09 2.71028E-09 2.64358E-09 2.19974E-09
0.18 3.27263E-07 3.48426E-07 3.34688E-07 2.56525E-07 1.49130E-07 2.53422E-08 2.30842E-08 2.31969E-08 2.16660E-08
0.3 3.43153E-07 3.61226E-07 3.77198E-07 3.79492E-07 3.68005E-07 3.35820E-07 3.06685E-07 2.64876E-07 1.81828E-07
0.56 1.58878E-06 2.69938E-06 2.46068E-06 2.89095E-06 2.60517E-06 2.37551E-06 1.97242E-06 1.03582E-05 1.63316E-06
1.0 1.09294E-05 1.33720E-05 1.60572E-05 2.30669E-05 2.86140E-05 2.48067E-05 2.86083E-05 2.31589E-05 1.92234E-05
3.0 4.60829E-05 5.52439E-05 6.14233E-05 8.16488E-05 1.04689E-04 1.03489E-04 1.28029E-04 1.05498E-04 1.12165E-04
10.0 1.57831E-04 1.88803E-04 2.03762E-04 2.82324E-04 3.26699E-04 3.92560E-04 3.79001E-04 3.78384E-04 3.63659E-04
30.0 2.94320E-04 3.30325E-04 3.78547E-04 4.76279E-04 5.68810E-04 6.04939E-04 6.45688E-04 6.75989E-04 6.96740E-04
100.0 6.09511E-04 6.97421E-04 7.43669E-04 9.41575E-04 1.06430E-03 1.51863E-03 1.32548E-03 1.57048E-03 1.88535E-03
