Yield function of production of Ti44 by protons, neutrons, alphas, pi+ and pi-, [(Ti44 atoms * cm2) / (g * prim. part. nucleon)] (computed with Geant4.10).
The primaries are alphas.
Energy[GeV/nuc],depths[g/cm2]: 1 3 10 20 30 40 50 60 71.6
0.01 1.76183E-04 2.19198E-07 1.99866E-07 1.90889E-07 1.95522E-07 2.10620E-07 2.22629E-07 2.20943E-07 2.09331E-07
0.03 1.80798E-04 2.83192E-05 3.23247E-06 3.17965E-06 3.35070E-06 3.52626E-06 3.63375E-06 3.57837E-06 3.63600E-06
0.1 3.22513E-04 2.94213E-04 2.48220E-04 8.98442E-05 9.61823E-05 1.02307E-04 1.05467E-04 1.10573E-04 1.12899E-04
0.18 4.19760E-04 4.42835E-04 4.50170E-04 4.58181E-04 4.38632E-04 4.06572E-04 4.16613E-04 4.36466E-04 4.33743E-04
0.3 3.08231E-04 3.96757E-04 5.28075E-04 8.15569E-04 9.94545E-04 1.13705E-03 1.23587E-03 1.26754E-03 1.30591E-03
0.56 4.19347E-04 5.01743E-04 6.25608E-04 9.45750E-04 1.31342E-03 1.61046E-03 1.80577E-03 1.96492E-03 2.06173E-03
1.0 6.35839E-04 7.61915E-04 9.54308E-04 1.45323E-03 2.09154E-03 2.48045E-03 2.88429E-03 3.11141E-03 3.30367E-03
3.0 1.23247E-03 1.47769E-03 1.82930E-03 2.78377E-03 4.01990E-03 4.83732E-03 5.72804E-03 6.02737E-03 6.54043E-03
10.0 2.76280E-03 3.24886E-03 4.06034E-03 6.06807E-03 8.54580E-03 1.06476E-02 1.21329E-02 1.31090E-02 1.39377E-02
30.0 4.80442E-03 5.64182E-03 6.90903E-03 1.03185E-02 1.45512E-02 1.84921E-02 2.10020E-02 2.22579E-02 2.34997E-02
100.0 8.39667E-03 9.82737E-03 1.23755E-02 1.86268E-02 2.59400E-02 3.17042E-02 3.67500E-02 3.97933E-02 5.23686E-02
