Yield function of production of Ti44 by protons, neutrons, alphas, [(Ti44 atoms * cm2) / (g * prim. part. nucleon)] (computed with Geant4.10).
The primaries are protons.
Energy[GeV/nuc],depths[g/cm2]: 0 1 3 5 12.09 19.18 26.27 33.36 40.45 47.54 54.63 61.72 68.81 75.9 82.99 90.08 97.17 104.26 111.35 118.44 125.53 132.62 139.71 146.8 153.89 160.98 168.07 175.16 182.25 189.34 196.43 203.52 210.61 217.7 224.79 231.88 238.97 246.06 253.15
0.03 9.86106E-09 6.15946E-16 6.99123E-17 7.14450E-17 7.42320E-17 8.06846E-17 7.11862E-17 1.17366E-16 1.35214E-16 0.00000E+00 0.00000E+00 0.00000E+00 0.00000E+00 0.00000E+00 0.00000E+00 0.00000E+00 0.00000E+00 0.00000E+00 0.00000E+00 0.00000E+00 0.00000E+00 0.00000E+00 0.00000E+00 0.00000E+00 0.00000E+00 0.00000E+00 0.00000E+00 0.00000E+00 0.00000E+00 0.00000E+00 0.00000E+00 0.00000E+00 0.00000E+00 0.00000E+00 0.00000E+00 0.00000E+00 0.00000E+00 0.00000E+00 0.00000E+00
0.1 6.44618E-07 2.63125E-07 5.63280E-08 2.36572E-08 3.35337E-10 2.72229E-10 2.29901E-10 2.00041E-10 1.77536E-10 1.51284E-10 1.35287E-10 1.19095E-10 1.09116E-10 9.85101E-11 8.96248E-11 8.24676E-11 7.25247E-11 6.48906E-11 6.08782E-11 5.71892E-11 5.27710E-11 5.07598E-11 4.54453E-11 4.18183E-11 3.96594E-11 3.84003E-11 3.58814E-11 3.45464E-11 3.20285E-11 3.22139E-11 3.29093E-11 3.00993E-11 2.56299E-11 3.02866E-11 2.48879E-11 1.89529E-11 1.38981E-11 1.98007E-11 1.00896E-11
0.18 2.29892E-06 1.68261E-06 1.27767E-06 9.36997E-07 2.80435E-07 3.96107E-08 1.13072E-08 1.02605E-08 9.18921E-09 8.42535E-09 7.80025E-09 7.24437E-09 6.73406E-09 6.20217E-09 5.86555E-09 5.52828E-09 5.15165E-09 4.92430E-09 4.69373E-09 4.34193E-09 4.19626E-09 3.95308E-09 3.85859E-09 3.55016E-09 3.46324E-09 3.47676E-09 3.42336E-09 3.21861E-09 3.11901E-09 3.05892E-09 3.09688E-09 2.98054E-09 2.72558E-09 2.72041E-09 2.60449E-09 2.27479E-09 2.69250E-09 2.29177E-09 3.52742E-09
0.3 4.96915E-06 4.68505E-06 3.97728E-06 3.42118E-06 2.23393E-06 1.51956E-06 1.00984E-06 6.43485E-07 3.81480E-07 2.09605E-07 1.16622E-07 9.23706E-08 8.59324E-08 8.13862E-08 7.69449E-08 7.32101E-08 6.93191E-08 6.68436E-08 6.54200E-08 6.11295E-08 5.86539E-08 5.67414E-08 5.45187E-08 5.24624E-08 5.09973E-08 5.00448E-08 4.83915E-08 4.70345E-08 4.57745E-08 4.53394E-08 4.42088E-08 4.43974E-08 4.14823E-08 4.30793E-08 4.07940E-08 4.25346E-08 4.04582E-08 3.87504E-08 4.28578E-08
0.56 8.67896E-06 8.69988E-06 8.22727E-06 8.01979E-06 6.73155E-06 6.00933E-06 5.26224E-06 4.65129E-06 4.11416E-06 3.60422E-06 3.17698E-06 2.82215E-06 2.48220E-06 2.20077E-06 1.95329E-06 1.71253E-06 1.51927E-06 1.31730E-06 1.14437E-06 9.96581E-07 8.60763E-07 7.48745E-07 6.59836E-07 5.90136E-07 5.27973E-07 4.87503E-07 4.64816E-07 4.70566E-07 4.50866E-07 4.37571E-07 4.29098E-07 4.19111E-07 4.13646E-07 4.03970E-07 4.22479E-07 4.02643E-07 4.42408E-07 4.18373E-07 5.37971E-07
1.0 1.16817E-05 1.17416E-05 1.13976E-05 1.11840E-05 1.02104E-05 9.69491E-06 9.23896E-06 8.82739E-06 8.30628E-06 7.98408E-06 7.60054E-06 7.35371E-06 6.96433E-06 6.74144E-06 6.37824E-06 6.16740E-06 5.91364E-06 5.65552E-06 5.46561E-06 5.25835E-06 5.09311E-06 4.88471E-06 4.69902E-06 4.57373E-06 4.48616E-06 4.26579E-06 4.21878E-06 4.04175E-06 3.96656E-06 3.99382E-06 3.74121E-06 3.94588E-06 3.67528E-06 3.92749E-06 3.58428E-06 3.61081E-06 3.47748E-06 3.46127E-06 3.58466E-06
3.0 1.14080E-05 1.15920E-05 1.17598E-05 1.20036E-05 1.19861E-05 1.23143E-05 1.24859E-05 1.26386E-05 1.27496E-05 1.27797E-05 1.28305E-05 1.27633E-05 1.27949E-05 1.27549E-05 1.26895E-05 1.27472E-05 1.26736E-05 1.26714E-05 1.25185E-05 1.25748E-05 1.23574E-05 1.24946E-05 1.25790E-05 1.22663E-05 1.22496E-05 1.22283E-05 1.21523E-05 1.21263E-05 1.20732E-05 1.19373E-05 1.20127E-05 1.18187E-05 1.18870E-05 1.18446E-05 1.18902E-05 1.17173E-05 1.16482E-05 1.10188E-05 1.14462E-05
10.0 1.69553E-05 1.74326E-05 1.81117E-05 1.86766E-05 1.95441E-05 2.05498E-05 2.15383E-05 2.24060E-05 2.25993E-05 2.30597E-05 2.35774E-05 2.36359E-05 2.40810E-05 2.41812E-05 2.46567E-05 2.45307E-05 2.47227E-05 2.47638E-05 2.48805E-05 2.48796E-05 2.51089E-05 2.50355E-05 2.53987E-05 2.52722E-05 2.48492E-05 2.50181E-05 2.52483E-05 2.53396E-05 2.57400E-05 2.55932E-05 2.50801E-05 2.52007E-05 2.48656E-05 2.56170E-05 2.50869E-05 2.47892E-05 2.51206E-05 2.73712E-05 2.80092E-05
30.0 2.58798E-05 2.67269E-05 2.74528E-05 2.83470E-05 2.99170E-05 3.20639E-05 3.41734E-05 3.56239E-05 3.70642E-05 3.83214E-05 3.94685E-05 4.11533E-05 4.16425E-05 4.31398E-05 4.34999E-05 4.39858E-05 4.48263E-05 4.52491E-05 4.65508E-05 4.65994E-05 4.70851E-05 4.76323E-05 4.87446E-05 4.86798E-05 4.91391E-05 4.95645E-05 5.03292E-05 5.10692E-05 5.03265E-05 5.07630E-05 5.04337E-05 5.04596E-05 5.01786E-05 5.01720E-05 5.09985E-05 4.90853E-05 4.99041E-05 5.35635E-05 7.74189E-05
100.0 4.96963E-05 5.10066E-05 5.30057E-05 5.46862E-05 5.78424E-05 6.17597E-05 6.62528E-05 7.01053E-05 7.30375E-05 7.60517E-05 7.97850E-05 8.23384E-05 8.57505E-05 8.78692E-05 9.01976E-05 9.12793E-05 9.32066E-05 9.59606E-05 9.76399E-05 9.89797E-05 1.00035E-04 1.02622E-04 1.04204E-04 1.04535E-04 1.06513E-04 1.05226E-04 1.07242E-04 1.08279E-04 1.11013E-04 1.09519E-04 1.08718E-04 1.10129E-04 1.08788E-04 1.07905E-04 1.06360E-04 1.07242E-04 1.05833E-04 1.09080E-04 1.05952E-04
