Yield function of production of Ti44 by protons, neutrons, alphas, [(Ti44 atoms * cm2) / (g * prim. part. nucleon)] (computed with Geant4.10).
The primaries are alphas.
Energy[GeV/nuc],depths[g/cm2]: 0 1 3 5 12.09 19.18 26.27 33.36 40.45 47.54 54.63 61.72 68.81 75.9 82.99 90.08 97.17 104.26 111.35 118.44 125.53 132.62 139.71 146.8 153.89 160.98 168.07 175.16 182.25 189.34 196.43 203.52 210.61 217.7 224.79 231.88 238.97 246.06 253.15
0.03 1.34025E-05 2.15556E-07 8.96470E-11 7.46724E-11 5.37285E-11 4.43359E-11 3.80073E-11 3.21336E-11 2.92891E-11 2.50902E-11 2.26025E-11 1.97212E-11 1.81596E-11 1.56380E-11 1.43729E-11 1.27019E-11 1.20300E-11 1.09328E-11 1.05267E-11 1.08669E-11 9.39005E-12 9.19787E-12 7.82008E-12 7.29336E-12 7.24336E-12 6.87010E-12 6.31937E-12 5.76344E-12 5.76335E-12 4.98935E-12 5.24031E-12 5.16806E-12 3.58036E-12 3.95101E-12 3.37581E-12 6.25306E-12 2.91688E-12 3.68623E-12 2.57949E-12
0.1 1.53907E-05 1.38621E-05 1.02727E-05 6.78793E-06 2.73135E-08 2.24436E-08 1.96083E-08 1.77577E-08 1.61226E-08 1.49851E-08 1.39513E-08 1.30045E-08 1.22061E-08 1.13850E-08 1.06708E-08 1.00916E-08 9.39715E-09 9.01609E-09 8.56129E-09 8.22688E-09 7.68456E-09 7.42286E-09 7.11492E-09 6.88767E-09 6.48588E-09 6.36002E-09 6.34038E-09 5.99978E-09 5.81466E-09 5.57514E-09 5.63620E-09 5.55122E-09 5.26833E-09 5.54570E-09 5.06428E-09 5.62125E-09 5.23568E-09 5.45504E-09 6.68609E-09
0.18 1.24166E-05 1.18148E-05 1.05063E-05 9.74082E-06 6.62364E-06 3.59011E-06 5.19307E-07 2.35301E-07 2.12188E-07 1.95569E-07 1.81416E-07 1.68985E-07 1.58885E-07 1.50255E-07 1.42100E-07 1.35319E-07 1.30255E-07 1.23150E-07 1.18242E-07 1.14439E-07 1.07808E-07 1.03718E-07 1.00302E-07 9.74412E-08 9.45619E-08 9.25067E-08 8.90113E-08 8.66888E-08 8.53975E-08 8.21078E-08 8.18864E-08 8.12415E-08 8.12941E-08 8.00133E-08 7.74785E-08 7.56920E-08 7.49573E-08 7.81627E-08 7.64203E-08
0.3 1.31961E-05 1.29039E-05 1.19851E-05 1.12755E-05 8.88334E-06 7.45625E-06 6.26051E-06 5.22265E-06 4.30149E-06 3.44328E-06 2.53138E-06 1.58318E-06 1.22568E-06 1.15427E-06 1.09227E-06 1.03986E-06 9.91021E-07 9.48416E-07 9.11607E-07 8.74441E-07 8.45731E-07 8.16417E-07 7.96582E-07 7.64902E-07 7.48666E-07 7.33096E-07 7.10317E-07 7.07857E-07 6.86027E-07 6.71936E-07 6.67015E-07 6.52891E-07 6.48558E-07 6.33773E-07 6.42141E-07 6.21771E-07 6.67489E-07 6.32784E-07 6.47557E-07
0.56 1.63827E-05 1.65256E-05 1.65578E-05 1.65330E-05 1.57395E-05 1.52530E-05 1.47070E-05 1.41146E-05 1.34827E-05 1.28084E-05 1.22139E-05 1.16139E-05 1.10114E-05 1.04562E-05 9.91803E-06 9.42491E-06 8.95014E-06 8.52397E-06 8.09650E-06 7.76868E-06 7.37906E-06 7.05960E-06 6.77216E-06 6.51155E-06 6.25683E-06 6.05193E-06 5.78953E-06 5.56779E-06 5.47047E-06 5.36210E-06 5.27915E-06 5.25967E-06 5.14817E-06 5.06272E-06 5.01290E-06 4.94468E-06 5.00920E-06 4.88817E-06 5.17868E-06
1.0 2.15192E-05 2.22364E-05 2.31116E-05 2.39054E-05 2.45026E-05 2.51742E-05 2.55222E-05 2.55708E-05 2.56046E-05 2.53854E-05 2.52358E-05 2.49285E-05 2.44541E-05 2.41298E-05 2.36457E-05 2.33016E-05 2.29716E-05 2.24508E-05 2.21567E-05 2.16170E-05 2.13014E-05 2.08680E-05 2.04910E-05 2.03056E-05 1.97964E-05 1.97139E-05 1.92885E-05 1.89678E-05 1.87296E-05 1.85648E-05 1.83223E-05 1.80298E-05 1.80539E-05 1.76246E-05 1.76282E-05 1.75518E-05 1.71500E-05 1.75232E-05 1.78397E-05
3.0 3.36430E-05 3.51213E-05 3.69388E-05 3.85367E-05 4.08173E-05 4.32853E-05 4.52443E-05 4.65763E-05 4.78178E-05 4.85077E-05 4.91975E-05 4.97965E-05 4.98691E-05 5.02728E-05 5.03372E-05 5.04735E-05 5.06710E-05 5.09488E-05 5.05725E-05 5.06463E-05 5.04313E-05 5.04795E-05 5.01912E-05 5.00726E-05 5.00997E-05 5.01949E-05 4.98230E-05 4.96618E-05 4.96031E-05 4.91125E-05 5.00745E-05 4.92458E-05 4.93234E-05 4.97273E-05 4.92689E-05 4.96372E-05 4.90437E-05 4.85932E-05 5.06904E-05
10.0 5.52500E-05 5.78851E-05 6.14736E-05 6.44795E-05 6.95688E-05 7.55078E-05 7.98525E-05 8.32412E-05 8.63331E-05 8.88850E-05 9.06877E-05 9.29928E-05 9.42590E-05 9.55122E-05 9.67298E-05 9.79063E-05 9.87854E-05 9.93180E-05 1.00305E-04 1.00629E-04 1.00920E-04 1.02219E-04 1.02004E-04 1.03397E-04 1.03072E-04 1.02943E-04 1.03847E-04 1.03519E-04 1.04410E-04 1.03869E-04 1.04764E-04 1.04533E-04 1.05216E-04 1.05255E-04 1.04038E-04 1.03679E-04 1.05445E-04 1.08142E-04 1.08904E-04
30.0 9.25827E-05 9.59133E-05 1.01234E-04 1.06114E-04 1.13309E-04 1.23390E-04 1.31620E-04 1.39552E-04 1.46160E-04 1.52368E-04 1.58483E-04 1.62059E-04 1.66309E-04 1.71000E-04 1.74122E-04 1.78289E-04 1.80915E-04 1.84659E-04 1.87139E-04 1.89433E-04 1.91760E-04 1.93512E-04 1.95983E-04 1.97738E-04 1.97802E-04 1.99556E-04 2.01173E-04 2.04565E-04 2.03181E-04 2.02329E-04 2.05826E-04 2.00730E-04 2.02013E-04 2.06099E-04 2.08916E-04 2.03846E-04 1.94742E-04 1.97886E-04 2.06768E-04
100.0 1.70857E-04 1.77328E-04 1.87043E-04 1.94666E-04 2.12152E-04 2.31237E-04 2.48318E-04 2.64523E-04 2.79800E-04 2.94449E-04 3.04860E-04 3.14993E-04 3.24667E-04 3.34139E-04 3.43949E-04 3.51414E-04 3.59974E-04 3.65514E-04 3.76268E-04 3.87259E-04 3.92245E-04 3.98395E-04 4.04854E-04 4.12310E-04 4.11480E-04 4.19652E-04 4.21343E-04 4.29647E-04 4.31941E-04 4.35721E-04 4.30297E-04 4.33050E-04 4.42621E-04 4.38012E-04 4.39254E-04 4.50821E-04 4.42503E-04 4.68427E-04 4.12401E-04
