Yield function of production of Ti44 by protons, neutrons, alphas, [(Ti44 atoms * cm2) / (g * prim. part. nucleon)] (computed with Geant4.10).
The primaries are protons.
Energy[GeV/nuc],depths[g/cm2]: 0 1 3 5 10.14 15.28 20.42 25.56 30.7 35.84 40.98 46.12 51.26 56.4 61.54 66.68 71.82 76.96 82.1 87.24 92.38 97.52 102.66 107.8 112.94 118.08 123.22 128.36 133.5 138.64 143.78
0.03 9.85828E-09 5.73089E-17 5.82602E-17 7.57382E-17 8.07098E-17 9.07885E-17 1.03481E-16 1.19955E-16 1.42617E-16 1.09702E-16 1.30660E-16 5.52768E-16 0.00000E+00 0.00000E+00 0.00000E+00 0.00000E+00 0.00000E+00 0.00000E+00 0.00000E+00 0.00000E+00 0.00000E+00 0.00000E+00 0.00000E+00 0.00000E+00 0.00000E+00 0.00000E+00 0.00000E+00 0.00000E+00 0.00000E+00 0.00000E+00 0.00000E+00
0.1 5.36151E-07 2.26568E-07 5.60842E-08 2.38603E-08 3.81505E-10 3.27830E-10 2.93711E-10 2.64391E-10 2.48397E-10 2.22444E-10 2.09169E-10 1.98307E-10 1.83230E-10 1.76202E-10 1.62222E-10 1.50770E-10 1.45426E-10 1.38993E-10 1.34700E-10 1.25941E-10 1.25882E-10 1.10556E-10 1.14078E-10 1.10085E-10 1.03387E-10 1.11701E-10 1.06675E-10 1.02947E-10 1.10668E-10 9.40967E-11 6.58127E-11
0.18 1.90695E-06 1.39318E-06 1.05052E-06 7.72692E-07 3.41862E-07 1.21528E-07 2.68820E-08 1.19593E-08 1.07196E-08 1.01786E-08 9.77132E-09 9.27273E-09 8.81330E-09 8.51311E-09 8.35419E-09 7.84911E-09 7.66490E-09 7.53961E-09 7.24392E-09 7.14150E-09 6.94631E-09 6.76327E-09 6.72300E-09 6.80901E-09 6.68114E-09 6.36251E-09 6.08296E-09 6.04073E-09 6.20333E-09 6.33560E-09 4.99419E-09
0.3 4.15667E-06 3.99496E-06 3.45137E-06 2.96706E-06 2.12750E-06 1.61499E-06 1.24847E-06 9.40505E-07 7.01443E-07 5.07394E-07 3.53565E-07 2.35295E-07 1.56698E-07 1.12219E-07 1.00765E-07 9.56097E-08 9.21164E-08 9.08887E-08 8.88062E-08 8.69241E-08 8.50210E-08 8.41969E-08 8.44021E-08 8.17729E-08 8.53407E-08 7.90066E-08 8.14098E-08 7.71353E-08 7.72658E-08 7.56005E-08 7.42561E-08
0.56 7.46868E-06 7.48412E-06 7.12434E-06 6.96547E-06 6.21027E-06 5.75497E-06 5.33717E-06 4.99179E-06 4.69219E-06 4.39500E-06 4.14989E-06 3.88253E-06 3.61372E-06 3.42341E-06 3.20654E-06 3.00856E-06 2.84818E-06 2.66005E-06 2.51004E-06 2.40872E-06 2.23787E-06 2.10077E-06 2.02376E-06 1.88019E-06 1.74920E-06 1.70364E-06 1.60934E-06 1.55381E-06 1.53210E-06 1.43777E-06 1.53858E-06
1.0 1.06071E-05 1.05441E-05 1.03034E-05 1.01656E-05 9.47820E-06 9.22277E-06 9.06930E-06 8.79963E-06 8.64542E-06 8.42793E-06 8.29145E-06 8.09059E-06 7.99592E-06 7.79776E-06 7.73494E-06 7.53944E-06 7.38157E-06 7.35957E-06 7.23405E-06 7.10462E-06 6.96513E-06 6.95729E-06 6.89348E-06 6.83320E-06 6.75620E-06 6.69835E-06 6.70391E-06 6.46239E-06 6.52386E-06 6.55251E-06 5.70008E-06
3.0 1.02770E-05 1.03288E-05 1.04451E-05 1.06863E-05 1.04754E-05 1.07575E-05 1.08746E-05 1.10293E-05 1.12447E-05 1.13344E-05 1.13815E-05 1.13962E-05 1.15018E-05 1.15361E-05 1.14899E-05 1.17040E-05 1.16248E-05 1.17185E-05 1.17298E-05 1.18539E-05 1.17264E-05 1.17536E-05 1.18342E-05 1.17631E-05 1.16058E-05 1.16079E-05 1.17166E-05 1.17917E-05 1.18697E-05 1.13407E-05 1.28370E-05
10.0 1.43557E-05 1.46954E-05 1.51481E-05 1.56762E-05 1.59269E-05 1.66619E-05 1.71999E-05 1.76412E-05 1.80376E-05 1.85798E-05 1.88061E-05 1.90038E-05 1.92741E-05 1.96464E-05 1.98100E-05 1.98922E-05 2.01058E-05 2.02268E-05 2.05131E-05 2.04785E-05 2.08442E-05 2.07057E-05 2.04706E-05 2.07058E-05 2.07871E-05 2.06576E-05 2.18060E-05 2.02893E-05 2.02994E-05 2.09877E-05 2.07014E-05
30.0 1.98640E-05 2.02131E-05 2.07111E-05 2.17283E-05 2.20234E-05 2.34768E-05 2.42803E-05 2.52436E-05 2.61947E-05 2.70374E-05 2.73795E-05 2.80861E-05 2.86259E-05 2.97970E-05 2.99640E-05 2.99515E-05 3.05599E-05 3.13090E-05 3.11227E-05 3.21021E-05 3.19261E-05 3.28902E-05 3.26468E-05 3.22474E-05 3.33114E-05 3.34038E-05 3.29223E-05 3.25158E-05 3.33310E-05 3.14480E-05 3.15837E-05
100.0 3.29440E-05 3.34501E-05 3.50667E-05 3.61119E-05 3.71320E-05 3.89795E-05 4.11868E-05 4.26031E-05 4.42256E-05 4.60145E-05 4.70280E-05 4.83266E-05 4.92382E-05 5.05469E-05 5.17510E-05 5.40336E-05 5.36435E-05 5.41113E-05 5.52662E-05 5.61613E-05 5.65892E-05 5.90928E-05 5.73095E-05 5.81622E-05 6.01623E-05 5.76531E-05 5.84606E-05 6.30732E-05 6.26533E-05 6.65419E-05 6.19391E-05
