Yield function of production of Ti44 by protons, neutrons, alphas, [(Ti44 atoms * cm2) / (g * prim. part. nucleon)] (computed with Geant4.10).
The primaries are alphas.
Energy[GeV/nuc],depths[g/cm2]: 0 1 3 5 10.14 15.28 20.42 25.56 30.7 35.84 40.98 46.12 51.26 56.4 61.54 66.68 71.82 76.96 82.1 87.24 92.38 97.52 102.66 107.8 112.94 118.08 123.22 128.36 133.5 138.64 143.78
0.03 1.06423E-05 1.74232E-07 9.17880E-11 8.04266E-11 6.57208E-11 5.46593E-11 4.90321E-11 4.42973E-11 4.15786E-11 3.82259E-11 3.47408E-11 3.25981E-11 3.05974E-11 2.86486E-11 2.77436E-11 2.74325E-11 2.49995E-11 2.39504E-11 2.16425E-11 2.20091E-11 2.06434E-11 1.94028E-11 1.89838E-11 1.86087E-11 1.75034E-11 1.91851E-11 2.06175E-11 1.73213E-11 1.19332E-11 1.59542E-11 9.15700E-12
0.1 1.24675E-05 1.10950E-05 8.25217E-06 5.44248E-06 2.76488E-08 2.37057E-08 2.14122E-08 1.98300E-08 1.87997E-08 1.77490E-08 1.70062E-08 1.62322E-08 1.57829E-08 1.50881E-08 1.46279E-08 1.41567E-08 1.37733E-08 1.33441E-08 1.29602E-08 1.25775E-08 1.28765E-08 1.22320E-08 1.20375E-08 1.20077E-08 1.20239E-08 1.16583E-08 1.12195E-08 1.22318E-08 1.11324E-08 1.13181E-08 1.06400E-08
0.18 1.02755E-05 9.96056E-06 8.70348E-06 8.03260E-06 6.14312E-06 4.45107E-06 2.58465E-06 6.90745E-07 2.39721E-07 2.24726E-07 2.13877E-07 2.04527E-07 1.96595E-07 1.89860E-07 1.83079E-07 1.78569E-07 1.73713E-07 1.70012E-07 1.66052E-07 1.62196E-07 1.60239E-07 1.57690E-07 1.54683E-07 1.53605E-07 1.50432E-07 1.50865E-07 1.46726E-07 1.47161E-07 1.45466E-07 1.51080E-07 1.39806E-07
0.3 1.11780E-05 1.08861E-05 1.02944E-05 9.77450E-06 8.36423E-06 7.33362E-06 6.50382E-06 5.81579E-06 5.18090E-06 4.60503E-06 4.07362E-06 3.53385E-06 2.97106E-06 2.35028E-06 1.68790E-06 1.33672E-06 1.29718E-06 1.27086E-06 1.23625E-06 1.21279E-06 1.18919E-06 1.16915E-06 1.15234E-06 1.13511E-06 1.11820E-06 1.11314E-06 1.10808E-06 1.08067E-06 1.06440E-06 1.08202E-06 1.02501E-06
0.56 1.49344E-05 1.49991E-05 1.49712E-05 1.50820E-05 1.44708E-05 1.44118E-05 1.42351E-05 1.40228E-05 1.37803E-05 1.35625E-05 1.32865E-05 1.30634E-05 1.28390E-05 1.25005E-05 1.23063E-05 1.20011E-05 1.17851E-05 1.16413E-05 1.13778E-05 1.11807E-05 1.10145E-05 1.08187E-05 1.07579E-05 1.05779E-05 1.03932E-05 1.03917E-05 1.03570E-05 1.02128E-05 1.02996E-05 9.93880E-06 9.82459E-06
1.0 2.04876E-05 2.09552E-05 2.15964E-05 2.22455E-05 2.24340E-05 2.31420E-05 2.37501E-05 2.40942E-05 2.42911E-05 2.46749E-05 2.47490E-05 2.47507E-05 2.47546E-05 2.48037E-05 2.49243E-05 2.47459E-05 2.48357E-05 2.48805E-05 2.48294E-05 2.47479E-05 2.46959E-05 2.45059E-05 2.46951E-05 2.46712E-05 2.44037E-05 2.44740E-05 2.41036E-05 2.43029E-05 2.40127E-05 2.41039E-05 2.19881E-05
3.0 3.04207E-05 3.14263E-05 3.27080E-05 3.40565E-05 3.49613E-05 3.68169E-05 3.83303E-05 3.95452E-05 4.06091E-05 4.14924E-05 4.20747E-05 4.28834E-05 4.32192E-05 4.38759E-05 4.43650E-05 4.48063E-05 4.51221E-05 4.52029E-05 4.56381E-05 4.56658E-05 4.63000E-05 4.55185E-05 4.59695E-05 4.59488E-05 4.59168E-05 4.63228E-05 4.59943E-05 4.57370E-05 4.59947E-05 4.57965E-05 4.30387E-05
10.0 4.65485E-05 4.82448E-05 5.06007E-05 5.30825E-05 5.52378E-05 5.88189E-05 6.17434E-05 6.43486E-05 6.66389E-05 6.83602E-05 7.03836E-05 7.17808E-05 7.30487E-05 7.42946E-05 7.54001E-05 7.63251E-05 7.71354E-05 7.78297E-05 7.86295E-05 7.92267E-05 7.96616E-05 8.08169E-05 7.95744E-05 8.18707E-05 8.18566E-05 8.21264E-05 8.28389E-05 8.13549E-05 8.19703E-05 8.01299E-05 7.94650E-05
30.0 6.99734E-05 7.21670E-05 7.55284E-05 7.85978E-05 8.21159E-05 8.72584E-05 9.25113E-05 9.71066E-05 1.00328E-04 1.03533E-04 1.06348E-04 1.09139E-04 1.12086E-04 1.14564E-04 1.17122E-04 1.18796E-04 1.21065E-04 1.23399E-04 1.24465E-04 1.25878E-04 1.27713E-04 1.30119E-04 1.31237E-04 1.32608E-04 1.33330E-04 1.33447E-04 1.34083E-04 1.35694E-04 1.32353E-04 1.31161E-04 1.26850E-04
100.0 1.09053E-04 1.12797E-04 1.18018E-04 1.23977E-04 1.30538E-04 1.39721E-04 1.48477E-04 1.56884E-04 1.64416E-04 1.72484E-04 1.77822E-04 1.83959E-04 1.89039E-04 1.95476E-04 1.98137E-04 2.03279E-04 2.06242E-04 2.10092E-04 2.15906E-04 2.19127E-04 2.22939E-04 2.24174E-04 2.24979E-04 2.34072E-04 2.30212E-04 2.36539E-04 2.38080E-04 2.33317E-04 2.43997E-04 2.49567E-04 2.31262E-04
