Yield function of production of Ti44 by protons, neutrons, alphas, [(Ti44 atoms * cm2) / (g * prim. part. nucleon)] (computed with Geant4.10).
The primaries are protons.
Energy[GeV/nuc],depths[g/cm2]: 1 3 5 10 15 20 30 40 50 60 70 80 90 100 110 124.6
0.01 1.02027E-04 2.26570E-08 1.84227E-08 1.76696E-08 1.64744E-08 1.59272E-08 1.49535E-08 1.34170E-08 1.05238E-08 8.12861E-09 1.04023E-08 6.65540E-09 4.16605E-09 5.40235E-09 3.84400E-09 3.39810E-09
0.03 1.03533E-04 1.31563E-05 3.52322E-07 3.28513E-07 3.11722E-07 3.03751E-07 3.05239E-07 2.76960E-07 2.52185E-07 2.27785E-07 2.25553E-07 1.85977E-07 1.74078E-07 1.62631E-07 1.49642E-07 1.12399E-07
0.1 1.15302E-04 1.04903E-04 8.27694E-05 6.11318E-05 1.15174E-05 1.15729E-05 1.17961E-05 1.13807E-05 1.09943E-05 1.02886E-05 9.96185E-06 9.18079E-06 8.84161E-06 7.40581E-06 7.65705E-06 6.64919E-06
0.18 2.96367E-05 4.59039E-05 5.61475E-05 6.72655E-05 9.51080E-05 9.89368E-05 8.06659E-05 5.55547E-05 5.44123E-05 5.32759E-05 5.17196E-05 4.92225E-05 4.78201E-05 4.58422E-05 4.51114E-05 4.69395E-05
0.3 5.44171E-05 6.74094E-05 8.30214E-05 9.66722E-05 1.28309E-04 1.50089E-04 1.65704E-04 1.94602E-04 2.07011E-04 2.12073E-04 1.92837E-04 1.86676E-04 1.77592E-04 1.81611E-04 1.76878E-04 1.67551E-04
0.56 1.10402E-04 1.33078E-04 1.65793E-04 1.98323E-04 2.55709E-04 3.06856E-04 3.57636E-04 4.35280E-04 4.96785E-04 5.48001E-04 5.86233E-04 6.17105E-04 6.33544E-04 6.66897E-04 6.71406E-04 6.61445E-04
1.0 1.84242E-04 2.21539E-04 2.76187E-04 3.23633E-04 4.34454E-04 5.22315E-04 5.99220E-04 7.53887E-04 8.58755E-04 9.43777E-04 1.03046E-03 1.10106E-03 1.14349E-03 1.17330E-03 1.17633E-03 1.19356E-03
3.0 3.64365E-04 4.39371E-04 5.44460E-04 6.42506E-04 8.60229E-04 1.04720E-03 1.23223E-03 1.53685E-03 1.80113E-03 2.00272E-03 2.18199E-03 2.31518E-03 2.45743E-03 2.53695E-03 2.54272E-03 2.66411E-03
10.0 8.90218E-04 1.07069E-03 1.31508E-03 1.54522E-03 2.06809E-03 2.52396E-03 2.98520E-03 3.72662E-03 4.41526E-03 4.92612E-03 5.34028E-03 5.63443E-03 5.92840E-03 6.14785E-03 6.29537E-03 6.53028E-03
30.0 1.40331E-03 1.67368E-03 2.07711E-03 2.46458E-03 3.30788E-03 4.05268E-03 4.81268E-03 6.16403E-03 7.27855E-03 8.27033E-03 9.08886E-03 9.79631E-03 1.02215E-02 1.06794E-02 1.11209E-02 1.11068E-02
100.0 2.72192E-03 3.27895E-03 4.04138E-03 4.72208E-03 6.43529E-03 7.88772E-03 9.43695E-03 1.18717E-02 1.40213E-02 1.60921E-02 1.76289E-02 1.90199E-02 2.02856E-02 2.05440E-02 2.12297E-02 2.21615E-02
