Yield function of production of Ti44 by protons, neutrons, alphas, [(Ti44 atoms * cm2) / (g * prim. part. nucleon)] (computed with Geant4.10).
The primaries are protons.
Energy[GeV/nuc],depths[g/cm2]: 1 3 5 10 15 20 30 40 50 60 70 80 90 100 110 124.6
0.01 2.68708E-06 0.00000E+00 0.00000E+00 0.00000E+00 0.00000E+00 0.00000E+00 0.00000E+00 0.00000E+00 0.00000E+00 0.00000E+00 0.00000E+00 0.00000E+00 0.00000E+00 0.00000E+00 0.00000E+00 0.00000E+00
0.03 1.82688E-06 4.09156E-07 5.84163E-13 5.26217E-13 4.77226E-13 2.68911E-13 2.10815E-13 1.54305E-13 9.86808E-14 6.15524E-14 4.73428E-14 3.31167E-14 3.66277E-14 4.73246E-14 4.71999E-14 1.25716E-13
0.1 1.22223E-06 1.18767E-06 9.84433E-07 7.61823E-07 3.15432E-09 2.76673E-09 2.50560E-09 2.09372E-09 1.86405E-09 1.59962E-09 1.51841E-09 1.30497E-09 1.25884E-09 1.18441E-09 1.54443E-09 5.63821E-10
0.18 1.30294E-06 1.28978E-06 1.14032E-06 1.04047E-06 8.23338E-07 6.19349E-07 4.07403E-07 2.02312E-08 1.66802E-08 1.53895E-08 1.40343E-08 1.31312E-08 1.25901E-08 1.23117E-08 1.23540E-08 1.16162E-08
0.3 1.41761E-06 1.43708E-06 1.44132E-06 1.35377E-06 1.24682E-06 1.12479E-06 9.57072E-07 7.64298E-07 5.64441E-07 3.80079E-07 1.78035E-07 5.84419E-08 5.71049E-08 5.13798E-08 4.83999E-08 4.94144E-08
0.56 2.60017E-06 2.94205E-06 3.16451E-06 3.33030E-06 4.31575E-06 3.15601E-06 3.21917E-06 2.55665E-06 2.11118E-06 2.01336E-06 1.86995E-06 1.65497E-06 1.54370E-06 1.30326E-06 1.24924E-06 1.20105E-06
1.0 9.81766E-06 1.25521E-05 1.50757E-05 1.67491E-05 1.94221E-05 1.90268E-05 1.87033E-05 2.21672E-05 1.72316E-05 3.71587E-05 1.95829E-05 1.73026E-05 1.44297E-05 1.77209E-05 1.35497E-05 1.44883E-05
3.0 4.52573E-05 5.34848E-05 5.94785E-05 6.60749E-05 8.08652E-05 8.20889E-05 1.07220E-04 9.72365E-05 1.09468E-04 1.02844E-04 9.71179E-05 1.00805E-04 1.08458E-04 1.41977E-04 9.40466E-05 1.08438E-04
10.0 1.55046E-04 1.74218E-04 2.01957E-04 2.22840E-04 2.50522E-04 2.70746E-04 3.16825E-04 3.28995E-04 3.47922E-04 3.53056E-04 3.77536E-04 4.43010E-04 4.27222E-04 4.99451E-04 3.86979E-04 3.42477E-04
30.0 3.48896E-04 3.86231E-04 4.29098E-04 5.14875E-04 5.27671E-04 5.67621E-04 6.42615E-04 6.84559E-04 7.80126E-04 8.95745E-04 8.46928E-04 8.64188E-04 8.60917E-04 9.51318E-04 9.15661E-04 9.56589E-04
100.0 8.28307E-04 9.07223E-04 9.68923E-04 1.06423E-03 1.23097E-03 1.31176E-03 1.47160E-03 1.61882E-03 1.68979E-03 1.71694E-03 1.85186E-03 2.09265E-03 1.94648E-03 2.33346E-03 1.89762E-03 1.99790E-03
