Yield function of production of Ti44 by protons, neutrons, alphas, [(Ti44 atoms * cm2) / (g * prim. part. nucleon)] (computed with Geant4.10).
The primaries are alphas.
Energy[GeV/nuc],depths[g/cm2]: 1 3 5 10 15 20 30 40 50 60 70 80 90 100 110 124.6
0.01 7.34073E-07 9.75176E-13 5.31838E-13 4.49804E-13 2.49904E-13 6.15316E-13 1.47415E-13 1.29043E-13 6.02455E-14 9.54645E-14 3.54876E-14 1.52915E-16 2.83265E-16 0.00000E+00 0.00000E+00 0.00000E+00
0.03 4.14335E-07 3.66985E-08 1.11072E-09 7.65413E-10 5.63755E-10 5.04177E-10 5.20782E-10 3.49174E-10 3.30640E-10 2.67643E-10 2.32356E-10 2.58997E-10 1.84790E-10 2.07919E-10 1.86360E-10 1.32809E-10
0.1 3.20058E-07 3.70904E-07 3.29029E-07 2.63193E-07 5.95769E-08 4.40291E-08 3.67956E-08 3.13371E-08 2.79717E-08 2.55107E-08 2.30205E-08 2.20840E-08 2.15947E-08 1.91427E-08 1.87646E-08 1.52599E-08
0.18 3.73964E-07 4.71967E-07 5.36343E-07 5.45921E-07 5.01386E-07 4.32982E-07 3.49016E-07 1.96652E-07 1.67643E-07 1.49048E-07 1.38998E-07 1.37213E-07 1.21961E-07 1.20592E-07 1.22578E-07 1.04143E-07
0.3 6.02689E-07 8.88563E-07 8.65898E-07 9.61786E-07 1.09455E-06 1.13835E-06 1.06832E-06 9.96935E-07 8.86694E-07 7.92792E-07 6.20338E-07 6.49219E-07 6.41310E-07 5.00430E-07 4.84394E-07 4.53483E-07
0.56 4.92821E-06 6.06284E-06 7.69449E-06 8.43979E-06 1.22180E-05 8.94742E-06 8.25165E-06 8.29556E-06 7.56648E-06 6.03963E-06 5.83721E-06 5.20263E-06 9.75190E-06 5.15996E-06 4.64158E-06 3.91983E-06
1.0 3.61289E-05 4.01182E-05 5.62752E-05 5.46744E-05 6.15545E-05 8.19225E-05 7.10038E-05 7.09232E-05 8.50208E-05 7.35775E-05 7.12173E-05 6.47520E-05 6.82221E-05 6.84791E-05 7.00303E-05 5.72522E-05
3.0 1.66327E-04 2.05832E-04 2.39676E-04 2.48613E-04 2.90399E-04 3.25597E-04 3.30205E-04 4.03311E-04 3.83307E-04 4.59400E-04 4.15225E-04 3.98191E-04 3.87816E-04 4.10455E-04 3.87236E-04 4.10222E-04
10.0 6.39567E-04 7.07936E-04 8.10631E-04 9.58902E-04 1.04416E-03 1.13471E-03 1.26355E-03 1.31418E-03 1.46126E-03 1.46097E-03 1.56553E-03 1.58356E-03 1.67332E-03 1.66025E-03 1.59667E-03 1.70851E-03
30.0 1.51198E-03 1.65625E-03 1.98126E-03 2.06335E-03 2.34928E-03 2.62894E-03 2.80724E-03 3.18893E-03 3.33808E-03 3.55731E-03 3.60617E-03 3.99616E-03 3.72542E-03 3.81652E-03 3.49402E-03 3.86229E-03
100.0 3.43340E-03 3.58463E-03 3.93741E-03 4.21048E-03 4.75550E-03 5.23842E-03 5.94958E-03 7.24902E-03 6.95945E-03 8.22559E-03 7.29623E-03 8.18777E-03 8.25632E-03 9.75767E-03 8.61431E-03 8.15676E-03
