Yield function of production of Ti44 by protons, neutrons, alphas, [(Ti44 atoms * cm2) / (g * prim. part. nucleon)] (computed with Geant4.10).
The primaries are protons.
Energy[GeV/nuc],depths[g/cm2]: 1 3 5 10 15 20 30 40 50 60 70 80 90 100 110 124.6
0.01 2.68708E-06 0.00000E+00 0.00000E+00 0.00000E+00 0.00000E+00 0.00000E+00 0.00000E+00 0.00000E+00 0.00000E+00 0.00000E+00 0.00000E+00 0.00000E+00 0.00000E+00 0.00000E+00 0.00000E+00 0.00000E+00
0.03 1.82688E-06 4.09156E-07 5.84163E-13 5.26217E-13 4.77226E-13 2.68911E-13 2.10815E-13 1.54305E-13 9.86808E-14 6.15524E-14 4.73428E-14 3.31167E-14 3.66277E-14 4.73246E-14 4.71999E-14 1.25716E-13
0.1 1.22223E-06 1.18767E-06 9.84433E-07 7.61823E-07 3.15432E-09 2.76673E-09 2.50560E-09 2.09372E-09 1.86405E-09 1.59962E-09 1.51841E-09 1.30497E-09 1.25884E-09 1.18441E-09 1.54443E-09 5.63821E-10
0.18 1.30294E-06 1.28978E-06 1.14032E-06 1.04047E-06 8.23338E-07 6.19349E-07 4.07403E-07 2.02312E-08 1.66802E-08 1.53895E-08 1.40343E-08 1.31312E-08 1.25901E-08 1.23117E-08 1.23540E-08 1.16162E-08
0.3 1.41517E-06 1.43534E-06 1.43940E-06 1.34832E-06 1.24682E-06 1.12405E-06 9.57033E-07 7.64298E-07 5.64441E-07 3.80079E-07 1.78035E-07 5.84419E-08 5.71049E-08 5.13798E-08 4.83999E-08 4.94144E-08
0.56 1.61716E-06 1.67614E-06 1.65780E-06 1.71978E-06 1.62453E-06 1.61736E-06 1.55426E-06 1.48896E-06 1.41470E-06 1.38602E-06 1.37250E-06 1.38814E-06 1.22059E-06 1.21249E-06 1.22308E-06 1.19735E-06
1.0 1.84651E-06 1.88582E-06 1.94172E-06 1.92206E-06 1.92361E-06 2.00668E-06 1.92232E-06 1.84947E-06 1.83649E-06 1.97222E-06 1.87094E-06 1.84211E-06 1.69814E-06 1.71439E-06 1.76528E-06 1.61405E-06
3.0 2.25191E-06 2.30931E-06 2.37410E-06 2.42126E-06 2.48289E-06 2.61787E-06 2.58269E-06 2.55909E-06 2.64108E-06 2.58283E-06 2.87470E-06 2.71380E-06 2.94474E-06 2.67788E-06 2.75523E-06 2.70051E-06
10.0 3.25225E-06 3.47652E-06 3.63705E-06 3.79636E-06 4.16853E-06 4.07724E-06 4.14939E-06 4.55354E-06 4.68328E-06 4.82129E-06 5.00778E-06 4.77722E-06 4.78233E-06 4.62876E-06 4.82120E-06 4.43300E-06
30.0 2.53967E-06 2.76909E-06 3.13231E-06 3.46975E-06 3.82876E-06 4.01496E-06 4.51222E-06 4.83181E-06 5.83145E-06 5.49842E-06 6.02609E-06 6.36000E-06 6.48612E-06 7.05704E-06 1.08100E-05 6.08143E-06
100.0 4.78761E-06 5.09519E-06 5.63208E-06 5.76349E-06 7.29993E-06 7.22255E-06 7.80017E-06 8.57187E-06 9.22632E-06 1.01453E-05 1.02375E-05 1.08065E-05 1.12451E-05 1.21535E-05 1.15585E-05 1.15045E-05
