Yield function of production of Ti44 by protons, neutrons, alphas, pi+ and pi-, [(Ti44 atoms * cm2) / (g * prim. part. nucleon)] (computed with Geant4.10).
The primaries are protons.
Energy[GeV/nuc],depths[g/cm2]: 1 3 5 10 15 20 30 40 50 60 70 80 90 100 110 124.6
0.01 1.02027E-04 2.26570E-08 1.84227E-08 1.76696E-08 1.64744E-08 1.59272E-08 1.49535E-08 1.34170E-08 1.05238E-08 8.12861E-09 1.04023E-08 6.65540E-09 4.16605E-09 5.40235E-09 3.84400E-09 3.39810E-09
0.03 1.03533E-04 1.31563E-05 3.52322E-07 3.28513E-07 3.11722E-07 3.03751E-07 3.05239E-07 2.76960E-07 2.52185E-07 2.27785E-07 2.25553E-07 1.85977E-07 1.74078E-07 1.62631E-07 1.49642E-07 1.12399E-07
0.1 1.15302E-04 1.04903E-04 8.27694E-05 6.11318E-05 1.15174E-05 1.15729E-05 1.17961E-05 1.13807E-05 1.09943E-05 1.02886E-05 9.96185E-06 9.18079E-06 8.84161E-06 7.40581E-06 7.65705E-06 6.64919E-06
0.18 2.96367E-05 4.59039E-05 5.61475E-05 6.72655E-05 9.51080E-05 9.89368E-05 8.06659E-05 5.55547E-05 5.44123E-05 5.32759E-05 5.17196E-05 4.92225E-05 4.78201E-05 4.58422E-05 4.51114E-05 4.69395E-05
0.3 5.44195E-05 6.74112E-05 8.30233E-05 9.66776E-05 1.28309E-04 1.50090E-04 1.65704E-04 1.94602E-04 2.07011E-04 2.12073E-04 1.92837E-04 1.86676E-04 1.77592E-04 1.81611E-04 1.76878E-04 1.67551E-04
0.56 1.11385E-04 1.34344E-04 1.67299E-04 1.99934E-04 2.58400E-04 3.08395E-04 3.59301E-04 4.36347E-04 4.97482E-04 5.48628E-04 5.86731E-04 6.17372E-04 6.33867E-04 6.66988E-04 6.71432E-04 6.61448E-04
1.0 1.92213E-04 2.32205E-04 2.89321E-04 3.38460E-04 4.51952E-04 5.39336E-04 6.16001E-04 7.74205E-04 8.74150E-04 9.78964E-04 1.04818E-03 1.11652E-03 1.15622E-03 1.18931E-03 1.18811E-03 1.20643E-03
3.0 4.07370E-04 4.90546E-04 6.01565E-04 7.06159E-04 9.38612E-04 1.12667E-03 1.33687E-03 1.63152E-03 1.90796E-03 2.10298E-03 2.27624E-03 2.41327E-03 2.56294E-03 2.67625E-03 2.63401E-03 2.76984E-03
10.0 1.04201E-03 1.24143E-03 1.51340E-03 1.76426E-03 2.31444E-03 2.79063E-03 3.29788E-03 4.05106E-03 4.75850E-03 5.27436E-03 5.71280E-03 6.07266E-03 6.35084E-03 6.64268E-03 6.67753E-03 6.86833E-03
30.0 1.74967E-03 2.05714E-03 2.50307E-03 2.97598E-03 3.83172E-03 4.61629E-03 5.45078E-03 6.84376E-03 8.05284E-03 9.16057E-03 9.92976E-03 1.06541E-02 1.10760E-02 1.16236E-02 1.20257E-02 1.20573E-02
100.0 3.54544E-03 4.18108E-03 5.00467E-03 5.78055E-03 7.65896E-03 9.19226E-03 1.09008E-02 1.34819E-02 1.57019E-02 1.77989E-02 1.94705E-02 2.11017E-02 2.22208E-02 2.28653E-02 2.31158E-02 2.41479E-02
