Yield function of production of Ti44 by protons, neutrons, alphas, [(Ti44 atoms * cm2) / (g * prim. part. nucleon)] (computed with Geant4.10).
The primaries are alphas.
Energy[GeV/nuc],depths[g/cm2]: 1 3 5 10 15 20 30 40 50 60 70 80 90 100 110 124.6
0.01 7.34073E-07 9.75176E-13 5.31838E-13 4.49804E-13 2.49904E-13 6.15316E-13 1.47415E-13 1.29043E-13 6.02455E-14 9.54645E-14 3.54876E-14 1.52915E-16 2.83265E-16 0.00000E+00 0.00000E+00 0.00000E+00
0.03 4.14335E-07 3.66985E-08 1.11072E-09 7.65413E-10 5.63755E-10 5.04177E-10 5.20782E-10 3.49174E-10 3.30640E-10 2.67643E-10 2.32356E-10 2.58997E-10 1.84790E-10 2.07919E-10 1.86360E-10 1.32809E-10
0.1 3.20058E-07 3.70904E-07 3.29029E-07 2.63193E-07 5.95769E-08 4.40291E-08 3.67956E-08 3.13371E-08 2.79717E-08 2.55107E-08 2.30205E-08 2.20840E-08 2.15947E-08 1.91427E-08 1.87646E-08 1.52599E-08
0.18 3.73964E-07 4.71967E-07 5.36343E-07 5.45921E-07 5.01386E-07 4.32982E-07 3.49016E-07 1.96652E-07 1.67643E-07 1.49048E-07 1.38998E-07 1.37213E-07 1.21961E-07 1.20592E-07 1.22578E-07 1.04143E-07
0.3 5.96528E-07 8.29233E-07 8.45046E-07 9.32702E-07 1.05295E-06 1.09709E-06 1.05830E-06 9.89434E-07 8.71461E-07 7.78741E-07 6.14505E-07 6.36877E-07 6.41310E-07 5.00254E-07 4.84394E-07 4.53483E-07
0.56 1.30043E-06 1.57664E-06 1.80943E-06 1.87006E-06 2.26975E-06 2.34218E-06 2.42927E-06 2.62096E-06 2.68054E-06 2.61347E-06 2.79089E-06 2.79254E-06 2.90037E-06 2.59235E-06 2.80490E-06 2.78109E-06
1.0 2.11707E-06 2.59706E-06 2.77479E-06 3.03204E-06 3.40546E-06 3.64834E-06 3.86259E-06 4.04252E-06 4.24172E-06 4.39233E-06 4.78248E-06 4.68101E-06 4.65583E-06 4.89072E-06 4.69348E-06 4.45334E-06
3.0 3.86493E-06 4.35912E-06 4.99332E-06 5.41853E-06 6.17827E-06 6.53942E-06 7.12894E-06 7.47035E-06 7.87049E-06 8.22575E-06 8.94207E-06 8.77161E-06 8.90979E-06 9.42953E-06 9.27907E-06 9.02488E-06
10.0 7.21649E-06 7.99417E-06 8.97622E-06 1.00194E-05 1.09397E-05 1.21403E-05 1.29147E-05 1.42127E-05 1.53051E-05 1.56793E-05 1.58480E-05 1.65558E-05 1.83280E-05 1.69310E-05 1.71798E-05 1.67417E-05
30.0 1.10723E-05 1.20935E-05 1.39592E-05 1.43228E-05 1.62284E-05 1.75074E-05 1.95261E-05 2.15216E-05 2.28520E-05 2.41083E-05 2.73043E-05 2.57421E-05 3.17860E-05 2.65707E-05 2.66269E-05 2.58344E-05
100.0 1.95353E-05 2.14054E-05 2.33393E-05 2.76783E-05 2.85567E-05 3.11808E-05 3.52982E-05 3.77891E-05 4.12269E-05 4.29504E-05 4.42828E-05 5.07899E-05 4.60004E-05 4.98078E-05 4.90346E-05 4.69846E-05
