Yield function of production of Ti44 by protons, neutrons, alphas, pi+ and pi-, [(Ti44 atoms * cm2) / (g * prim. part. nucleon)] (computed with Geant4.10).
The primaries are alphas.
Energy[GeV/nuc],depths[g/cm2]: 1 3 5 10 15 20 30 40 50 60 70 80 90 100 110 124.6
0.01 1.69805E-04 1.96481E-07 1.74090E-07 1.66126E-07 1.62139E-07 1.54409E-07 1.52273E-07 1.44449E-07 1.32534E-07 1.29274E-07 1.06876E-07 9.63395E-08 1.12094E-07 7.04389E-08 9.23216E-08 2.86348E-07
0.03 1.73286E-04 2.60985E-05 2.94794E-06 2.84994E-06 2.79292E-06 2.80229E-06 2.79431E-06 2.72894E-06 2.61460E-06 2.47900E-06 2.30336E-06 2.12920E-06 2.00447E-06 1.94172E-06 1.64556E-06 1.76510E-06
0.1 3.03869E-04 2.79642E-04 2.32157E-04 1.84217E-04 7.89395E-05 7.88915E-05 8.03280E-05 8.37678E-05 8.49158E-05 8.39964E-05 8.04386E-05 7.75655E-05 7.55885E-05 7.37684E-05 7.14914E-05 7.69387E-05
0.18 3.85161E-04 4.00035E-04 4.08711E-04 4.09058E-04 4.07383E-04 3.98900E-04 3.74571E-04 3.43374E-04 3.51407E-04 3.53648E-04 3.53674E-04 3.52829E-04 3.53211E-04 3.39793E-04 3.23742E-04 3.30653E-04
0.3 2.69493E-04 3.58207E-04 4.71014E-04 5.97608E-04 7.47026E-04 8.27919E-04 8.86119E-04 9.96918E-04 1.06452E-03 1.09804E-03 1.12041E-03 1.12297E-03 1.13218E-03 1.12884E-03 1.17548E-03 1.16151E-03
0.56 4.73124E-04 5.70606E-04 7.05247E-04 8.17725E-04 1.09317E-03 1.32642E-03 1.52785E-03 1.89768E-03 2.19292E-03 2.38821E-03 2.61481E-03 2.76876E-03 2.92324E-03 2.97029E-03 3.05895E-03 3.16682E-03
1.0 7.79791E-04 9.40046E-04 1.17501E-03 1.35498E-03 1.79139E-03 2.17441E-03 2.52390E-03 3.10966E-03 3.65600E-03 4.08294E-03 4.42353E-03 4.62129E-03 4.83951E-03 5.09103E-03 5.01880E-03 5.08571E-03
3.0 1.65353E-03 1.98822E-03 2.48362E-03 2.84218E-03 3.77775E-03 4.61285E-03 5.34976E-03 6.71171E-03 7.82239E-03 8.85604E-03 9.66347E-03 1.01829E-02 1.06566E-02 1.09919E-02 1.11079E-02 1.17903E-02
10.0 3.91638E-03 4.63989E-03 5.68208E-03 6.72904E-03 8.71237E-03 1.05170E-02 1.23360E-02 1.54586E-02 1.81731E-02 2.01874E-02 2.21280E-02 2.35289E-02 2.48985E-02 2.58202E-02 2.58360E-02 2.56875E-02
30.0 7.44037E-03 8.75003E-03 1.08329E-02 1.25012E-02 1.62882E-02 1.99470E-02 2.32413E-02 2.93401E-02 3.42030E-02 3.83610E-02 4.22566E-02 4.50981E-02 4.65864E-02 4.96807E-02 5.02697E-02 4.98534E-02
100.0 1.50589E-02 1.74171E-02 2.14729E-02 2.47215E-02 3.20758E-02 3.88122E-02 4.63337E-02 5.89349E-02 6.80821E-02 7.75301E-02 8.56360E-02 9.30610E-02 9.71514E-02 1.01495E-01 1.02438E-01 1.01042E-01
