Yield function of production of Ti44 by protons, neutrons, alphas, pi+ and pi-, [(Ti44 atoms * cm2) / (g * prim. part. nucleon)] (computed with Geant4.10).
The primaries are alphas.
Energy[GeV/nuc],depths[g/cm2]: 1 3 5 10 15 20 30 40 50 60 70 80 90 100 110 124.6
0.01 1.69805E-04 1.96481E-07 1.74090E-07 1.66126E-07 1.62139E-07 1.54409E-07 1.52273E-07 1.44449E-07 1.32534E-07 1.29274E-07 1.06876E-07 9.63395E-08 1.12094E-07 7.04389E-08 9.23216E-08 2.86348E-07
0.03 1.73286E-04 2.60985E-05 2.94794E-06 2.84994E-06 2.79292E-06 2.80229E-06 2.79431E-06 2.72894E-06 2.61460E-06 2.47900E-06 2.30336E-06 2.12920E-06 2.00447E-06 1.94172E-06 1.64556E-06 1.76510E-06
0.1 3.03869E-04 2.79642E-04 2.32157E-04 1.84217E-04 7.89395E-05 7.88915E-05 8.03280E-05 8.37678E-05 8.49158E-05 8.39964E-05 8.04386E-05 7.75655E-05 7.55885E-05 7.37684E-05 7.14914E-05 7.69387E-05
0.18 3.85161E-04 4.00035E-04 4.08711E-04 4.09058E-04 4.07383E-04 3.98900E-04 3.74571E-04 3.43374E-04 3.51407E-04 3.53648E-04 3.53674E-04 3.52829E-04 3.53211E-04 3.39793E-04 3.23742E-04 3.30653E-04
0.3 2.69487E-04 3.58148E-04 4.70993E-04 5.97579E-04 7.46984E-04 8.27878E-04 8.86109E-04 9.96911E-04 1.06450E-03 1.09803E-03 1.12041E-03 1.12296E-03 1.13218E-03 1.12884E-03 1.17548E-03 1.16151E-03
0.56 4.69496E-04 5.66119E-04 6.99362E-04 8.11156E-04 1.08322E-03 1.31981E-03 1.52203E-03 1.89201E-03 2.18803E-03 2.38479E-03 2.61176E-03 2.76635E-03 2.91639E-03 2.96772E-03 3.05711E-03 3.16568E-03
1.0 7.45779E-04 9.02525E-04 1.12151E-03 1.30334E-03 1.73324E-03 2.09614E-03 2.45676E-03 3.04278E-03 3.57523E-03 4.01376E-03 4.35710E-03 4.56122E-03 4.77595E-03 5.02744E-03 4.95347E-03 5.03291E-03
3.0 1.49107E-03 1.78675E-03 2.24894E-03 2.59898E-03 3.49353E-03 4.29380E-03 5.02668E-03 6.31587E-03 7.44695E-03 8.40487E-03 9.25718E-03 9.79349E-03 1.02777E-02 1.05909E-02 1.07300E-02 1.13891E-02
10.0 3.28403E-03 3.93995E-03 4.88043E-03 5.78015E-03 7.67915E-03 9.39445E-03 1.10854E-02 1.41586E-02 1.67272E-02 1.87421E-02 2.05783E-02 2.19619E-02 2.32435E-02 2.41769E-02 2.42565E-02 2.39958E-02
30.0 5.93945E-03 7.10588E-03 8.86557E-03 1.04522E-02 1.39551E-02 1.73355E-02 2.04536E-02 2.61727E-02 3.08878E-02 3.48278E-02 3.86778E-02 4.11277E-02 4.28928E-02 4.58907E-02 4.68023E-02 4.60169E-02
100.0 1.16450E-02 1.38539E-02 1.75589E-02 2.05387E-02 2.73489E-02 3.36050E-02 4.04194E-02 5.17237E-02 6.11639E-02 6.93475E-02 7.83840E-02 8.49240E-02 8.89411E-02 9.17868E-02 9.38728E-02 9.29320E-02
