Yield function of production of Ti44 by protons, neutrons, alphas, pi+ and pi-, [(Ti44 atoms * cm2) / (g * prim. part. nucleon)] (computed with Geant4.10).
The primaries are protons.
Energy[GeV/nuc],depths[g/cm2]: 1 3 5 10 15 20 30 40 50 60 70 80 90 100 110 120 130 140 150 160 170 186
0.01 0.00000E+00 0.00000E+00 0.00000E+00 0.00000E+00 0.00000E+00 0.00000E+00 0.00000E+00 0.00000E+00 0.00000E+00 0.00000E+00 0.00000E+00 0.00000E+00 0.00000E+00 0.00000E+00 0.00000E+00 0.00000E+00 0.00000E+00 0.00000E+00 0.00000E+00 0.00000E+00 0.00000E+00 0.00000E+00
0.03 9.58296E-09 0.00000E+00 0.00000E+00 0.00000E+00 0.00000E+00 0.00000E+00 0.00000E+00 0.00000E+00 0.00000E+00 0.00000E+00 0.00000E+00 0.00000E+00 0.00000E+00 0.00000E+00 0.00000E+00 0.00000E+00 0.00000E+00 0.00000E+00 0.00000E+00 0.00000E+00 0.00000E+00 0.00000E+00
0.1 6.42793E-07 2.63076E-07 5.71057E-08 2.38790E-08 3.81787E-10 3.26849E-10 2.85517E-10 2.36608E-10 2.07430E-10 1.57476E-10 1.45007E-10 1.23196E-10 1.23326E-10 9.77088E-11 9.82180E-11 9.32695E-11 6.78711E-11 7.26938E-11 6.99498E-11 7.28237E-11 1.51186E-10 1.48791E-10
0.18 2.34357E-06 1.71575E-06 1.31699E-06 9.71708E-07 4.46659E-07 1.60344E-07 3.33153E-08 1.25972E-08 1.15987E-08 1.02276E-08 9.36617E-09 8.55358E-09 8.02745E-09 7.25784E-09 6.78104E-09 6.24852E-09 5.87915E-09 5.43389E-09 5.86929E-09 4.70692E-09 4.57866E-09 9.33759E-09
0.3 5.09234E-06 5.03995E-06 4.26764E-06 3.63754E-06 2.74264E-06 2.10053E-06 1.62386E-06 9.13188E-07 4.65836E-07 2.00809E-07 1.22256E-07 1.05346E-07 1.04923E-07 9.61810E-08 8.85825E-08 9.27471E-08 8.92782E-08 9.16313E-08 8.53437E-08 8.55539E-08 6.43770E-08 1.01148E-07
0.56 9.24277E-06 9.74251E-06 9.06362E-06 8.64591E-06 7.90109E-06 7.17250E-06 6.76814E-06 5.99036E-06 5.20862E-06 4.27914E-06 3.97746E-06 3.27306E-06 2.66823E-06 2.37847E-06 2.02520E-06 1.67816E-06 1.46345E-06 1.31898E-06 1.03030E-06 8.54035E-07 7.51912E-07 6.91066E-07
1.0 1.27243E-05 1.27495E-05 1.25180E-05 1.23626E-05 1.19013E-05 1.16990E-05 1.12168E-05 1.09171E-05 1.01371E-05 9.61317E-06 9.20476E-06 9.08413E-06 8.54677E-06 8.24921E-06 8.02699E-06 7.59417E-06 7.50713E-06 7.26940E-06 6.64671E-06 6.55806E-06 7.20683E-06 6.61681E-06
3.0 1.25758E-05 1.25706E-05 1.32924E-05 1.32512E-05 1.36105E-05 1.38187E-05 1.43129E-05 1.45358E-05 1.47623E-05 1.48506E-05 1.51687E-05 1.50019E-05 1.52205E-05 1.49789E-05 1.49842E-05 1.51934E-05 1.54022E-05 1.55146E-05 1.52387E-05 1.58762E-05 1.44999E-05 1.49489E-05
10.0 1.72997E-05 1.79231E-05 1.85542E-05 1.93049E-05 2.01046E-05 2.04744E-05 2.09843E-05 2.24520E-05 2.26929E-05 2.50210E-05 2.52093E-05 2.53891E-05 2.52196E-05 2.58308E-05 2.60394E-05 2.58331E-05 2.56217E-05 2.61550E-05 2.49924E-05 2.67473E-05 2.89625E-05 2.73919E-05
30.0 2.42631E-05 2.49279E-05 2.65688E-05 2.67519E-05 2.84885E-05 2.95286E-05 3.10063E-05 3.28326E-05 3.47099E-05 3.71725E-05 3.88164E-05 3.96794E-05 4.30636E-05 4.08708E-05 4.20454E-05 4.24536E-05 4.57126E-05 4.17668E-05 4.39567E-05 4.55610E-05 4.17486E-05 4.39914E-05
100.0 4.10615E-05 4.16147E-05 4.33269E-05 4.53765E-05 4.72066E-05 5.16418E-05 5.24696E-05 5.56592E-05 5.93562E-05 6.49951E-05 6.69658E-05 6.88991E-05 7.07972E-05 7.09350E-05 7.43433E-05 7.85812E-05 8.01948E-05 7.66636E-05 8.08548E-05 7.12652E-05 7.19663E-05 7.35042E-05
