Yield function of production of Ti44 by protons, neutrons, alphas, pi+ and pi-, [(Ti44 atoms * cm2) / (g * prim. part. nucleon)] (computed with Geant4.10).
The primaries are alphas.
Energy[GeV/nuc],depths[g/cm2]: 1 3 5 10 15 20 30 40 50 60 70 80 90 100 110 120 130 140 150 160 170 186
0.01 3.62328E-06 7.89431E-15 4.10770E-15 3.21427E-15 2.56858E-15 2.90179E-15 4.25139E-15 0.00000E+00 0.00000E+00 0.00000E+00 0.00000E+00 0.00000E+00 0.00000E+00 0.00000E+00 0.00000E+00 0.00000E+00 0.00000E+00 0.00000E+00 0.00000E+00 0.00000E+00 0.00000E+00 0.00000E+00
0.03 1.35000E-05 1.93196E-07 1.06313E-10 8.96185E-11 7.14596E-11 6.06116E-11 5.64550E-11 4.75849E-11 4.02309E-11 3.23955E-11 2.75275E-11 2.22726E-11 2.09256E-11 2.04852E-11 1.86969E-11 1.44795E-11 1.51018E-11 1.79424E-11 1.65043E-11 6.53111E-12 5.61830E-12 8.70719E-12
0.1 1.55960E-05 1.40957E-05 1.05447E-05 7.03637E-06 3.02846E-08 2.51240E-08 2.23397E-08 1.94977E-08 1.72705E-08 1.65710E-08 1.49672E-08 1.40231E-08 1.28024E-08 1.23682E-08 1.07868E-08 1.02128E-08 1.07915E-08 1.17829E-08 1.10367E-08 7.86482E-09 1.04427E-08 8.11365E-09
0.18 1.25608E-05 1.20224E-05 1.09292E-05 1.01302E-05 8.10611E-06 5.90721E-06 3.52814E-06 2.63243E-07 2.22323E-07 2.13531E-07 1.90562E-07 1.82653E-07 1.66084E-07 1.64889E-07 1.51528E-07 1.61101E-07 1.66902E-07 1.30676E-07 1.24516E-07 1.21889E-07 1.33205E-07 1.43378E-07
0.3 1.44611E-05 1.36797E-05 1.30720E-05 1.24732E-05 1.05186E-05 9.18065E-06 8.19956E-06 6.46231E-06 4.99161E-06 3.66222E-06 2.12634E-06 1.40534E-06 1.36036E-06 1.27064E-06 1.22355E-06 1.14587E-06 1.10276E-06 1.09954E-06 1.03654E-06 1.01540E-06 1.10656E-06 8.58541E-07
0.56 1.75657E-05 1.77358E-05 1.77432E-05 1.77861E-05 1.79071E-05 1.79944E-05 1.76665E-05 1.68088E-05 1.56132E-05 1.50771E-05 1.43299E-05 1.32026E-05 1.27007E-05 1.23165E-05 1.13372E-05 1.06317E-05 1.01612E-05 1.00653E-05 9.86065E-06 9.59755E-06 9.41332E-06 7.83860E-06
1.0 2.40038E-05 2.47240E-05 2.56672E-05 2.64373E-05 2.75415E-05 2.87107E-05 2.94650E-05 2.92967E-05 3.00414E-05 2.99345E-05 3.05993E-05 3.04751E-05 3.02345E-05 3.01739E-05 2.94653E-05 2.87281E-05 2.94096E-05 2.91293E-05 2.71007E-05 2.73781E-05 2.75968E-05 2.89835E-05
3.0 3.67539E-05 3.84528E-05 4.07066E-05 4.25807E-05 4.49393E-05 4.74462E-05 4.99342E-05 5.26724E-05 5.39459E-05 5.58163E-05 5.63723E-05 5.84407E-05 5.89778E-05 5.87708E-05 5.95091E-05 6.05409E-05 5.98356E-05 6.22041E-05 5.79449E-05 5.91195E-05 6.12928E-05 5.46380E-05
10.0 5.58231E-05 5.87194E-05 6.23010E-05 6.67083E-05 7.18443E-05 7.57294E-05 7.81929E-05 8.38910E-05 8.89030E-05 9.47457E-05 9.53145E-05 9.92729E-05 1.00954E-04 1.01487E-04 1.05316E-04 1.08214E-04 1.08115E-04 1.10882E-04 1.16205E-04 1.09320E-04 1.14048E-04 1.22849E-04
30.0 8.71991E-05 9.03433E-05 9.47808E-05 1.00244E-04 1.07704E-04 1.15580E-04 1.21007E-04 1.32234E-04 1.38817E-04 1.45365E-04 1.57583E-04 1.59601E-04 1.62834E-04 1.70395E-04 1.72941E-04 1.73363E-04 1.79637E-04 1.79844E-04 1.86581E-04 2.04238E-04 2.16886E-04 2.22905E-04
100.0 1.41560E-04 1.46876E-04 1.57392E-04 1.76535E-04 1.85686E-04 1.95713E-04 2.04776E-04 2.28149E-04 2.55357E-04 2.67591E-04 2.79539E-04 2.82348E-04 2.93243E-04 3.18005E-04 3.30355E-04 3.31915E-04 3.50535E-04 3.34482E-04 3.04283E-04 3.18720E-04 3.12359E-04 2.69377E-04
