Yield function of production of Ti44 by protons, neutrons, alphas, [(Ti44 atoms * cm2) / (g * prim. part. nucleon)] (computed with Geant4.10).
The primaries are alphas.
Energy[GeV/nuc],depths[g/cm2]: 0 1 3 5 12.09 19.18 26.27 33.36 40.45 47.54 54.63 61.72 68.81 75.9 82.99 90.08 97.17 104.26 111.35 118.44 125.53 132.62 139.71 146.8 153.89 160.98 168.07 175.16 182.25 189.34 196.43 203.52 210.61 217.7 224.79 231.88 238.97 246.06 253.15
0.03 1.06396E-05 1.74857E-07 8.84151E-11 7.38083E-11 5.30644E-11 4.37660E-11 3.75146E-11 3.16807E-11 2.88700E-11 2.47003E-11 2.22725E-11 1.94265E-11 1.78612E-11 1.54106E-11 1.41475E-11 1.24723E-11 1.17827E-11 1.06902E-11 1.03189E-11 1.06592E-11 9.18919E-12 8.95245E-12 7.65628E-12 7.19112E-12 7.09776E-12 6.69394E-12 6.10998E-12 5.69299E-12 5.65854E-12 4.87695E-12 5.09987E-12 4.98694E-12 3.49735E-12 3.79419E-12 3.31448E-12 6.04607E-12 2.91688E-12 3.68623E-12 2.57949E-12
0.1 1.22022E-05 1.09935E-05 8.15223E-06 5.39058E-06 2.30998E-08 1.89836E-08 1.65833E-08 1.50031E-08 1.36196E-08 1.26466E-08 1.17665E-08 1.09613E-08 1.02864E-08 9.58928E-09 8.98751E-09 8.49528E-09 7.91094E-09 7.58485E-09 7.20010E-09 6.91517E-09 6.46036E-09 6.23911E-09 5.98076E-09 5.78378E-09 5.44614E-09 5.33799E-09 5.31841E-09 5.03552E-09 4.87813E-09 4.68006E-09 4.72916E-09 4.65175E-09 4.41362E-09 4.63797E-09 4.24774E-09 4.71663E-09 4.38181E-09 4.54565E-09 5.54147E-09
0.18 9.86895E-06 9.38783E-06 8.34750E-06 7.73744E-06 5.26117E-06 2.85597E-06 4.19013E-07 1.92534E-07 1.73671E-07 1.60069E-07 1.48493E-07 1.38320E-07 1.30051E-07 1.22976E-07 1.16302E-07 1.10749E-07 1.06583E-07 1.00780E-07 9.67536E-08 9.36223E-08 8.82294E-08 8.48748E-08 8.20809E-08 7.97227E-08 7.73715E-08 7.56712E-08 7.28441E-08 7.09460E-08 6.98714E-08 6.71968E-08 6.69789E-08 6.64850E-08 6.65014E-08 6.54444E-08 6.33804E-08 6.19397E-08 6.13456E-08 6.39347E-08 6.25908E-08
0.3 1.04945E-05 1.02645E-05 9.53639E-06 8.97401E-06 7.07554E-06 5.94235E-06 4.99193E-06 4.16636E-06 3.43325E-06 2.75069E-06 2.02644E-06 1.27346E-06 9.88635E-07 9.31189E-07 8.81280E-07 8.39061E-07 7.99753E-07 7.65440E-07 7.35768E-07 7.05885E-07 6.82714E-07 6.59125E-07 6.43085E-07 6.17604E-07 6.04465E-07 5.91911E-07 5.73603E-07 5.71517E-07 5.53956E-07 5.42668E-07 5.38644E-07 5.27282E-07 5.23749E-07 5.11939E-07 5.18573E-07 5.02265E-07 5.39419E-07 5.11180E-07 5.22792E-07
0.56 1.30372E-05 1.31528E-05 1.31808E-05 1.31630E-05 1.25363E-05 1.21529E-05 1.17214E-05 1.12525E-05 1.07516E-05 1.02166E-05 9.74484E-06 9.26857E-06 8.79005E-06 8.34899E-06 7.92118E-06 7.52918E-06 7.15161E-06 6.81265E-06 6.47232E-06 6.21137E-06 5.90118E-06 5.64673E-06 5.41771E-06 5.21008E-06 5.00718E-06 4.84391E-06 4.63510E-06 4.45870E-06 4.38114E-06 4.29455E-06 4.22819E-06 4.21258E-06 4.12348E-06 4.05536E-06 4.01559E-06 3.96213E-06 4.01260E-06 3.91645E-06 4.14705E-06
1.0 1.71271E-05 1.76989E-05 1.83965E-05 1.90292E-05 1.95075E-05 2.00452E-05 2.03248E-05 2.03664E-05 2.03955E-05 2.02234E-05 2.01061E-05 1.98634E-05 1.94878E-05 1.92312E-05 1.88474E-05 1.85748E-05 1.83132E-05 1.78999E-05 1.76665E-05 1.72381E-05 1.69876E-05 1.66433E-05 1.63440E-05 1.61971E-05 1.57923E-05 1.57269E-05 1.53891E-05 1.51338E-05 1.49445E-05 1.48142E-05 1.46209E-05 1.43881E-05 1.44077E-05 1.40669E-05 1.40696E-05 1.40079E-05 1.36903E-05 1.39855E-05 1.42409E-05
3.0 2.67881E-05 2.79661E-05 2.94144E-05 3.06873E-05 3.25058E-05 3.44740E-05 3.60360E-05 3.70993E-05 3.80897E-05 3.86423E-05 3.91940E-05 3.96728E-05 3.97332E-05 4.00567E-05 4.01100E-05 4.02209E-05 4.03794E-05 4.06013E-05 4.03047E-05 4.03640E-05 4.01940E-05 4.02333E-05 4.00056E-05 3.99124E-05 3.99348E-05 4.00114E-05 3.97159E-05 3.95885E-05 3.95419E-05 3.91539E-05 3.99173E-05 3.92593E-05 3.93212E-05 3.96423E-05 3.92786E-05 3.95716E-05 3.91011E-05 3.87426E-05 4.03991E-05
10.0 4.40407E-05 4.61423E-05 4.90039E-05 5.14011E-05 5.54628E-05 6.02003E-05 6.36687E-05 6.63763E-05 6.88448E-05 7.08827E-05 7.23258E-05 7.41662E-05 7.51808E-05 7.61848E-05 7.71588E-05 7.80993E-05 7.88053E-05 7.92329E-05 8.00216E-05 8.02837E-05 8.05169E-05 8.15539E-05 8.13862E-05 8.24955E-05 8.22407E-05 8.21428E-05 8.28618E-05 8.26037E-05 8.33128E-05 8.28831E-05 8.35958E-05 8.34187E-05 8.39629E-05 8.39904E-05 8.30355E-05 8.27527E-05 8.41382E-05 8.62909E-05 8.69019E-05
30.0 7.38662E-05 7.65283E-05 8.07763E-05 8.46726E-05 9.04243E-05 9.84774E-05 1.05054E-04 1.11389E-04 1.16669E-04 1.21634E-04 1.26516E-04 1.29384E-04 1.32784E-04 1.36531E-04 1.39032E-04 1.42362E-04 1.44466E-04 1.47455E-04 1.49442E-04 1.51275E-04 1.53136E-04 1.54542E-04 1.56522E-04 1.57921E-04 1.57977E-04 1.59377E-04 1.60676E-04 1.63380E-04 1.62290E-04 1.61618E-04 1.64400E-04 1.60354E-04 1.61356E-04 1.64616E-04 1.66862E-04 1.62816E-04 1.55605E-04 1.58121E-04 1.65176E-04
100.0 1.36455E-04 1.41632E-04 1.49396E-04 1.55489E-04 1.69466E-04 1.84723E-04 1.98372E-04 2.11326E-04 2.23538E-04 2.35241E-04 2.43578E-04 2.51686E-04 2.59418E-04 2.66997E-04 2.74848E-04 2.80825E-04 2.87666E-04 2.92107E-04 3.00695E-04 3.09472E-04 3.13472E-04 3.18394E-04 3.23557E-04 3.29501E-04 3.28859E-04 3.35399E-04 3.36754E-04 3.43351E-04 3.45235E-04 3.48236E-04 3.43946E-04 3.46124E-04 3.53755E-04 3.50105E-04 3.51132E-04 3.60310E-04 3.53747E-04 3.74364E-04 3.29969E-04
