Yield function of production of Ti44 by protons, neutrons, alphas, [(Ti44 atoms * cm2) / (g * prim. part. nucleon)] (computed with Geant4.10).
The primaries are protons.
Energy[GeV/nuc],depths[g/cm2]: 0 1 3 5 12.09 19.18 26.27 33.36 40.45 47.54 54.63 61.72 68.81 75.9 82.99 90.08 97.17 104.26 111.35 118.44 125.53 132.62 139.71 146.8 153.89 160.98 168.07 175.16 182.25 189.34 196.43 203.52 210.61 217.7 224.79 231.88 238.97 246.06 253.15
0.03 9.86106E-09 6.15946E-16 6.99123E-17 7.14450E-17 7.42320E-17 8.06846E-17 7.11862E-17 1.17366E-16 1.35214E-16 0.00000E+00 0.00000E+00 0.00000E+00 0.00000E+00 0.00000E+00 0.00000E+00 0.00000E+00 0.00000E+00 0.00000E+00 0.00000E+00 0.00000E+00 0.00000E+00 0.00000E+00 0.00000E+00 0.00000E+00 0.00000E+00 0.00000E+00 0.00000E+00 0.00000E+00 0.00000E+00 0.00000E+00 0.00000E+00 0.00000E+00 0.00000E+00 0.00000E+00 0.00000E+00 0.00000E+00 0.00000E+00 0.00000E+00 0.00000E+00
0.1 5.33117E-07 2.26112E-07 5.41876E-08 2.36552E-08 3.33842E-10 2.70903E-10 2.28839E-10 1.99179E-10 1.76487E-10 1.50474E-10 1.34644E-10 1.18392E-10 1.08483E-10 9.78467E-11 8.90491E-11 8.20148E-11 7.21021E-11 6.45341E-11 6.05152E-11 5.68296E-11 5.23528E-11 5.04760E-11 4.51469E-11 4.16194E-11 3.94342E-11 3.81355E-11 3.56401E-11 3.43116E-11 3.18915E-11 3.21288E-11 3.28158E-11 2.99604E-11 2.55326E-11 3.01326E-11 2.45384E-11 1.89529E-11 1.38981E-11 1.98007E-11 1.00896E-11
0.18 1.84012E-06 1.35179E-06 1.02863E-06 7.57285E-07 2.32089E-07 3.55857E-08 9.61579E-09 8.70886E-09 7.80208E-09 7.14888E-09 6.61657E-09 6.14353E-09 5.70800E-09 5.25809E-09 4.96900E-09 4.68399E-09 4.36446E-09 4.17155E-09 3.97480E-09 3.67870E-09 3.55286E-09 3.34740E-09 3.26572E-09 3.00952E-09 2.93380E-09 2.93982E-09 2.89265E-09 2.72306E-09 2.63866E-09 2.58733E-09 2.61740E-09 2.51781E-09 2.31153E-09 2.30329E-09 2.20845E-09 1.93136E-09 2.27125E-09 1.95915E-09 2.95225E-09
0.3 3.95955E-06 3.73446E-06 3.17220E-06 2.73034E-06 1.78565E-06 1.21733E-06 8.11481E-07 5.19319E-07 3.09851E-07 1.71882E-07 9.62383E-08 7.53783E-08 6.99983E-08 6.62956E-08 6.26702E-08 5.96261E-08 5.64550E-08 5.44476E-08 5.32612E-08 4.97903E-08 4.77837E-08 4.62092E-08 4.44108E-08 4.27340E-08 4.15370E-08 4.07516E-08 3.94223E-08 3.83176E-08 3.72951E-08 3.69328E-08 3.60200E-08 3.61576E-08 3.38034E-08 3.50847E-08 3.32396E-08 3.46052E-08 3.29860E-08 3.15589E-08 3.49217E-08
0.56 6.89754E-06 6.91484E-06 6.54014E-06 6.37592E-06 5.35387E-06 4.78128E-06 4.18839E-06 3.70355E-06 3.27740E-06 2.87260E-06 2.53338E-06 2.25172E-06 1.98187E-06 1.75827E-06 1.56159E-06 1.37016E-06 1.21637E-06 1.05558E-06 9.17772E-07 7.99933E-07 6.91630E-07 6.02211E-07 5.31156E-07 4.75330E-07 4.25459E-07 3.92777E-07 3.74183E-07 3.78500E-07 3.62711E-07 3.52098E-07 3.45344E-07 3.37240E-07 3.32915E-07 3.25240E-07 3.39842E-07 3.24040E-07 3.55535E-07 3.36393E-07 4.31498E-07
1.0 9.27822E-06 9.32866E-06 9.05683E-06 8.88820E-06 8.11726E-06 7.70957E-06 7.34880E-06 7.02307E-06 6.60997E-06 6.35495E-06 6.05092E-06 5.85547E-06 5.54640E-06 5.36949E-06 5.08125E-06 4.91398E-06 4.71263E-06 4.50761E-06 4.35699E-06 4.19230E-06 4.06087E-06 3.89551E-06 3.74782E-06 3.64818E-06 3.57884E-06 3.40347E-06 3.36609E-06 3.22525E-06 3.16530E-06 3.18714E-06 2.98616E-06 3.14946E-06 2.93349E-06 3.13416E-06 2.86106E-06 2.88257E-06 2.77631E-06 2.76383E-06 2.86245E-06
3.0 9.07858E-06 9.22552E-06 9.35992E-06 9.55429E-06 9.54194E-06 9.80409E-06 9.94177E-06 1.00640E-05 1.01534E-05 1.01782E-05 1.02193E-05 1.01664E-05 1.01921E-05 1.01612E-05 1.01095E-05 1.01556E-05 1.00974E-05 1.00963E-05 9.97477E-06 1.00198E-05 9.84759E-06 9.95682E-06 1.00242E-05 9.77583E-06 9.76306E-06 9.74615E-06 9.68567E-06 9.66499E-06 9.62305E-06 9.51566E-06 9.57585E-06 9.42112E-06 9.47497E-06 9.44169E-06 9.47910E-06 9.34080E-06 9.28712E-06 8.78426E-06 9.12430E-06
10.0 1.35107E-05 1.38923E-05 1.44349E-05 1.48862E-05 1.55798E-05 1.63832E-05 1.71727E-05 1.78652E-05 1.80209E-05 1.83895E-05 1.88032E-05 1.88511E-05 1.92069E-05 1.92873E-05 1.96670E-05 1.95681E-05 1.97217E-05 1.97548E-05 1.98484E-05 1.98489E-05 2.00316E-05 1.99740E-05 2.02630E-05 2.01629E-05 1.98277E-05 1.99625E-05 2.01473E-05 2.02188E-05 2.05364E-05 2.04191E-05 2.00124E-05 2.01090E-05 1.98426E-05 2.04401E-05 2.00209E-05 1.97819E-05 2.00523E-05 2.18365E-05 2.23498E-05
30.0 2.06384E-05 2.13150E-05 2.18966E-05 2.26121E-05 2.38681E-05 2.55854E-05 2.72705E-05 2.84325E-05 2.95847E-05 3.05900E-05 3.15085E-05 3.28541E-05 3.32488E-05 3.44432E-05 3.47347E-05 3.51252E-05 3.57997E-05 3.61359E-05 3.71766E-05 3.72167E-05 3.76079E-05 3.80444E-05 3.89319E-05 3.88834E-05 3.92497E-05 3.95910E-05 4.02002E-05 4.07916E-05 4.02014E-05 4.05507E-05 4.02877E-05 4.03127E-05 4.00928E-05 4.00798E-05 4.07418E-05 3.92214E-05 3.98762E-05 4.27704E-05 6.17582E-05
100.0 3.96641E-05 4.07138E-05 4.23122E-05 4.36580E-05 4.61854E-05 4.93214E-05 5.29135E-05 5.59961E-05 5.83468E-05 6.07576E-05 6.37373E-05 6.57839E-05 6.85091E-05 7.02013E-05 7.20679E-05 7.29407E-05 7.44843E-05 7.66799E-05 7.80240E-05 7.90998E-05 7.99467E-05 8.20114E-05 8.32721E-05 8.35471E-05 8.51229E-05 8.41016E-05 8.57115E-05 8.65425E-05 8.87215E-05 8.75427E-05 8.68967E-05 8.80226E-05 8.69700E-05 8.62426E-05 8.50481E-05 8.57513E-05 8.46612E-05 8.71919E-05 8.47870E-05
