Yield function of production of Ti44 by protons, neutrons, alphas, pi+ and pi-, [(Ti44 atoms * cm2) / (g * prim. part. nucleon)] (computed with Geant4.10).
The primaries are protons.
Energy[GeV/nuc],depths[g/cm2]: 1 3 5 10 15 20 30 40 50 60 70 80 90 100 110 120 130 140 150 160 170 180 190 200 210 220 230 240 250 260 270 280 290 300 310 320 330 340 350 360 370 380 400 410 420 430 446.4
0.01 0.00000E+00 0.00000E+00 0.00000E+00 0.00000E+00 0.00000E+00 0.00000E+00 0.00000E+00 0.00000E+00 0.00000E+00 0.00000E+00 0.00000E+00 0.00000E+00 0.00000E+00 0.00000E+00 0.00000E+00 0.00000E+00 0.00000E+00 0.00000E+00 0.00000E+00 0.00000E+00 0.00000E+00 0.00000E+00 0.00000E+00 0.00000E+00 0.00000E+00 0.00000E+00 0.00000E+00 0.00000E+00 0.00000E+00 0.00000E+00 0.00000E+00 0.00000E+00 0.00000E+00 0.00000E+00 0.00000E+00 0.00000E+00 0.00000E+00 0.00000E+00 0.00000E+00 0.00000E+00 0.00000E+00 0.00000E+00 0.00000E+00 0.00000E+00 0.00000E+00 0.00000E+00 0.00000E+00
0.03 9.58805E-09 1.80788E-16 1.83402E-16 1.86072E-16 1.93155E-16 7.96312E-17 8.18471E-17 8.78177E-17 9.31784E-17 9.90926E-17 0.00000E+00 0.00000E+00 0.00000E+00 0.00000E+00 0.00000E+00 0.00000E+00 0.00000E+00 0.00000E+00 0.00000E+00 0.00000E+00 0.00000E+00 0.00000E+00 0.00000E+00 0.00000E+00 0.00000E+00 0.00000E+00 0.00000E+00 0.00000E+00 0.00000E+00 0.00000E+00 0.00000E+00 0.00000E+00 0.00000E+00 0.00000E+00 0.00000E+00 0.00000E+00 0.00000E+00 0.00000E+00 0.00000E+00 0.00000E+00 0.00000E+00 0.00000E+00 0.00000E+00 0.00000E+00 0.00000E+00 0.00000E+00 0.00000E+00
0.1 6.40712E-07 2.60754E-07 5.61736E-08 2.33839E-08 3.48620E-10 2.94198E-10 2.66072E-10 2.02815E-10 1.83601E-10 1.32974E-10 1.14579E-10 9.63919E-11 7.98141E-11 7.18628E-11 5.49664E-11 4.72940E-11 4.00791E-11 3.33158E-11 3.13475E-11 2.86967E-11 2.46815E-11 2.19494E-11 1.80213E-11 1.54677E-11 1.47599E-11 2.46605E-11 1.56502E-11 1.34197E-11 9.79261E-12 7.08151E-12 5.96976E-12 5.38945E-12 4.73582E-12 4.74331E-12 2.37674E-12 1.87314E-12 1.76310E-12 1.73835E-12 3.93211E-12 1.58681E-12 2.26514E-12 3.02655E-12 1.58589E-12 1.10324E-12 2.38325E-12 3.84207E-12 0.00000E+00
0.18 2.24797E-06 1.66748E-06 1.28007E-06 9.39175E-07 4.25026E-07 1.49316E-07 2.92813E-08 9.53731E-09 8.11965E-09 8.27853E-09 6.21954E-09 5.45268E-09 5.25211E-09 4.47614E-09 3.93416E-09 3.59832E-09 3.29365E-09 2.87527E-09 2.58159E-09 2.46871E-09 2.04136E-09 1.97088E-09 1.70800E-09 1.64689E-09 1.75318E-09 1.41116E-09 1.34316E-09 1.09255E-09 1.02325E-09 1.19990E-09 1.14024E-09 1.08469E-09 1.03158E-09 1.16277E-09 7.64742E-10 6.34337E-10 7.47010E-10 7.40419E-10 6.08643E-10 5.28325E-10 5.37389E-10 4.54511E-10 6.25950E-10 3.71725E-10 2.50867E-10 4.83304E-10 2.54272E-10
0.3 4.78660E-06 4.59493E-06 3.83976E-06 3.33674E-06 2.52263E-06 1.91004E-06 1.45195E-06 7.87249E-07 3.73061E-07 1.52900E-07 8.22870E-08 6.93853E-08 6.22263E-08 5.49981E-08 4.95957E-08 4.52341E-08 4.15358E-08 4.00579E-08 3.70711E-08 3.35053E-08 3.06027E-08 2.92180E-08 2.63675E-08 2.58665E-08 2.51451E-08 2.25197E-08 2.18629E-08 2.04319E-08 1.83498E-08 1.98185E-08 1.77123E-08 1.37792E-08 1.38693E-08 1.23770E-08 1.56347E-08 1.29218E-08 1.21771E-08 1.15339E-08 1.35598E-08 1.74181E-08 1.36777E-08 9.44580E-09 1.10397E-08 8.39861E-09 6.07325E-09 9.63302E-10 4.68846E-09
0.56 8.59683E-06 8.00717E-06 7.75341E-06 7.64241E-06 7.00305E-06 6.26328E-06 5.53993E-06 4.53818E-06 3.76503E-06 3.06716E-06 2.54753E-06 2.10327E-06 1.73695E-06 1.42118E-06 1.14730E-06 9.12720E-07 7.35352E-07 5.89126E-07 4.70656E-07 3.94247E-07 3.75168E-07 3.03874E-07 2.84308E-07 2.70042E-07 2.58422E-07 2.40422E-07 2.19388E-07 2.26378E-07 2.11316E-07 2.37142E-07 1.83302E-07 1.79560E-07 1.78346E-07 1.76038E-07 1.56619E-07 1.71545E-07 1.67022E-07 1.59993E-07 1.35329E-07 1.41273E-07 1.32233E-07 1.51092E-07 1.39498E-07 1.48640E-07 9.37288E-08 1.64069E-07 1.40968E-07
1.0 1.04883E-05 1.03589E-05 1.05390E-05 1.02251E-05 9.94238E-06 8.98570E-06 8.72805E-06 8.24279E-06 7.26614E-06 6.76164E-06 6.26690E-06 5.78877E-06 5.28950E-06 4.91922E-06 4.38425E-06 4.22869E-06 3.85381E-06 3.41383E-06 3.17659E-06 3.12189E-06 2.67031E-06 2.47529E-06 2.31610E-06 2.21792E-06 1.93612E-06 1.81601E-06 1.68037E-06 1.52398E-06 1.41819E-06 1.33558E-06 1.20121E-06 1.24455E-06 1.10324E-06 1.03821E-06 9.40376E-07 9.11243E-07 8.57282E-07 7.53254E-07 7.81740E-07 7.39913E-07 7.53609E-07 7.22178E-07 6.35670E-07 6.65082E-07 9.24489E-07 6.53440E-07 7.57895E-07
3.0 9.35146E-06 9.71796E-06 9.80618E-06 1.06862E-05 1.03691E-05 1.08534E-05 1.10445E-05 1.11841E-05 1.11200E-05 1.09599E-05 1.08293E-05 1.08570E-05 1.04855E-05 1.02219E-05 1.02193E-05 9.91956E-06 9.93961E-06 9.51235E-06 9.22199E-06 9.05513E-06 8.84433E-06 8.75382E-06 8.57454E-06 8.14141E-06 7.90291E-06 7.78269E-06 8.04781E-06 7.62475E-06 7.42514E-06 7.40086E-06 7.38374E-06 7.20052E-06 6.94996E-06 6.85983E-06 6.69967E-06 6.34363E-06 6.80164E-06 6.17504E-06 7.06006E-06 6.61483E-06 5.66571E-06 6.21438E-06 6.33170E-06 4.69355E-06 4.47326E-06 5.24519E-06 3.34670E-06
10.0 1.35321E-05 1.42672E-05 1.45378E-05 1.72355E-05 1.63694E-05 1.78962E-05 1.73850E-05 1.82163E-05 1.94537E-05 1.98654E-05 2.05316E-05 1.97187E-05 2.22760E-05 2.03040E-05 2.01912E-05 2.01672E-05 2.04512E-05 2.09612E-05 2.00898E-05 2.01284E-05 1.96542E-05 2.00394E-05 1.89841E-05 1.96780E-05 1.91729E-05 1.96830E-05 1.98889E-05 1.89932E-05 1.87412E-05 1.87766E-05 1.84046E-05 1.79654E-05 1.86606E-05 1.72967E-05 1.76153E-05 1.69069E-05 1.73463E-05 1.79605E-05 1.71387E-05 1.67385E-05 2.03717E-05 1.88918E-05 1.74392E-05 1.74275E-05 1.54768E-05 1.77564E-05 1.57934E-05
30.0 2.10426E-05 2.18073E-05 2.24434E-05 2.36508E-05 2.60859E-05 2.67241E-05 2.76510E-05 2.97437E-05 3.24601E-05 3.30347E-05 3.46551E-05 3.60966E-05 3.70795E-05 3.74823E-05 4.30735E-05 3.86416E-05 3.99557E-05 4.05150E-05 4.08867E-05 4.10375E-05 4.11444E-05 4.31633E-05 4.13271E-05 4.18591E-05 4.22967E-05 4.27628E-05 4.24914E-05 4.20337E-05 4.26860E-05 4.22783E-05 4.34810E-05 4.31658E-05 4.36871E-05 4.33224E-05 4.42640E-05 4.30022E-05 4.56578E-05 4.25463E-05 4.43829E-05 4.26784E-05 4.20126E-05 4.26026E-05 4.41811E-05 4.69253E-05 5.08348E-05 4.18729E-05 3.87538E-05
100.0 3.95119E-05 4.19415E-05 4.26663E-05 4.42555E-05 4.82495E-05 4.98099E-05 5.56229E-05 5.89826E-05 6.32786E-05 6.61456E-05 7.16850E-05 7.42094E-05 7.76328E-05 8.02707E-05 8.42882E-05 8.56476E-05 8.69496E-05 8.81263E-05 9.08806E-05 8.86388E-05 9.08241E-05 9.48454E-05 9.08939E-05 9.05187E-05 9.93957E-05 1.00097E-04 9.24174E-05 9.35636E-05 9.40672E-05 9.67382E-05 9.56785E-05 9.48476E-05 9.33820E-05 9.44452E-05 9.63985E-05 9.55923E-05 9.60368E-05 1.02329E-04 9.71438E-05 9.38382E-05 9.68018E-05 1.32760E-04 8.85707E-05 9.81142E-05 8.13257E-05 8.50788E-05 7.64554E-05
