Yield function of production of Ti44 by protons, neutrons, alphas, pi+ and pi-, [(Ti44 atoms * cm2) / (g * prim. part. nucleon)] (computed with Geant4.10).
The primaries are alphas.
Energy[GeV/nuc],depths[g/cm2]: 1 3 5 10 15 20 30 40 50 60 70 80 90 100 110 120 130 140 150 160 170 180 190 200 210 220 230 240 250 260 270 280 290 300 310 320 330 340 350 360 370 380 400 410 420 430 446.4
0.01 3.62314E-06 5.12481E-15 5.44816E-15 5.32660E-15 1.27191E-15 6.08629E-16 6.88371E-16 9.24854E-16 0.00000E+00 0.00000E+00 0.00000E+00 0.00000E+00 0.00000E+00 0.00000E+00 0.00000E+00 0.00000E+00 0.00000E+00 0.00000E+00 0.00000E+00 0.00000E+00 0.00000E+00 0.00000E+00 0.00000E+00 0.00000E+00 0.00000E+00 0.00000E+00 0.00000E+00 0.00000E+00 0.00000E+00 0.00000E+00 0.00000E+00 0.00000E+00 0.00000E+00 0.00000E+00 0.00000E+00 0.00000E+00 0.00000E+00 0.00000E+00 0.00000E+00 0.00000E+00 0.00000E+00 0.00000E+00 0.00000E+00 0.00000E+00 0.00000E+00 0.00000E+00 0.00000E+00
0.03 1.34790E-05 1.92728E-07 9.64799E-11 8.24927E-11 6.56765E-11 5.70616E-11 4.66712E-11 3.63555E-11 2.71303E-11 2.20111E-11 1.93069E-11 1.59662E-11 1.46437E-11 1.12243E-11 1.04848E-11 9.11341E-12 7.27844E-12 7.89129E-12 4.89618E-12 4.09682E-12 4.07476E-12 3.22493E-12 2.36712E-12 2.46701E-12 2.22070E-12 1.96227E-12 2.80073E-12 1.56737E-12 1.51218E-12 1.33605E-12 1.17796E-12 1.13278E-12 7.39180E-13 8.09915E-13 9.98561E-13 1.04239E-12 2.70767E-13 3.26524E-13 3.88359E-13 4.97325E-13 6.85191E-13 7.97982E-13 8.97402E-13 2.08649E-12 3.48035E-12 8.54209E-12 3.38519E-11
0.1 1.52507E-05 1.38551E-05 1.03552E-05 6.87919E-06 2.69086E-08 2.21147E-08 1.94032E-08 1.50525E-08 1.30761E-08 1.14792E-08 1.04052E-08 9.24322E-09 8.04787E-09 7.14859E-09 6.48493E-09 5.95713E-09 5.43356E-09 4.87086E-09 4.64466E-09 4.18973E-09 4.30261E-09 3.42264E-09 3.16881E-09 3.09899E-09 2.47709E-09 2.29271E-09 2.39736E-09 1.99077E-09 1.93713E-09 2.27900E-09 1.63719E-09 1.50763E-09 1.24332E-09 1.21337E-09 1.25209E-09 1.62408E-09 1.15615E-09 1.49566E-09 1.09823E-09 1.13798E-09 1.05465E-09 9.51665E-10 9.97110E-10 5.31327E-10 5.40886E-10 1.47931E-09 0.00000E+00
0.18 1.17965E-05 1.15541E-05 1.03610E-05 9.61318E-06 7.60597E-06 5.48399E-06 3.22278E-06 2.03382E-07 1.73134E-07 1.51608E-07 1.34682E-07 1.22798E-07 1.10009E-07 9.64395E-08 8.96614E-08 7.84835E-08 7.24614E-08 6.55687E-08 6.11523E-08 5.71220E-08 5.17344E-08 4.68720E-08 4.56327E-08 4.14735E-08 3.65477E-08 3.68602E-08 3.35953E-08 3.20005E-08 2.84955E-08 2.76152E-08 2.74572E-08 2.87796E-08 2.53285E-08 2.00775E-08 1.90919E-08 2.06502E-08 2.14785E-08 1.98371E-08 1.52891E-08 1.99329E-08 1.67701E-08 2.30096E-08 1.79133E-08 1.12672E-08 1.56931E-08 1.36592E-08 4.49533E-08
0.3 1.25560E-05 1.20379E-05 1.13503E-05 1.06129E-05 9.10969E-06 8.05038E-06 6.96298E-06 5.32777E-06 3.95806E-06 2.80970E-06 1.50022E-06 9.22675E-07 8.25008E-07 7.51979E-07 6.77392E-07 6.37013E-07 5.84172E-07 5.32727E-07 4.97796E-07 4.71041E-07 4.44455E-07 4.21323E-07 3.79579E-07 3.52595E-07 3.42027E-07 3.31483E-07 3.28414E-07 3.83583E-07 2.58844E-07 2.48464E-07 2.23091E-07 2.19408E-07 2.05517E-07 2.07369E-07 2.18297E-07 2.22720E-07 2.20976E-07 1.73359E-07 1.98482E-07 1.98149E-07 1.48665E-07 1.43772E-07 1.20151E-07 1.26678E-07 2.92599E-07 1.33180E-07 1.44005E-07
0.56 1.46110E-05 1.49659E-05 1.47501E-05 1.54192E-05 1.43452E-05 1.44948E-05 1.36818E-05 1.24526E-05 1.15246E-05 1.07081E-05 9.71239E-06 8.75339E-06 8.12554E-06 7.29048E-06 6.56363E-06 5.99558E-06 5.42035E-06 5.00228E-06 4.53158E-06 4.17702E-06 3.86361E-06 3.50801E-06 3.24545E-06 3.07273E-06 2.95171E-06 2.80784E-06 2.69324E-06 2.46681E-06 2.46745E-06 2.29602E-06 2.17431E-06 2.14047E-06 2.02820E-06 1.94925E-06 1.85988E-06 3.22889E-06 1.67127E-06 1.73523E-06 1.66611E-06 1.92636E-06 1.58523E-06 1.55478E-06 1.22323E-06 1.31580E-06 1.14402E-06 1.02253E-06 9.20452E-07
1.0 1.78322E-05 1.85468E-05 1.92206E-05 2.04907E-05 2.13779E-05 2.18059E-05 2.20387E-05 2.20639E-05 2.16390E-05 2.17388E-05 2.05177E-05 1.97341E-05 1.92560E-05 1.80092E-05 1.72721E-05 1.61159E-05 1.57847E-05 1.48355E-05 1.39444E-05 1.31291E-05 1.28112E-05 1.22740E-05 1.12940E-05 1.10285E-05 1.04416E-05 9.76910E-06 9.17042E-06 8.82634E-06 9.58140E-06 8.13308E-06 8.51576E-06 7.32423E-06 7.13723E-06 6.97337E-06 6.72337E-06 6.32854E-06 6.17815E-06 5.90949E-06 5.67342E-06 6.34537E-06 5.34868E-06 5.21269E-06 5.22595E-06 7.54665E-06 5.84285E-06 5.27498E-06 5.03999E-06
3.0 2.64814E-05 2.84706E-05 2.99227E-05 3.09791E-05 3.28541E-05 3.48915E-05 3.77560E-05 3.86092E-05 4.06785E-05 4.10149E-05 4.04493E-05 4.10090E-05 4.06907E-05 4.04946E-05 4.03674E-05 3.97034E-05 3.85143E-05 3.86369E-05 3.70773E-05 3.81659E-05 3.63286E-05 3.68314E-05 3.50983E-05 3.56575E-05 3.44717E-05 3.40396E-05 3.27682E-05 3.24196E-05 3.05733E-05 3.02672E-05 2.93269E-05 2.79773E-05 2.86023E-05 2.78710E-05 2.81794E-05 2.73929E-05 2.67404E-05 2.64805E-05 2.70121E-05 2.56116E-05 2.47266E-05 2.58437E-05 2.58212E-05 2.48891E-05 2.52264E-05 2.63338E-05 2.67724E-05
10.0 4.38386E-05 4.60707E-05 4.93755E-05 5.27999E-05 5.71752E-05 6.10959E-05 6.43434E-05 7.18477E-05 7.42292E-05 7.67034E-05 7.73248E-05 7.88100E-05 7.97703E-05 7.96205E-05 7.88721E-05 8.15677E-05 8.03446E-05 7.88768E-05 7.87706E-05 7.77851E-05 7.77161E-05 7.81055E-05 7.72457E-05 7.58925E-05 7.88631E-05 7.52520E-05 7.83683E-05 7.60278E-05 7.53986E-05 7.39596E-05 7.28262E-05 7.33945E-05 7.47092E-05 7.24762E-05 6.88898E-05 6.83390E-05 6.94726E-05 7.16849E-05 6.70818E-05 7.09572E-05 6.74038E-05 6.82244E-05 7.30023E-05 7.41313E-05 6.94358E-05 6.43561E-05 6.89946E-05
30.0 7.13218E-05 7.63999E-05 8.11206E-05 8.39831E-05 9.35359E-05 1.00671E-04 1.04434E-04 1.20186E-04 1.22129E-04 1.34304E-04 1.37995E-04 1.40898E-04 1.45517E-04 1.53841E-04 1.57575E-04 1.59356E-04 1.66061E-04 1.61338E-04 1.65539E-04 1.65880E-04 1.66310E-04 1.69416E-04 1.74518E-04 1.69531E-04 1.67921E-04 1.69703E-04 1.69936E-04 1.67601E-04 1.71246E-04 1.67654E-04 1.63150E-04 1.64212E-04 1.67587E-04 1.68266E-04 1.64153E-04 1.94917E-04 1.68242E-04 1.65885E-04 1.71464E-04 1.66565E-04 1.58368E-04 1.55557E-04 1.69534E-04 1.53874E-04 1.53972E-04 1.50354E-04 1.59256E-04
100.0 1.33314E-04 1.46642E-04 1.49951E-04 1.57587E-04 1.74215E-04 1.91358E-04 2.02464E-04 2.26138E-04 2.46609E-04 2.61293E-04 2.70184E-04 2.81340E-04 2.98995E-04 3.04001E-04 3.15613E-04 3.27102E-04 3.34823E-04 3.36722E-04 3.65512E-04 3.69157E-04 3.72359E-04 3.96126E-04 3.93336E-04 3.94886E-04 3.98847E-04 4.06664E-04 4.10186E-04 3.98949E-04 4.15631E-04 4.25277E-04 4.30325E-04 4.40943E-04 4.32110E-04 4.33055E-04 4.36394E-04 4.25166E-04 4.52086E-04 4.37627E-04 4.06766E-04 4.24831E-04 4.06300E-04 4.09646E-04 4.30549E-04 3.66769E-04 4.37315E-04 3.79670E-04 3.73298E-04
