Yield function of production of Ti44 by protons, neutrons, alphas, pi+ and pi-, [(Ti44 atoms * cm2) / (g * prim. part. nucleon)] (computed with Geant4.10).
The primaries are protons.
Energy[GeV/nuc],depths[g/cm2]: 1 3 5 10 15 20 25 30 35 40 45 50 55 60 65 70 75 80 85 90 95 100 105 110 115 120 125 130 135 140 142.4
0.01 0.00000E+00 0.00000E+00 0.00000E+00 0.00000E+00 0.00000E+00 0.00000E+00 0.00000E+00 0.00000E+00 0.00000E+00 0.00000E+00 0.00000E+00 0.00000E+00 0.00000E+00 0.00000E+00 0.00000E+00 0.00000E+00 0.00000E+00 0.00000E+00 0.00000E+00 0.00000E+00 0.00000E+00 0.00000E+00 0.00000E+00 0.00000E+00 0.00000E+00 0.00000E+00 0.00000E+00 0.00000E+00 0.00000E+00 0.00000E+00 0.00000E+00
0.03 9.03246E-09 6.64586E-16 4.44264E-16 5.04654E-16 2.30318E-16 2.69497E-16 1.00958E-16 1.11102E-16 1.22964E-16 1.37003E-16 1.53794E-16 1.74246E-16 1.99563E-16 0.00000E+00 0.00000E+00 0.00000E+00 0.00000E+00 0.00000E+00 0.00000E+00 0.00000E+00 0.00000E+00 0.00000E+00 0.00000E+00 0.00000E+00 0.00000E+00 0.00000E+00 0.00000E+00 0.00000E+00 0.00000E+00 0.00000E+00 0.00000E+00
0.1 4.90906E-07 2.08529E-07 5.07794E-08 2.24031E-08 3.63034E-10 3.77438E-10 3.12865E-10 2.77134E-10 2.30475E-10 2.01847E-10 2.00632E-10 1.79825E-10 1.75512E-10 1.60762E-10 1.53274E-10 1.36582E-10 1.42622E-10 1.46525E-10 1.47302E-10 1.41135E-10 1.49509E-10 1.37616E-10 1.26548E-10 1.74069E-10 1.21202E-10 1.26372E-10 8.22500E-11 1.22113E-10 1.16755E-10 4.05264E-11 0.00000E+00
0.18 1.78260E-06 1.29023E-06 9.83510E-07 7.29589E-07 3.40769E-07 1.25355E-07 2.87781E-08 1.22239E-08 1.07205E-08 1.00260E-08 9.63441E-09 9.40365E-09 9.07223E-09 9.05144E-09 8.55012E-09 7.87806E-09 7.96730E-09 8.96802E-09 7.21999E-09 6.73736E-09 7.70620E-09 6.71421E-09 6.74859E-09 6.92706E-09 7.28366E-09 6.14980E-09 6.65866E-09 7.64906E-09 9.07857E-09 5.81614E-09 1.52865E-08
0.3 3.84207E-06 3.65880E-06 3.19862E-06 2.80000E-06 2.13000E-06 1.61208E-06 1.25632E-06 9.51671E-07 7.27244E-07 5.23019E-07 3.68737E-07 2.53982E-07 1.69046E-07 1.12371E-07 1.02242E-07 9.35832E-08 9.81248E-08 9.27238E-08 8.63067E-08 9.09899E-08 8.58419E-08 8.74262E-08 8.67319E-08 8.01350E-08 7.80677E-08 1.04553E-07 7.61651E-08 7.75152E-08 1.05489E-07 9.76351E-08 1.05635E-07
0.56 6.98767E-06 6.91000E-06 6.61812E-06 6.64051E-06 5.96165E-06 5.70128E-06 5.29751E-06 5.31601E-06 4.89908E-06 4.66565E-06 4.37470E-06 3.74170E-06 3.83012E-06 3.32110E-06 3.31346E-06 3.12619E-06 2.99598E-06 2.73143E-06 2.53600E-06 2.44714E-06 2.48013E-06 2.28925E-06 2.22047E-06 2.09092E-06 2.07210E-06 1.83672E-06 1.88256E-06 1.67617E-06 1.76154E-06 4.72697E-06 1.53976E-06
1.0 9.66973E-06 9.88530E-06 9.62453E-06 9.42426E-06 9.33888E-06 9.16173E-06 9.08509E-06 9.00371E-06 8.87567E-06 8.64140E-06 8.23196E-06 8.17545E-06 8.00758E-06 7.75470E-06 8.29970E-06 7.69785E-06 7.57734E-06 7.31123E-06 7.23903E-06 7.25735E-06 7.15939E-06 7.14838E-06 7.08003E-06 6.91525E-06 7.00448E-06 7.32248E-06 6.81440E-06 6.74605E-06 6.51805E-06 7.76764E-06 6.71088E-06
3.0 9.39809E-06 9.62161E-06 9.86726E-06 9.92342E-06 1.02417E-05 1.05993E-05 1.06336E-05 1.10986E-05 1.09522E-05 1.08847E-05 1.09738E-05 1.15425E-05 1.16697E-05 1.14061E-05 1.13650E-05 1.12861E-05 1.15037E-05 1.13529E-05 1.14171E-05 1.16032E-05 1.17535E-05 1.13056E-05 1.17610E-05 1.17030E-05 1.17964E-05 1.18695E-05 1.14279E-05 1.18117E-05 1.36848E-05 1.22891E-05 1.42093E-05
10.0 1.25554E-05 1.28497E-05 1.32784E-05 1.37961E-05 1.47445E-05 1.52011E-05 1.60680E-05 1.64461E-05 1.69279E-05 1.68041E-05 1.74659E-05 1.75960E-05 1.70615E-05 1.79213E-05 1.81933E-05 1.83685E-05 1.86074E-05 1.82052E-05 2.05761E-05 1.95084E-05 1.86768E-05 1.84267E-05 1.90987E-05 2.02926E-05 2.00531E-05 2.18597E-05 2.00575E-05 1.84469E-05 1.83008E-05 2.14446E-05 1.50058E-05
30.0 1.69439E-05 1.75212E-05 1.79659E-05 1.91023E-05 2.00111E-05 2.08304E-05 2.15571E-05 2.24271E-05 2.29008E-05 2.33969E-05 2.40547E-05 2.47977E-05 2.53683E-05 2.65889E-05 2.58654E-05 2.66903E-05 2.63009E-05 2.68041E-05 2.77981E-05 2.73840E-05 2.77668E-05 2.93166E-05 2.79068E-05 3.07376E-05 2.82307E-05 3.12310E-05 2.95594E-05 2.86715E-05 2.82178E-05 2.47814E-05 3.52647E-05
100.0 2.60528E-05 2.76691E-05 2.74105E-05 2.84842E-05 3.35630E-05 3.10918E-05 3.32945E-05 3.45742E-05 3.52695E-05 3.71341E-05 3.81154E-05 3.91453E-05 4.14538E-05 4.17646E-05 4.32220E-05 4.33591E-05 4.47941E-05 4.48156E-05 4.65386E-05 4.91137E-05 4.77311E-05 4.73521E-05 4.97976E-05 4.80715E-05 5.94744E-05 4.91708E-05 5.01156E-05 4.58934E-05 5.29677E-05 4.31407E-05 1.40321E-05
