Yield function of production of Ti44 by protons, neutrons, alphas, pi+ and pi-, [(Ti44 atoms * cm2) / (g * prim. part. nucleon)] (computed with Geant4.10).
The primaries are protons.
Energy[GeV/nuc],depths[g/cm2]: 1 3 5 10 15 20 25 30 35 40 45 50 55 60 65 70 75 80 85 90 95 100 105 110 115 120 125 130 135 140 142.4
0.01 0.00000E+00 0.00000E+00 0.00000E+00 0.00000E+00 0.00000E+00 0.00000E+00 0.00000E+00 0.00000E+00 0.00000E+00 0.00000E+00 0.00000E+00 0.00000E+00 0.00000E+00 0.00000E+00 0.00000E+00 0.00000E+00 0.00000E+00 0.00000E+00 0.00000E+00 0.00000E+00 0.00000E+00 0.00000E+00 0.00000E+00 0.00000E+00 0.00000E+00 0.00000E+00 0.00000E+00 0.00000E+00 0.00000E+00 0.00000E+00 0.00000E+00
0.03 9.03246E-09 6.64586E-16 4.44264E-16 5.04654E-16 2.30318E-16 2.69497E-16 1.00958E-16 1.11102E-16 1.22964E-16 1.37003E-16 1.53794E-16 1.74246E-16 1.99563E-16 0.00000E+00 0.00000E+00 0.00000E+00 0.00000E+00 0.00000E+00 0.00000E+00 0.00000E+00 0.00000E+00 0.00000E+00 0.00000E+00 0.00000E+00 0.00000E+00 0.00000E+00 0.00000E+00 0.00000E+00 0.00000E+00 0.00000E+00 0.00000E+00
0.1 5.93340E-07 2.42466E-07 5.27088E-08 2.24046E-08 3.64213E-10 3.78655E-10 3.13861E-10 2.78471E-10 2.31344E-10 2.02930E-10 2.01595E-10 1.80522E-10 1.77180E-10 1.61561E-10 1.54252E-10 1.37762E-10 1.43444E-10 1.47859E-10 1.49112E-10 1.42469E-10 1.50426E-10 1.39086E-10 1.26548E-10 1.74069E-10 1.21202E-10 1.26372E-10 8.22500E-11 1.22113E-10 1.16755E-10 4.05264E-11 0.00000E+00
0.18 2.22640E-06 1.60512E-06 1.22109E-06 9.02337E-07 4.15607E-07 1.48162E-07 3.16605E-08 1.41952E-08 1.26324E-08 1.17999E-08 1.13677E-08 1.10905E-08 1.07207E-08 1.07191E-08 1.00910E-08 9.30149E-09 9.41825E-09 1.06509E-08 8.51859E-09 7.93601E-09 9.14588E-09 7.93677E-09 7.98336E-09 8.18443E-09 8.64175E-09 7.21242E-09 7.90158E-09 9.10502E-09 1.09025E-08 6.89238E-09 1.85955E-08
0.3 4.82102E-06 4.58961E-06 4.00998E-06 3.50763E-06 2.66428E-06 2.01413E-06 1.56708E-06 1.18453E-06 9.02716E-07 6.46967E-07 4.53893E-07 3.10810E-07 2.05428E-07 1.36156E-07 1.25049E-07 1.14682E-07 1.20491E-07 1.13913E-07 1.05961E-07 1.11805E-07 1.05383E-07 1.07319E-07 1.06521E-07 9.83940E-08 9.58662E-08 1.28900E-07 9.37156E-08 9.53889E-08 1.30079E-07 1.20538E-07 1.29816E-07
0.56 8.79137E-06 8.69267E-06 8.32436E-06 8.35201E-06 7.49561E-06 7.16630E-06 6.65734E-06 6.67954E-06 6.15433E-06 5.85894E-06 5.49252E-06 4.69579E-06 4.80540E-06 4.16494E-06 4.15428E-06 3.91801E-06 3.75281E-06 3.41997E-06 3.17430E-06 3.06189E-06 3.10202E-06 2.86166E-06 2.77482E-06 2.61170E-06 2.58724E-06 2.29080E-06 2.34848E-06 2.08980E-06 2.19726E-06 5.90348E-06 1.91051E-06
1.0 1.21737E-05 1.24418E-05 1.21118E-05 1.18582E-05 1.17485E-05 1.15233E-05 1.14254E-05 1.13214E-05 1.11597E-05 1.08640E-05 1.03470E-05 1.02753E-05 1.00628E-05 9.74359E-06 1.04270E-05 9.67001E-06 9.52005E-06 9.18306E-06 9.09193E-06 9.11560E-06 8.99105E-06 8.97699E-06 8.89066E-06 8.68272E-06 8.79508E-06 9.19414E-06 8.55655E-06 8.46998E-06 8.18229E-06 9.75587E-06 8.42166E-06
3.0 1.18125E-05 1.20929E-05 1.24006E-05 1.24702E-05 1.28692E-05 1.33171E-05 1.33597E-05 1.39416E-05 1.37578E-05 1.36724E-05 1.37822E-05 1.44993E-05 1.46551E-05 1.43252E-05 1.42728E-05 1.41718E-05 1.44472E-05 1.42564E-05 1.43377E-05 1.45710E-05 1.47596E-05 1.41965E-05 1.47689E-05 1.46976E-05 1.48130E-05 1.49023E-05 1.43496E-05 1.48323E-05 1.71431E-05 1.54228E-05 1.78691E-05
10.0 1.57607E-05 1.61274E-05 1.66625E-05 1.73114E-05 1.84976E-05 1.90697E-05 2.01560E-05 2.06289E-05 2.12335E-05 2.10752E-05 2.19016E-05 2.20680E-05 2.13904E-05 2.24708E-05 2.28096E-05 2.30315E-05 2.33306E-05 2.28220E-05 2.58097E-05 2.44614E-05 2.34128E-05 2.30989E-05 2.39446E-05 2.54473E-05 2.51439E-05 2.73931E-05 2.51535E-05 2.31293E-05 2.29375E-05 2.68864E-05 1.88205E-05
30.0 2.12612E-05 2.19833E-05 2.25381E-05 2.39651E-05 2.50966E-05 2.61221E-05 2.70242E-05 2.81200E-05 2.87092E-05 2.93270E-05 3.01537E-05 3.10788E-05 3.17946E-05 3.33284E-05 3.24158E-05 3.34468E-05 3.29533E-05 3.35897E-05 3.48335E-05 3.43114E-05 3.47902E-05 3.67334E-05 3.49608E-05 3.85272E-05 3.53615E-05 3.91247E-05 3.70397E-05 3.59264E-05 3.53632E-05 3.10341E-05 4.43048E-05
100.0 3.26656E-05 3.46889E-05 3.43564E-05 3.56998E-05 4.20789E-05 3.89555E-05 4.17115E-05 4.33152E-05 4.41713E-05 4.65008E-05 4.77332E-05 4.90284E-05 5.19143E-05 5.23027E-05 5.41355E-05 5.42991E-05 5.60976E-05 5.61170E-05 5.82848E-05 6.14962E-05 5.97564E-05 5.92822E-05 6.23808E-05 6.01892E-05 7.45495E-05 6.15744E-05 6.27752E-05 5.74501E-05 6.63837E-05 5.39975E-05 1.74683E-05
