Yield function of production of Ti44 by protons, neutrons, alphas, pi+ and pi-, [(Ti44 atoms * cm2) / (g * prim. part. nucleon)] (computed with Geant4.10).
The primaries are alphas.
Energy[GeV/nuc],depths[g/cm2]: 1 3 5 10 15 20 25 30 35 40 45 50 55 60 65 70 75 80 85 90 95 100 105 110 115 120 125 130 135 140 142.4
0.01 2.65695E-06 7.04225E-15 5.87850E-15 6.42819E-15 2.80596E-14 2.12451E-15 1.41782E-15 1.55830E-15 1.72204E-15 1.91507E-15 2.14488E-15 2.42307E-15 2.76480E-15 3.19514E-15 3.75061E-15 4.49660E-15 5.55966E-15 7.20906E-15 0.00000E+00 0.00000E+00 0.00000E+00 0.00000E+00 0.00000E+00 0.00000E+00 0.00000E+00 0.00000E+00 0.00000E+00 0.00000E+00 0.00000E+00 0.00000E+00 0.00000E+00
0.03 9.74508E-06 1.22527E-07 1.00177E-10 8.59744E-11 6.74023E-11 5.88907E-11 5.19186E-11 4.79854E-11 4.35855E-11 4.38606E-11 3.75521E-11 4.07632E-11 3.23432E-11 3.12387E-11 3.05929E-11 3.52981E-11 2.44468E-11 2.40497E-11 2.33948E-11 2.23332E-11 2.18572E-11 2.16141E-11 1.62577E-11 2.14233E-11 2.15089E-11 3.36976E-11 1.15004E-11 2.13874E-11 8.28959E-12 7.81001E-11 0.00000E+00
0.1 1.15425E-05 1.02807E-05 7.68881E-06 5.08968E-06 2.61414E-08 2.21997E-08 2.00533E-08 1.86811E-08 1.75148E-08 1.71142E-08 1.63699E-08 1.58475E-08 1.50962E-08 1.47796E-08 1.33719E-08 1.38058E-08 1.29276E-08 1.24676E-08 1.18917E-08 1.21534E-08 1.21065E-08 1.22594E-08 1.23566E-08 1.23458E-08 3.66732E-08 1.23145E-08 1.11171E-08 9.97935E-09 9.63942E-09 5.03393E-09 8.27475E-09
0.18 9.34960E-06 9.33817E-06 8.08768E-06 7.51238E-06 6.02894E-06 4.39855E-06 2.61963E-06 7.84275E-07 2.23878E-07 2.07619E-07 1.99911E-07 1.85940E-07 1.83731E-07 1.78433E-07 1.75999E-07 1.61587E-07 1.70374E-07 1.71796E-07 1.57991E-07 1.50480E-07 1.44352E-07 1.51301E-07 1.51831E-07 1.46689E-07 1.42460E-07 1.47827E-07 1.66313E-07 1.79225E-07 1.33069E-07 1.42350E-07 2.03150E-07
0.3 1.03304E-05 1.02395E-05 9.72317E-06 9.06397E-06 8.09727E-06 7.14344E-06 6.33771E-06 5.69148E-06 5.11298E-06 4.52415E-06 4.07692E-06 3.46969E-06 2.89027E-06 2.35787E-06 1.71584E-06 1.35962E-06 1.25226E-06 1.26030E-06 1.23631E-06 1.19005E-06 1.12491E-06 1.11036E-06 1.17519E-06 1.07675E-06 1.09743E-06 1.12634E-06 1.53114E-06 1.04605E-06 1.10551E-06 1.26684E-06 1.17902E-06
0.56 1.37069E-05 1.40917E-05 1.39569E-05 1.42383E-05 1.41011E-05 1.42064E-05 1.36457E-05 1.38569E-05 1.36223E-05 1.31346E-05 1.30571E-05 1.24587E-05 1.21997E-05 1.19931E-05 1.17910E-05 1.18727E-05 1.15349E-05 1.10860E-05 1.09092E-05 1.08647E-05 1.08250E-05 1.06333E-05 1.09404E-05 1.06602E-05 9.90269E-06 9.89369E-06 9.88306E-06 1.01482E-05 9.30515E-06 9.46432E-06 8.89520E-06
1.0 1.89797E-05 1.98962E-05 2.01752E-05 2.10029E-05 2.19694E-05 2.24712E-05 2.36265E-05 2.36242E-05 2.37805E-05 2.41759E-05 2.38444E-05 2.43426E-05 2.45771E-05 2.40729E-05 2.46098E-05 2.47747E-05 2.40792E-05 2.42306E-05 2.41582E-05 2.36912E-05 2.35746E-05 2.53272E-05 2.30443E-05 2.33561E-05 2.50524E-05 2.42269E-05 2.30198E-05 2.40254E-05 2.28228E-05 2.02294E-05 2.38112E-05
3.0 2.76628E-05 2.88733E-05 3.08229E-05 3.19427E-05 3.41647E-05 3.58357E-05 3.71980E-05 3.85235E-05 3.93144E-05 4.01326E-05 4.01712E-05 4.15764E-05 4.15125E-05 4.18710E-05 4.32372E-05 4.41446E-05 4.40641E-05 4.42004E-05 4.49964E-05 4.45608E-05 4.49227E-05 4.52457E-05 4.52976E-05 4.35649E-05 4.29257E-05 4.39483E-05 4.41430E-05 4.79961E-05 4.32424E-05 4.71543E-05 4.02961E-05
10.0 4.02830E-05 4.21268E-05 4.50544E-05 4.69265E-05 5.18658E-05 5.39896E-05 5.71216E-05 5.85361E-05 5.99074E-05 6.23123E-05 6.48663E-05 6.48289E-05 6.74683E-05 7.01323E-05 6.80340E-05 6.89496E-05 7.42118E-05 7.08720E-05 7.17979E-05 7.25168E-05 7.26768E-05 7.35709E-05 7.30450E-05 7.36794E-05 7.39149E-05 7.74222E-05 7.99722E-05 8.08006E-05 8.44940E-05 6.91297E-05 1.22979E-04
30.0 5.93711E-05 6.26675E-05 6.57521E-05 6.84019E-05 7.55222E-05 7.89361E-05 8.21504E-05 8.73155E-05 9.03512E-05 9.38743E-05 9.73113E-05 1.00231E-04 1.03871E-04 1.08326E-04 1.02169E-04 1.05942E-04 1.07336E-04 1.09872E-04 1.11686E-04 1.14571E-04 1.15597E-04 1.14132E-04 1.11060E-04 1.10510E-04 1.12226E-04 1.15192E-04 1.06506E-04 1.15050E-04 1.09798E-04 1.07334E-04 1.27430E-04
100.0 8.94386E-05 9.36186E-05 1.01377E-04 1.05771E-04 1.13341E-04 1.24421E-04 1.37514E-04 1.44150E-04 1.51038E-04 1.56885E-04 1.59111E-04 1.62918E-04 1.73281E-04 1.83666E-04 1.72917E-04 1.86920E-04 1.85713E-04 1.85008E-04 1.82567E-04 1.77157E-04 1.82941E-04 1.90637E-04 1.84010E-04 1.75682E-04 1.87276E-04 1.74666E-04 1.77668E-04 2.11211E-04 1.88874E-04 1.78526E-04 1.01101E-04
