Yield function of production of Ti44 by protons, neutrons, alphas, pi+ and pi-, [(Ti44 atoms * cm2) / (g * prim. part. nucleon)] (computed with Geant4.10).
The primaries are alphas.
Energy[GeV/nuc],depths[g/cm2]: 1 3 5 10 15 20 25 30 35 40 45 50 55 60 65 70 75 80 85 90 95 100 105 110 115 120 125 130 135 140 142.4
0.01 3.31863E-06 7.04225E-15 5.87850E-15 6.42819E-15 2.80596E-14 2.12451E-15 1.41782E-15 1.55830E-15 1.72204E-15 1.91507E-15 2.14488E-15 2.42307E-15 2.76480E-15 3.19514E-15 3.75061E-15 4.49660E-15 5.55966E-15 7.20906E-15 0.00000E+00 0.00000E+00 0.00000E+00 0.00000E+00 0.00000E+00 0.00000E+00 0.00000E+00 0.00000E+00 0.00000E+00 0.00000E+00 0.00000E+00 0.00000E+00 0.00000E+00
0.03 1.22757E-05 1.50436E-07 1.01065E-10 8.67764E-11 6.82623E-11 5.95284E-11 5.25320E-11 4.83843E-11 4.39590E-11 4.43372E-11 3.80628E-11 4.12853E-11 3.25633E-11 3.14995E-11 3.09300E-11 3.61394E-11 2.47595E-11 2.42547E-11 2.36710E-11 2.26307E-11 2.20814E-11 2.18365E-11 1.64436E-11 2.16926E-11 2.19689E-11 3.54976E-11 1.15004E-11 2.13874E-11 8.28959E-12 7.81001E-11 0.00000E+00
0.1 1.45585E-05 1.29632E-05 9.68873E-06 6.40899E-06 3.09570E-08 2.62747E-08 2.36965E-08 2.21153E-08 2.07231E-08 2.03004E-08 1.94183E-08 1.88222E-08 1.79153E-08 1.75456E-08 1.58520E-08 1.64204E-08 1.53415E-08 1.47819E-08 1.40822E-08 1.44244E-08 1.43509E-08 1.45658E-08 1.46903E-08 1.46076E-08 4.42469E-08 1.46929E-08 1.31210E-08 1.17532E-08 1.13939E-08 5.71621E-09 9.43932E-09
0.18 1.17630E-05 1.17527E-05 1.01792E-05 9.45694E-06 7.59085E-06 5.53498E-06 3.29109E-06 9.78078E-07 2.73315E-07 2.53449E-07 2.43938E-07 2.26773E-07 2.24204E-07 2.17807E-07 2.14867E-07 1.97068E-07 2.07901E-07 2.09953E-07 1.92779E-07 1.83084E-07 1.75637E-07 1.84666E-07 1.85525E-07 1.78612E-07 1.73332E-07 1.80152E-07 2.03730E-07 2.19912E-07 1.62292E-07 1.74103E-07 2.46573E-07
0.3 1.29879E-05 1.28709E-05 1.22182E-05 1.13860E-05 1.01674E-05 8.96448E-06 7.95028E-06 7.13632E-06 6.40949E-06 5.66977E-06 5.10720E-06 4.34391E-06 3.61518E-06 2.94358E-06 2.13562E-06 1.68652E-06 1.55264E-06 1.56282E-06 1.53167E-06 1.47469E-06 1.39348E-06 1.37565E-06 1.45775E-06 1.33390E-06 1.35981E-06 1.39580E-06 1.90609E-06 1.29677E-06 1.37033E-06 1.57207E-06 1.45851E-06
0.56 1.72226E-05 1.77044E-05 1.75315E-05 1.78827E-05 1.77039E-05 1.78331E-05 1.71254E-05 1.73872E-05 1.70909E-05 1.64748E-05 1.63752E-05 1.56222E-05 1.52952E-05 1.50322E-05 1.47786E-05 1.48792E-05 1.44533E-05 1.38881E-05 1.36644E-05 1.36093E-05 1.35572E-05 1.33162E-05 1.37014E-05 1.33493E-05 1.23986E-05 1.23869E-05 1.23705E-05 1.27035E-05 1.16454E-05 1.18535E-05 1.11276E-05
1.0 2.38482E-05 2.50009E-05 2.53487E-05 2.63881E-05 2.75990E-05 2.82246E-05 2.96766E-05 2.96685E-05 2.98660E-05 3.03598E-05 2.99417E-05 3.05658E-05 3.08590E-05 3.02205E-05 3.08946E-05 3.11032E-05 3.02263E-05 3.04147E-05 3.03236E-05 2.97368E-05 2.95881E-05 3.17932E-05 2.89209E-05 2.93110E-05 3.14457E-05 3.04040E-05 2.88834E-05 3.01556E-05 2.86335E-05 2.53787E-05 2.98989E-05
3.0 3.47535E-05 3.62716E-05 3.87193E-05 4.01236E-05 4.29127E-05 4.50041E-05 4.67180E-05 4.83797E-05 4.93718E-05 5.03953E-05 5.04442E-05 5.22030E-05 5.21254E-05 5.25700E-05 5.42908E-05 5.54291E-05 5.53202E-05 5.54950E-05 5.64989E-05 5.59465E-05 5.63965E-05 5.68028E-05 5.68712E-05 5.46973E-05 5.38883E-05 5.51607E-05 5.54045E-05 6.02439E-05 5.42799E-05 5.92129E-05 5.05560E-05
10.0 5.05520E-05 5.28624E-05 5.65294E-05 5.88738E-05 6.50715E-05 6.77283E-05 7.16488E-05 7.34164E-05 7.51336E-05 7.81464E-05 8.13394E-05 8.12901E-05 8.46106E-05 8.79464E-05 8.52982E-05 8.64439E-05 9.30553E-05 8.88572E-05 9.00123E-05 9.09193E-05 9.11276E-05 9.22321E-05 9.15781E-05 9.23704E-05 9.26718E-05 9.70323E-05 1.00289E-04 1.01311E-04 1.05962E-04 8.66095E-05 1.54443E-04
30.0 7.44466E-05 7.85776E-05 8.24342E-05 8.57576E-05 9.46712E-05 9.89431E-05 1.02960E-04 1.09427E-04 1.13220E-04 1.17639E-04 1.21931E-04 1.25605E-04 1.30153E-04 1.35748E-04 1.27981E-04 1.32727E-04 1.34471E-04 1.37653E-04 1.39935E-04 1.43494E-04 1.44830E-04 1.42944E-04 1.39109E-04 1.38415E-04 1.40562E-04 1.44270E-04 1.33364E-04 1.44110E-04 1.37462E-04 1.34415E-04 1.59756E-04
100.0 1.12047E-04 1.17273E-04 1.27004E-04 1.32498E-04 1.41942E-04 1.55822E-04 1.72238E-04 1.80535E-04 1.89157E-04 1.96456E-04 1.99123E-04 2.04008E-04 2.17023E-04 2.30002E-04 2.16494E-04 2.34081E-04 2.32522E-04 2.31606E-04 2.28522E-04 2.21711E-04 2.28905E-04 2.38566E-04 2.30222E-04 2.19742E-04 2.34351E-04 2.18461E-04 2.22210E-04 2.64388E-04 2.36385E-04 2.22888E-04 1.26793E-04
