Yield function of production of Ti44 by protons, neutrons, alphas, pi+ and pi-, [(Ti44 atoms * cm2) / (g * prim. part. nucleon)] (computed with Geant4.10).
The primaries are alphas.
Energy[GeV/nuc],depths[g/cm2]: 1 3 5 10 15 20 30 40 50 60 70 85.56
0.01 1.69620E-04 2.11285E-07 1.83538E-07 1.77096E-07 1.75771E-07 1.73693E-07 1.74487E-07 1.68872E-07 1.56497E-07 1.47629E-07 1.46445E-07 2.02314E-07
0.03 1.74052E-04 2.71353E-05 3.10516E-06 3.00428E-06 2.98288E-06 3.06911E-06 3.07851E-06 3.16417E-06 3.26913E-06 3.26702E-06 3.17076E-06 3.18053E-06
0.1 3.17131E-04 2.86820E-04 2.39463E-04 1.92422E-04 8.27674E-05 8.60381E-05 8.86851E-05 9.38150E-05 9.69870E-05 9.79829E-05 1.00223E-04 1.00311E-04
0.18 4.12255E-04 4.24068E-04 4.30929E-04 4.36349E-04 4.30513E-04 4.25584E-04 4.06573E-04 3.73753E-04 3.93941E-04 4.05562E-04 4.12988E-04 3.99849E-04
0.3 2.91792E-04 3.88501E-04 4.96797E-04 6.19386E-04 7.82519E-04 8.72990E-04 9.58493E-04 1.06786E-03 1.15180E-03 1.21271E-03 1.23567E-03 1.25033E-03
0.56 4.32457E-04 5.16961E-04 6.47532E-04 7.43111E-04 9.89385E-04 1.19015E-03 1.38624E-03 1.69570E-03 1.95643E-03 2.19351E-03 2.28405E-03 2.40592E-03
1.0 6.33398E-04 7.61123E-04 9.47405E-04 1.11111E-03 1.46612E-03 1.80979E-03 2.11533E-03 2.63751E-03 3.04329E-03 3.35983E-03 3.62091E-03 3.73420E-03
3.0 1.19694E-03 1.43994E-03 1.78199E-03 2.08221E-03 2.75923E-03 3.40310E-03 3.97922E-03 4.96685E-03 5.79197E-03 6.38013E-03 6.78740E-03 7.27660E-03
10.0 2.48743E-03 3.00854E-03 3.71963E-03 4.33245E-03 5.79197E-03 7.09041E-03 8.38447E-03 1.07537E-02 1.24719E-02 1.39894E-02 1.51101E-02 1.54402E-02
30.0 4.10044E-03 4.95864E-03 6.12687E-03 7.11580E-03 9.61282E-03 1.19138E-02 1.38389E-02 1.75128E-02 2.03285E-02 2.30652E-02 2.42899E-02 2.51068E-02
100.0 7.66712E-03 9.16014E-03 1.14341E-02 1.33199E-02 1.77888E-02 2.25396E-02 2.59046E-02 3.31287E-02 3.94822E-02 4.51158E-02 4.76725E-02 4.91749E-02
