Yield function of production of Ti44 by protons, neutrons, alphas, [(Ti44 atoms * cm2) / (g * prim. part. nucleon)] (computed with Geant4.10).
The primaries are protons.
Energy[GeV/nuc],depths[g/cm2]: 1 3 5 10 15 20 30 40 50 60 70 85.56
0.01 2.68915E-06 0.00000E+00 0.00000E+00 0.00000E+00 0.00000E+00 0.00000E+00 0.00000E+00 0.00000E+00 0.00000E+00 0.00000E+00 0.00000E+00 0.00000E+00
0.03 1.83483E-06 4.25177E-07 9.71735E-13 8.29420E-13 5.95182E-13 2.93840E-13 3.04437E-13 1.91760E-13 1.75434E-13 1.30699E-13 1.48236E-13 6.64762E-14
0.1 1.26395E-06 1.24047E-06 1.01060E-06 7.93915E-07 3.96592E-09 3.24518E-09 2.89890E-09 2.54018E-09 2.20120E-09 2.18728E-09 1.91075E-09 2.33184E-09
0.18 1.37346E-06 1.37938E-06 1.28466E-06 1.13732E-06 8.94125E-07 6.84364E-07 4.66846E-07 2.18014E-08 2.09212E-08 1.95588E-08 1.82324E-08 1.81422E-08
0.3 1.42518E-06 1.53916E-06 1.57467E-06 1.52402E-06 1.40595E-06 1.35027E-06 1.29253E-06 9.62001E-07 7.72511E-07 5.70453E-07 2.97822E-07 7.81189E-08
0.56 2.92170E-06 3.21117E-06 5.25162E-06 3.84622E-06 3.83736E-06 3.80066E-06 3.71639E-06 3.31113E-06 2.72425E-06 2.61516E-06 2.86570E-06 2.04280E-06
1.0 1.12633E-05 1.41657E-05 1.64661E-05 1.70784E-05 1.83126E-05 1.92649E-05 2.34571E-05 2.61701E-05 2.72772E-05 2.18367E-05 2.23497E-05 9.00511E-05
3.0 4.70772E-05 5.16672E-05 6.08176E-05 6.87304E-05 8.53268E-05 8.14724E-05 8.52062E-05 1.37533E-04 1.00122E-04 9.84249E-05 1.13825E-04 1.00075E-04
10.0 1.48001E-04 1.65673E-04 1.96477E-04 2.14795E-04 2.61634E-04 2.83971E-04 2.97544E-04 3.11645E-04 3.54827E-04 3.40466E-04 4.61023E-04 3.73195E-04
30.0 2.96496E-04 3.19734E-04 3.76414E-04 3.99963E-04 4.85798E-04 5.69910E-04 5.66916E-04 6.27122E-04 6.63448E-04 6.49992E-04 7.08882E-04 9.79104E-04
100.0 6.53804E-04 7.70326E-04 7.59088E-04 1.14175E-03 9.47228E-04 1.23947E-03 1.21906E-03 1.21435E-03 1.33289E-03 1.29278E-03 1.35650E-03 1.32324E-03
