Yield function of production of Ti44 by protons, neutrons, alphas, pi+ and pi-, [(Ti44 atoms * cm2) / (g * prim. part. nucleon)] (computed with Geant4.10).
The primaries are protons.
Energy[GeV/nuc],depths[g/cm2]: 1 3 5 10 15 20 30 40 50 60 70 85.56
0.01 1.02079E-04 2.58546E-08 2.29430E-08 2.19395E-08 2.14664E-08 2.17225E-08 2.23226E-08 1.91998E-08 1.53639E-08 1.26600E-08 1.31714E-08 1.19601E-08
0.03 1.03950E-04 1.38169E-05 4.15444E-07 3.94969E-07 3.81509E-07 3.82812E-07 3.80280E-07 3.65899E-07 3.55095E-07 3.42978E-07 3.31410E-07 3.26952E-07
0.1 1.19016E-04 1.08959E-04 8.52640E-05 6.43655E-05 1.27392E-05 1.30158E-05 1.31630E-05 1.33001E-05 1.34870E-05 1.31031E-05 1.35880E-05 1.30114E-05
0.18 3.33224E-05 5.03853E-05 6.78923E-05 7.50859E-05 1.03236E-04 1.09119E-04 9.12973E-05 6.35771E-05 6.39480E-05 6.66259E-05 6.72923E-05 6.63894E-05
0.3 6.03041E-05 7.37800E-05 9.41463E-05 1.05761E-04 1.37292E-04 1.68863E-04 2.00157E-04 2.23489E-04 2.48979E-04 2.69983E-04 2.46872E-04 2.29761E-04
0.56 1.13165E-04 1.38093E-04 1.72424E-04 1.97220E-04 2.59893E-04 3.12935E-04 3.62564E-04 4.36769E-04 5.07286E-04 5.54597E-04 5.74006E-04 5.75250E-04
1.0 1.75384E-04 2.11674E-04 2.62422E-04 3.05743E-04 4.04735E-04 4.86943E-04 5.63961E-04 6.99529E-04 8.05447E-04 8.60086E-04 9.33868E-04 1.03907E-03
3.0 3.46264E-04 4.10809E-04 5.05500E-04 6.00555E-04 7.76867E-04 9.38406E-04 1.09807E-03 1.41108E-03 1.59936E-03 1.72682E-03 1.85671E-03 1.96198E-03
10.0 8.59137E-04 1.01810E-03 1.25743E-03 1.46430E-03 1.92033E-03 2.32076E-03 2.65214E-03 3.24760E-03 3.79108E-03 4.13768E-03 4.69777E-03 4.90863E-03
30.0 1.28021E-03 1.47709E-03 1.80876E-03 2.08353E-03 2.75509E-03 3.42820E-03 3.89351E-03 4.77700E-03 5.60508E-03 6.09112E-03 6.70612E-03 7.10582E-03
100.0 2.36736E-03 2.86666E-03 3.29597E-03 4.16424E-03 5.01700E-03 6.24517E-03 6.95070E-03 8.59233E-03 1.01552E-02 1.11152E-02 1.18739E-02 1.21173E-02
