Yield function of production of Ti44 by protons, neutrons, alphas, [(Ti44 atoms * cm2) / (g * prim. part. nucleon)] (computed with Geant4.10).
The primaries are alphas.
Energy[GeV/nuc],depths[g/cm2]: 1 3 5 10 15 20 30 40 50 60 70 85.56
0.01 7.32925E-07 1.51276E-12 6.42132E-13 5.94253E-13 7.29475E-13 3.65016E-13 3.25411E-13 3.12216E-13 9.13666E-14 1.00082E-13 5.91670E-13 0.00000E+00
0.03 4.14812E-07 4.00801E-08 1.17580E-09 8.33203E-10 6.50632E-10 5.86192E-10 5.48780E-10 4.79209E-10 3.90017E-10 3.65452E-10 3.12081E-10 3.72160E-10
0.1 3.38372E-07 3.73215E-07 3.40925E-07 2.77878E-07 6.29778E-08 4.97269E-08 4.22365E-08 3.64248E-08 3.27639E-08 3.09728E-08 2.91179E-08 2.92139E-08
0.18 4.24436E-07 5.38327E-07 5.73385E-07 5.92663E-07 5.53783E-07 4.89171E-07 3.83274E-07 2.28428E-07 1.98596E-07 1.75644E-07 1.78017E-07 1.54164E-07
0.3 6.65749E-07 8.60564E-07 9.45805E-07 1.02513E-06 1.26780E-06 1.18931E-06 1.29858E-06 1.17190E-06 1.04189E-06 9.18337E-07 8.31313E-07 7.27698E-07
0.56 1.43991E-06 1.67753E-06 1.90291E-06 2.04490E-06 2.43205E-06 2.62422E-06 2.69251E-06 2.88797E-06 3.02035E-06 2.99820E-06 3.18393E-06 2.92823E-06
1.0 2.08300E-06 2.39607E-06 2.78405E-06 3.03684E-06 3.32135E-06 3.58105E-06 4.03933E-06 4.07150E-06 4.45819E-06 4.61034E-06 4.53383E-06 4.63359E-06
3.0 3.57998E-06 4.08997E-06 4.55700E-06 4.99576E-06 5.59708E-06 6.12938E-06 6.73185E-06 6.98694E-06 7.58714E-06 7.72200E-06 8.00851E-06 8.02424E-06
10.0 6.18026E-06 7.08195E-06 7.91628E-06 8.32175E-06 9.62881E-06 1.02865E-05 1.16494E-05 1.20748E-05 1.38279E-05 1.38148E-05 1.46614E-05 1.45517E-05
30.0 8.67635E-06 9.92750E-06 1.08659E-05 1.17073E-05 1.27932E-05 1.42833E-05 1.56426E-05 1.87712E-05 1.70472E-05 1.78021E-05 1.79572E-05 1.69655E-05
100.0 1.46351E-05 1.60388E-05 1.80964E-05 1.99478E-05 2.18449E-05 2.54217E-05 2.51196E-05 2.70518E-05 3.18968E-05 3.62632E-05 3.09397E-05 3.25915E-05
