Yield function of production of Ti44 by protons, neutrons, alphas, pi+ and pi-, [(Ti44 atoms * cm2) / (g * prim. part. nucleon)] (computed with Geant4.10).
The primaries are alphas.
Energy[GeV/nuc],depths[g/cm2]: 1 3 5 10 15 20 30 40 50 60 70 85.56
0.01 1.69620E-04 2.11285E-07 1.83538E-07 1.77096E-07 1.75771E-07 1.73693E-07 1.74487E-07 1.68872E-07 1.56497E-07 1.47629E-07 1.46445E-07 2.02314E-07
0.03 1.74052E-04 2.71353E-05 3.10516E-06 3.00428E-06 2.98288E-06 3.06911E-06 3.07851E-06 3.16417E-06 3.26913E-06 3.26702E-06 3.17076E-06 3.18053E-06
0.1 3.17131E-04 2.86820E-04 2.39463E-04 1.92422E-04 8.27674E-05 8.60381E-05 8.86851E-05 9.38150E-05 9.69870E-05 9.79829E-05 1.00223E-04 1.00311E-04
0.18 4.12255E-04 4.24068E-04 4.30930E-04 4.36351E-04 4.30513E-04 4.25584E-04 4.06573E-04 3.73753E-04 3.93941E-04 4.05563E-04 4.12988E-04 3.99849E-04
0.3 2.91805E-04 3.88518E-04 4.96817E-04 6.19406E-04 7.82594E-04 8.73014E-04 9.58528E-04 1.06789E-03 1.15181E-03 1.21272E-03 1.23568E-03 1.25042E-03
0.56 4.36280E-04 5.22343E-04 6.55402E-04 7.51562E-04 9.97837E-04 1.19749E-03 1.39324E-03 1.70244E-03 1.96366E-03 2.19784E-03 2.28871E-03 2.40929E-03
1.0 6.67073E-04 8.04474E-04 9.95512E-04 1.16508E-03 1.53090E-03 1.87698E-03 2.18671E-03 2.72740E-03 3.12447E-03 3.48552E-03 3.71290E-03 3.82749E-03
3.0 1.35308E-03 1.61696E-03 1.99891E-03 2.31747E-03 3.04105E-03 3.69593E-03 4.32264E-03 5.40371E-03 6.13140E-03 6.75100E-03 7.15836E-03 7.81918E-03
10.0 3.07004E-03 3.69279E-03 4.59995E-03 5.13477E-03 6.75533E-03 8.24075E-03 9.60359E-03 1.20736E-02 1.37719E-02 1.54674E-02 1.65538E-02 1.69140E-02
30.0 5.43409E-03 6.45598E-03 7.86463E-03 8.88284E-03 1.16472E-02 1.42388E-02 1.64138E-02 2.01257E-02 2.30830E-02 2.58633E-02 2.70223E-02 2.77988E-02
100.0 1.04572E-02 1.22062E-02 1.48736E-02 1.71741E-02 2.19736E-02 2.70885E-02 3.09723E-02 3.85671E-02 4.52683E-02 5.11047E-02 5.40575E-02 5.85060E-02
