Yield function of production of Ti44 by protons, neutrons, alphas, [(Ti44 atoms * cm2) / (g * prim. part. nucleon)] (computed with Geant4.10).
The primaries are alphas.
Energy[GeV/nuc],depths[g/cm2]: 1 3 5 10 15 20 30 40 50 60 70 85.56
0.01 7.32925E-07 1.51276E-12 6.42132E-13 5.94253E-13 7.29475E-13 3.65016E-13 3.25411E-13 3.12216E-13 9.13666E-14 1.00082E-13 5.91670E-13 0.00000E+00
0.03 4.14812E-07 4.00801E-08 1.17580E-09 8.33203E-10 6.50632E-10 5.86192E-10 5.48780E-10 4.79209E-10 3.90017E-10 3.65452E-10 3.12081E-10 3.72160E-10
0.1 3.38372E-07 3.73215E-07 3.40925E-07 2.77878E-07 6.29778E-08 4.97269E-08 4.22365E-08 3.64248E-08 3.27639E-08 3.09728E-08 2.91179E-08 2.92139E-08
0.18 4.24760E-07 5.38648E-07 5.74242E-07 5.94134E-07 5.53783E-07 4.89171E-07 3.83274E-07 2.28428E-07 1.98596E-07 1.76228E-07 1.78017E-07 1.54164E-07
0.3 6.78474E-07 8.77219E-07 9.65706E-07 1.04555E-06 1.34304E-06 1.21276E-06 1.33435E-06 1.20148E-06 1.05276E-06 9.28009E-07 8.46736E-07 8.09878E-07
0.56 5.26269E-06 7.05990E-06 9.77265E-06 1.04952E-05 1.08843E-05 9.96710E-06 9.68921E-06 9.62560E-06 1.02529E-05 7.33226E-06 7.83579E-06 6.29783E-06
1.0 3.57580E-05 4.57477E-05 5.08908E-05 5.69995E-05 6.80932E-05 7.07717E-05 7.54201E-05 9.39551E-05 8.56320E-05 1.30307E-04 9.65298E-05 9.79298E-05
3.0 1.59722E-04 1.81110E-04 2.21484E-04 2.40255E-04 2.87417E-04 2.98961E-04 3.50151E-04 4.43849E-04 3.47026E-04 3.78588E-04 3.78965E-04 5.50600E-04
10.0 5.88790E-04 6.91328E-04 8.88232E-04 8.10641E-04 9.72991E-04 1.16063E-03 1.23077E-03 1.33201E-03 1.31383E-03 1.49183E-03 1.45830E-03 1.48835E-03
30.0 1.34233E-03 1.50727E-03 1.74862E-03 1.77875E-03 2.04719E-03 2.33936E-03 2.59052E-03 2.63167E-03 2.77154E-03 2.81594E-03 2.75038E-03 2.70892E-03
100.0 2.80473E-03 3.06209E-03 3.45760E-03 3.87419E-03 4.20667E-03 4.57429E-03 5.09279E-03 5.46553E-03 5.81801E-03 6.02517E-03 6.41593E-03 9.36370E-03
