Yield function of production of Ti44 by protons, neutrons, alphas, [(Ti44 atoms * cm2) / (g * prim. part. nucleon)] (computed with Geant4.10).
The primaries are protons.
Energy[GeV/nuc],depths[g/cm2]: 1 3 5 10 15 20 30 40 50 60 70 85.56
0.01 2.68915E-06 0.00000E+00 0.00000E+00 0.00000E+00 0.00000E+00 0.00000E+00 0.00000E+00 0.00000E+00 0.00000E+00 0.00000E+00 0.00000E+00 0.00000E+00
0.03 1.83483E-06 4.25177E-07 9.71735E-13 8.29420E-13 5.95182E-13 2.93840E-13 3.04437E-13 1.91760E-13 1.75434E-13 1.30699E-13 1.48236E-13 6.64762E-14
0.1 1.26395E-06 1.24047E-06 1.01060E-06 7.93915E-07 3.96592E-09 3.24518E-09 2.89890E-09 2.54018E-09 2.20120E-09 2.18728E-09 1.91075E-09 2.33184E-09
0.18 1.37346E-06 1.37938E-06 1.28466E-06 1.13732E-06 8.94125E-07 6.84364E-07 4.66846E-07 2.18014E-08 2.09212E-08 1.95588E-08 1.82324E-08 1.81422E-08
0.3 1.42227E-06 1.53725E-06 1.57386E-06 1.52168E-06 1.40546E-06 1.35027E-06 1.29253E-06 9.62001E-07 7.72511E-07 5.70453E-07 2.97822E-07 7.81189E-08
0.56 1.82520E-06 1.86655E-06 1.89567E-06 1.92579E-06 1.94295E-06 1.88629E-06 1.81003E-06 1.75301E-06 1.77412E-06 1.69481E-06 1.82162E-06 1.52938E-06
1.0 1.98527E-06 2.03300E-06 2.05976E-06 2.05440E-06 2.11288E-06 2.06730E-06 2.09779E-06 2.09392E-06 2.09247E-06 2.04585E-06 2.07801E-06 1.98331E-06
3.0 2.29401E-06 2.41668E-06 2.41165E-06 2.57325E-06 2.49945E-06 2.58221E-06 2.60536E-06 2.67180E-06 2.79819E-06 2.65230E-06 2.87558E-06 2.54985E-06
10.0 3.07256E-06 3.28491E-06 3.46204E-06 3.58303E-06 3.89754E-06 3.92890E-06 4.09836E-06 4.18106E-06 4.29976E-06 4.98595E-06 4.41540E-06 4.57915E-06
30.0 2.32626E-06 2.14846E-06 2.40684E-06 2.54482E-06 2.94733E-06 3.39545E-06 3.53381E-06 3.85967E-06 4.16623E-06 4.35243E-06 5.37911E-06 4.67778E-06
100.0 3.12656E-06 3.49441E-06 3.82085E-06 4.41401E-06 4.68427E-06 5.41978E-06 5.89762E-06 6.09514E-06 7.09706E-06 6.84317E-06 7.01837E-06 6.46960E-06
