Yield function of production of Ti44 by protons, neutrons, alphas, [(Ti44 atoms * cm2) / (g * prim. part. nucleon)] (computed with Geant4.10).
The primaries are protons.
Energy[GeV/nuc],depths[g/cm2]: 1 3 5 10 15 20 30 40 50 60 70 85.56
0.01 1.02079E-04 2.58546E-08 2.29430E-08 2.19395E-08 2.14664E-08 2.17225E-08 2.23226E-08 1.91998E-08 1.53639E-08 1.26600E-08 1.31714E-08 1.19601E-08
0.03 1.03950E-04 1.38169E-05 4.15444E-07 3.94969E-07 3.81509E-07 3.82812E-07 3.80280E-07 3.65899E-07 3.55095E-07 3.42978E-07 3.31410E-07 3.26952E-07
0.1 1.19016E-04 1.08959E-04 8.52640E-05 6.43655E-05 1.27392E-05 1.30158E-05 1.31630E-05 1.33001E-05 1.34870E-05 1.31031E-05 1.35880E-05 1.30114E-05
0.18 3.33224E-05 5.03853E-05 6.78923E-05 7.50859E-05 1.03236E-04 1.09119E-04 9.12973E-05 6.35771E-05 6.39480E-05 6.66259E-05 6.72923E-05 6.63894E-05
0.3 6.03012E-05 7.37781E-05 9.41455E-05 1.05758E-04 1.37292E-04 1.68863E-04 2.00157E-04 2.23489E-04 2.48979E-04 2.69983E-04 2.46872E-04 2.29761E-04
0.56 1.12068E-04 1.36748E-04 1.69068E-04 1.95300E-04 2.57999E-04 3.11020E-04 3.60658E-04 4.35211E-04 5.06336E-04 5.53677E-04 5.72962E-04 5.74737E-04
1.0 1.66106E-04 1.99542E-04 2.48016E-04 2.90719E-04 3.88535E-04 4.69746E-04 5.42601E-04 6.75452E-04 7.80263E-04 8.40296E-04 9.13597E-04 9.51004E-04
3.0 3.01481E-04 3.61558E-04 4.47094E-04 5.34398E-04 6.94040E-04 8.59516E-04 1.01547E-03 1.27622E-03 1.50203E-03 1.63104E-03 1.74576E-03 1.86446E-03
10.0 7.14208E-04 8.55707E-04 1.06441E-03 1.25309E-03 1.66260E-03 2.04072E-03 2.35870E-03 2.94014E-03 3.44055E-03 3.80220E-03 4.24116E-03 4.54001E-03
30.0 9.86036E-04 1.15951E-03 1.43475E-03 1.68612E-03 2.27224E-03 2.86168E-03 3.33012E-03 4.15374E-03 4.94580E-03 5.44548E-03 6.00262E-03 6.13139E-03
100.0 1.71668E-03 2.09983E-03 2.54071E-03 3.02690E-03 4.07446E-03 5.01112E-03 5.73754E-03 7.38407E-03 8.82941E-03 9.82929E-03 1.05244E-02 1.08005E-02
