Yield function of production of Ti44 by protons, neutrons, alphas, pi+ and pi-, [(Ti44 atoms * cm2) / (g * prim. part. nucleon)] (computed with Geant4.10).
The primaries are alphas.
Energy[GeV/nuc],depths[g/cm2]: 1 3 5 10 15 20 30 40 50 60 70 80 90 100 110 120 130 140 150 160 170 180 190 200 210 220 230 240 250 260 270 279
0.01 3.62539E-06 4.12482E-15 4.24110E-15 3.48581E-15 3.70649E-15 3.15369E-15 3.30896E-15 2.62674E-15 3.03642E-15 3.86926E-15 1.53786E-15 1.77515E-15 2.03109E-15 2.37387E-15 9.28210E-16 0.00000E+00 0.00000E+00 0.00000E+00 0.00000E+00 0.00000E+00 0.00000E+00 0.00000E+00 0.00000E+00 0.00000E+00 0.00000E+00 0.00000E+00 0.00000E+00 0.00000E+00 0.00000E+00 0.00000E+00 0.00000E+00 0.00000E+00
0.03 1.35263E-05 1.92598E-07 1.01336E-10 8.69598E-11 7.29297E-11 5.91280E-11 5.01597E-11 4.04506E-11 3.33434E-11 2.84598E-11 2.70474E-11 2.14596E-11 1.68847E-11 1.39546E-11 1.32519E-11 1.19358E-11 9.36425E-12 8.44539E-12 6.71753E-12 6.03853E-12 5.04158E-12 7.87571E-12 4.07409E-12 3.79566E-12 2.79538E-12 1.71024E-12 5.31273E-12 1.57138E-12 1.72869E-12 1.10207E-12 2.82636E-12 0.00000E+00
0.1 1.54531E-05 1.39421E-05 1.04338E-05 6.94355E-06 2.90007E-08 2.44476E-08 2.15085E-08 1.70616E-08 1.52613E-08 1.37337E-08 1.27333E-08 1.09633E-08 1.03458E-08 9.22321E-09 8.30092E-09 8.37610E-09 7.04648E-09 6.86188E-09 6.27234E-09 6.30067E-09 5.00876E-09 4.76890E-09 6.47498E-09 4.81453E-09 4.96810E-09 4.94236E-09 3.67301E-09 4.33611E-09 3.79951E-09 7.44153E-09 1.78915E-09 2.63409E-10
0.18 1.19156E-05 1.18465E-05 1.07846E-05 9.80945E-06 7.85124E-06 5.67057E-06 3.33764E-06 2.35948E-07 1.99294E-07 1.76592E-07 1.60249E-07 1.44182E-07 1.33687E-07 1.22112E-07 1.14010E-07 1.05806E-07 9.97027E-08 9.42635E-08 8.61238E-08 8.04369E-08 8.24299E-08 7.32163E-08 7.60044E-08 7.08161E-08 7.13170E-08 5.93293E-08 5.88170E-08 6.15346E-08 8.16125E-08 5.62546E-08 6.89353E-08 1.10052E-07
0.3 1.32657E-05 1.28852E-05 1.19449E-05 1.13112E-05 9.63350E-06 8.47792E-06 7.49292E-06 5.79217E-06 4.36415E-06 3.19204E-06 1.76939E-06 1.15572E-06 1.04382E-06 9.85885E-07 9.05302E-07 8.45608E-07 7.67780E-07 7.51901E-07 7.05338E-07 6.89977E-07 6.38005E-07 6.47726E-07 5.98292E-07 6.20090E-07 6.12702E-07 5.33349E-07 5.17063E-07 5.21611E-07 4.80132E-07 5.24419E-07 5.79246E-07 5.34630E-07
0.56 1.58799E-05 1.59328E-05 1.61077E-05 1.60765E-05 1.65145E-05 1.59213E-05 1.53824E-05 1.42583E-05 1.36109E-05 1.26648E-05 1.17196E-05 1.10780E-05 9.95736E-06 9.36741E-06 8.76897E-06 8.18546E-06 7.59688E-06 7.03573E-06 6.80913E-06 6.16189E-06 6.80461E-06 5.55324E-06 5.12512E-06 5.16922E-06 5.07482E-06 4.50212E-06 4.71245E-06 4.73487E-06 4.50489E-06 4.99202E-06 3.58749E-06 2.99101E-06
1.0 2.07801E-05 2.15118E-05 2.25249E-05 2.30245E-05 2.42883E-05 2.53768E-05 2.52081E-05 2.57594E-05 2.65986E-05 2.69805E-05 2.47934E-05 2.43992E-05 2.45531E-05 2.31618E-05 2.24800E-05 2.19862E-05 2.08915E-05 2.04560E-05 1.93450E-05 1.89452E-05 1.86326E-05 1.82084E-05 1.75728E-05 1.71622E-05 2.03304E-05 1.67945E-05 1.64599E-05 1.60120E-05 1.50053E-05 1.54673E-05 1.41018E-05 1.32233E-05
3.0 3.29063E-05 3.37505E-05 3.69925E-05 3.82394E-05 4.13757E-05 4.31644E-05 4.50425E-05 4.78758E-05 4.79604E-05 4.95706E-05 4.99079E-05 5.40217E-05 5.11365E-05 5.25317E-05 4.93030E-05 5.06137E-05 5.02337E-05 4.91755E-05 4.85673E-05 4.86033E-05 4.83541E-05 4.80258E-05 4.94091E-05 4.82580E-05 4.83679E-05 4.88063E-05 4.81103E-05 5.08283E-05 4.75348E-05 6.13821E-05 4.60508E-05 5.01380E-05
10.0 5.23392E-05 5.52576E-05 5.77599E-05 6.27733E-05 6.57373E-05 7.07591E-05 7.44863E-05 8.32535E-05 8.56200E-05 8.82760E-05 9.32570E-05 9.40944E-05 9.58478E-05 9.78794E-05 9.94267E-05 9.93222E-05 1.01003E-04 1.00589E-04 1.04306E-04 1.04772E-04 1.02827E-04 9.85712E-05 1.02194E-04 1.00851E-04 1.00891E-04 1.06816E-04 1.03015E-04 1.02448E-04 1.00029E-04 9.59568E-05 1.00494E-04 1.21065E-04
30.0 8.69213E-05 9.09726E-05 9.66773E-05 1.01249E-04 1.09656E-04 1.17094E-04 1.22971E-04 1.38244E-04 1.44465E-04 1.51739E-04 1.61404E-04 1.67715E-04 1.72367E-04 1.78185E-04 1.88898E-04 1.91480E-04 1.82815E-04 1.87115E-04 1.95898E-04 2.03038E-04 1.96498E-04 2.09982E-04 1.92123E-04 2.00033E-04 2.00951E-04 2.15962E-04 2.05595E-04 2.17646E-04 2.32393E-04 2.04141E-04 2.06316E-04 2.17539E-04
100.0 1.57731E-04 1.65224E-04 1.78881E-04 1.86234E-04 2.03626E-04 2.14780E-04 2.29941E-04 2.56139E-04 2.74963E-04 2.94133E-04 2.99696E-04 3.12028E-04 3.19203E-04 3.31083E-04 3.35014E-04 3.64773E-04 3.49537E-04 3.52517E-04 3.58914E-04 3.77041E-04 3.68575E-04 3.66988E-04 3.72249E-04 3.57406E-04 3.44880E-04 3.32741E-04 3.17997E-04 3.12252E-04 2.94129E-04 3.11682E-04 3.28537E-04 2.46762E-04
