Yield function of production of Ti44 by protons, neutrons, alphas, pi+ and pi-, [(Ti44 atoms * cm2) / (g * prim. part. nucleon)] (computed with Geant4.10).
The primaries are protons.
Energy[GeV/nuc],depths[g/cm2]: 1 3 5 10 15 20 30 40 50 60 70 80 90 100 110 120 130 140 150 160 170 180 190 200 210 220 230 240 250 260 270 279
0.01 0.00000E+00 0.00000E+00 0.00000E+00 0.00000E+00 0.00000E+00 0.00000E+00 0.00000E+00 0.00000E+00 0.00000E+00 0.00000E+00 0.00000E+00 0.00000E+00 0.00000E+00 0.00000E+00 0.00000E+00 0.00000E+00 0.00000E+00 0.00000E+00 0.00000E+00 0.00000E+00 0.00000E+00 0.00000E+00 0.00000E+00 0.00000E+00 0.00000E+00 0.00000E+00 0.00000E+00 0.00000E+00 0.00000E+00 0.00000E+00 0.00000E+00 0.00000E+00
0.03 9.58997E-09 7.67223E-17 7.80744E-17 7.94608E-17 0.00000E+00 0.00000E+00 0.00000E+00 0.00000E+00 0.00000E+00 0.00000E+00 0.00000E+00 0.00000E+00 0.00000E+00 0.00000E+00 0.00000E+00 0.00000E+00 0.00000E+00 0.00000E+00 0.00000E+00 0.00000E+00 0.00000E+00 0.00000E+00 0.00000E+00 0.00000E+00 0.00000E+00 0.00000E+00 0.00000E+00 0.00000E+00 0.00000E+00 0.00000E+00 0.00000E+00 0.00000E+00
0.1 6.41457E-07 2.61506E-07 5.65069E-08 2.35981E-08 3.64599E-10 3.17170E-10 2.80157E-10 1.96043E-10 1.64185E-10 1.43438E-10 1.24394E-10 1.10826E-10 9.06217E-11 7.57187E-11 6.32206E-11 5.52630E-11 4.83829E-11 4.38253E-11 4.97843E-11 3.31411E-11 4.79654E-11 2.65033E-11 3.41553E-11 2.77684E-11 3.15144E-11 1.95485E-11 1.86956E-11 3.14325E-11 2.49789E-11 1.56657E-11 2.63823E-11 0.00000E+00
0.18 2.28614E-06 1.68662E-06 1.29508E-06 9.53235E-07 4.33813E-07 1.53775E-07 3.11756E-08 1.09379E-08 9.40908E-09 8.24370E-09 7.17752E-09 6.48286E-09 5.91360E-09 5.64460E-09 4.96365E-09 4.73837E-09 4.53998E-09 4.52254E-09 4.29883E-09 3.06058E-09 3.25577E-09 2.75568E-09 3.15162E-09 2.86206E-09 3.16263E-09 2.56432E-09 2.83546E-09 2.18453E-09 2.90242E-09 2.63135E-09 1.37846E-09 3.92500E-10
0.3 5.07213E-06 4.65026E-06 3.95210E-06 3.45924E-06 2.62168E-06 1.99046E-06 1.52963E-06 8.42460E-07 4.10736E-07 1.71533E-07 9.89746E-08 8.94584E-08 8.31531E-08 7.39738E-08 6.49702E-08 6.73934E-08 5.87116E-08 5.63612E-08 5.31270E-08 4.92996E-08 4.90044E-08 4.43385E-08 4.64294E-08 4.07286E-08 4.50423E-08 3.43975E-08 4.12511E-08 3.23651E-08 3.97172E-08 2.32723E-08 3.50484E-08 7.28699E-09
0.56 8.71168E-06 8.42092E-06 8.50641E-06 7.90536E-06 7.20035E-06 6.74685E-06 6.46863E-06 5.10782E-06 4.23979E-06 3.54389E-06 2.99116E-06 2.47064E-06 2.07909E-06 1.74586E-06 1.43464E-06 1.20239E-06 9.72305E-07 7.95319E-07 6.48707E-07 5.40140E-07 4.90301E-07 4.47865E-07 4.50606E-07 4.25156E-07 4.89051E-07 4.28018E-07 4.20304E-07 4.11232E-07 3.93162E-07 3.51203E-07 3.84103E-07 4.95247E-07
1.0 1.14022E-05 1.17865E-05 1.16934E-05 1.13296E-05 1.08172E-05 1.07499E-05 1.04763E-05 9.27652E-06 8.79644E-06 8.22003E-06 7.57615E-06 6.99096E-06 6.54176E-06 6.19603E-06 5.65639E-06 5.48495E-06 4.95280E-06 4.79890E-06 4.41069E-06 4.24743E-06 4.13587E-06 4.32460E-06 3.94059E-06 3.40422E-06 3.62100E-06 3.47333E-06 3.28105E-06 3.30963E-06 2.93746E-06 2.96633E-06 2.77374E-06 2.15736E-06
3.0 1.12500E-05 1.13819E-05 1.16634E-05 1.18810E-05 1.23730E-05 1.24358E-05 1.27945E-05 1.27937E-05 1.29699E-05 1.32985E-05 1.32177E-05 1.29650E-05 1.30431E-05 1.31096E-05 1.26839E-05 1.25581E-05 1.24859E-05 1.29406E-05 1.27499E-05 1.24190E-05 1.30356E-05 1.26505E-05 1.15933E-05 1.21229E-05 1.19565E-05 1.16406E-05 1.22163E-05 1.27972E-05 1.15133E-05 1.16675E-05 1.09689E-05 1.20159E-05
10.0 1.62863E-05 1.66337E-05 1.73313E-05 1.78263E-05 1.90538E-05 2.02451E-05 2.04279E-05 2.15876E-05 2.31403E-05 2.23891E-05 2.36014E-05 2.44892E-05 2.36937E-05 2.43402E-05 2.38639E-05 2.45940E-05 2.45378E-05 2.40763E-05 2.46194E-05 2.40943E-05 2.47795E-05 2.46710E-05 2.37399E-05 2.29375E-05 2.35947E-05 2.31618E-05 2.27750E-05 2.37017E-05 2.62789E-05 2.48964E-05 2.51519E-05 2.88240E-05
30.0 2.44839E-05 2.53963E-05 2.61076E-05 2.72192E-05 2.86366E-05 2.99267E-05 3.12656E-05 3.34306E-05 3.64774E-05 3.87645E-05 3.87184E-05 4.11709E-05 4.17002E-05 4.34430E-05 4.36911E-05 4.46462E-05 4.64979E-05 4.63725E-05 4.71016E-05 4.85927E-05 5.04925E-05 4.96739E-05 5.51488E-05 4.99174E-05 4.91920E-05 4.91443E-05 4.68179E-05 4.64082E-05 4.77456E-05 4.58713E-05 3.69606E-05 4.76754E-05
100.0 4.46458E-05 4.58039E-05 4.79395E-05 4.92881E-05 5.32635E-05 5.51916E-05 6.18561E-05 6.46725E-05 6.91867E-05 7.18218E-05 7.66572E-05 7.86090E-05 8.08694E-05 8.44958E-05 8.69532E-05 8.97573E-05 9.23166E-05 9.61233E-05 9.50006E-05 1.07309E-04 9.46456E-05 9.60808E-05 1.06689E-04 9.93895E-05 9.53324E-05 9.60635E-05 1.01116E-04 1.01693E-04 1.29472E-04 1.03126E-04 1.14108E-04 1.13068E-04
