Yield function of production of Ti44 by protons, neutrons, alphas, [(Ti44 atoms * cm2) / (g * prim. part. nucleon)] (computed with Geant4.10).
The primaries are alphas.
Energy[GeV/nuc],depths[g/cm2]: 1 3 5 10 15 20 30 40 50 60 70 80 90 100 110 120 130 135 141.6
0.01 6.63745E-07 7.48190E-13 4.92256E-13 3.62179E-13 9.62575E-13 2.56751E-13 1.82303E-13 1.26961E-13 6.02401E-14 4.16648E-14 1.66018E-14 2.29674E-14 3.45825E-15 5.39930E-15 9.84499E-15 0.00000E+00 0.00000E+00 0.00000E+00 0.00000E+00
0.03 3.74066E-07 5.21186E-08 1.02284E-09 6.59584E-10 5.03287E-10 4.22900E-10 3.94269E-10 3.12805E-10 2.57573E-10 2.18179E-10 2.03001E-10 1.74765E-10 1.49818E-10 1.65456E-10 1.35596E-10 1.48769E-10 9.30500E-11 8.44416E-11 1.80839E-10
0.1 2.88404E-07 3.25419E-07 2.95298E-07 2.38750E-07 5.23310E-08 3.92359E-08 3.31928E-08 2.64169E-08 2.53341E-08 2.08840E-08 1.95900E-08 1.88328E-08 1.76831E-08 1.64288E-08 1.60671E-08 1.32137E-08 1.41104E-08 1.19049E-08 1.74822E-08
0.18 3.36813E-07 4.39530E-07 4.74503E-07 4.76445E-07 4.48525E-07 3.71828E-07 3.00437E-07 1.72733E-07 1.46983E-07 1.24476E-07 1.14795E-07 1.08391E-07 1.01870E-07 9.93751E-08 9.42934E-08 9.10547E-08 9.32636E-08 7.84580E-08 9.13065E-08
0.3 5.41150E-07 6.65569E-07 7.60234E-07 8.59880E-07 9.12849E-07 9.11695E-07 9.42841E-07 8.34601E-07 7.45773E-07 6.39779E-07 5.68359E-07 4.87020E-07 4.60164E-07 4.21468E-07 4.01699E-07 3.77686E-07 4.02122E-07 3.50420E-07 3.65582E-07
0.56 1.13110E-06 1.30956E-06 1.51770E-06 1.70719E-06 1.92123E-06 2.10565E-06 2.29975E-06 2.22618E-06 2.26781E-06 2.44447E-06 2.29410E-06 2.47020E-06 2.31571E-06 2.27271E-06 2.19665E-06 2.16901E-06 2.16597E-06 2.08713E-06 1.81983E-06
1.0 1.84808E-06 2.15861E-06 2.54318E-06 2.67964E-06 2.97127E-06 3.22492E-06 3.46526E-06 3.69297E-06 3.91791E-06 3.97136E-06 3.98204E-06 4.12793E-06 4.10762E-06 4.16682E-06 5.40922E-06 3.96457E-06 4.01830E-06 3.88031E-06 3.32339E-06
3.0 3.54472E-06 4.04780E-06 4.51572E-06 4.95898E-06 5.52384E-06 5.91326E-06 6.29844E-06 6.83034E-06 7.18729E-06 7.60486E-06 7.83565E-06 8.27259E-06 8.35588E-06 8.18659E-06 8.32307E-06 7.81689E-06 7.94026E-06 8.06155E-06 9.86646E-06
10.0 6.87521E-06 7.37961E-06 8.21872E-06 8.86614E-06 1.03297E-05 1.07829E-05 1.21389E-05 1.29807E-05 1.37631E-05 1.43929E-05 1.53744E-05 1.53063E-05 1.60768E-05 1.58750E-05 1.54557E-05 1.55931E-05 1.68250E-05 1.65905E-05 1.30688E-05
30.0 1.11066E-05 1.19020E-05 1.30860E-05 1.44495E-05 1.59149E-05 1.75844E-05 1.89189E-05 2.02520E-05 2.24644E-05 2.37476E-05 2.58926E-05 2.58137E-05 2.64175E-05 3.00344E-05 2.75080E-05 3.15528E-05 3.59651E-05 2.94314E-05 2.90025E-05
100.0 2.01492E-05 2.22601E-05 2.40755E-05 2.58613E-05 3.06040E-05 3.09161E-05 3.21512E-05 3.55692E-05 4.05417E-05 4.17090E-05 4.44106E-05 4.45947E-05 4.97072E-05 4.81257E-05 4.85376E-05 5.40892E-05 5.13063E-05 4.43617E-05 4.60839E-05
