Yield function of production of Ti44 by protons, neutrons, alphas, pi+ and pi-, [(Ti44 atoms * cm2) / (g * prim. part. nucleon)] (computed with Geant4.10).
The primaries are alphas.
Energy[GeV/nuc],depths[g/cm2]: 1 3 5 10 15 20 30 40 50 60 70 80 90 100 110 120 130 135 141.6
0.01 1.53522E-04 1.79067E-07 1.53883E-07 1.47575E-07 1.43414E-07 1.27047E-07 1.23780E-07 1.09112E-07 9.29955E-08 8.25170E-08 7.26597E-08 5.78019E-08 5.80211E-08 4.70725E-08 3.64203E-08 2.39159E-08 2.09217E-08 1.84988E-08 8.20018E-09
0.03 1.56758E-04 2.77615E-05 2.59601E-06 2.48818E-06 2.40544E-06 2.31988E-06 2.31322E-06 2.14699E-06 2.04536E-06 1.80265E-06 1.58708E-06 1.44696E-06 1.31318E-06 1.20328E-06 1.07420E-06 9.85959E-07 1.07398E-06 9.81761E-07 1.44236E-06
0.1 2.72058E-04 2.51121E-04 2.07999E-04 1.63922E-04 6.76516E-05 6.73020E-05 6.77701E-05 6.72884E-05 6.46847E-05 6.22980E-05 5.80241E-05 5.60282E-05 5.23654E-05 4.85565E-05 4.85498E-05 4.63464E-05 4.30856E-05 4.33477E-05 3.85763E-05
0.18 3.46076E-04 3.57329E-04 3.55440E-04 3.55253E-04 3.51487E-04 3.36227E-04 3.16560E-04 2.76276E-04 2.80190E-04 2.75030E-04 2.65477E-04 2.60968E-04 2.52552E-04 2.46703E-04 2.37896E-04 2.40144E-04 2.43236E-04 2.42074E-04 2.40516E-04
0.3 2.26852E-04 2.98567E-04 4.16906E-04 5.06762E-04 6.22968E-04 6.84902E-04 7.49211E-04 8.14624E-04 8.57908E-04 8.65961E-04 8.60893E-04 8.45858E-04 8.38025E-04 8.12834E-04 8.03150E-04 8.17975E-04 8.20218E-04 8.13323E-04 8.31281E-04
0.56 4.02764E-04 4.80781E-04 5.91644E-04 6.96685E-04 9.12921E-04 1.09584E-03 1.25688E-03 1.54038E-03 1.77588E-03 1.95080E-03 2.07709E-03 2.18773E-03 2.25257E-03 2.32224E-03 2.37737E-03 2.44599E-03 2.42834E-03 2.47247E-03 2.29892E-03
1.0 6.69577E-04 8.02590E-04 1.00032E-03 1.16119E-03 1.55987E-03 1.87619E-03 2.14522E-03 2.66090E-03 3.03114E-03 3.34561E-03 3.58374E-03 3.78536E-03 3.91598E-03 4.03450E-03 4.16043E-03 4.16786E-03 4.44280E-03 4.61092E-03 4.42746E-03
3.0 1.45962E-03 1.75770E-03 2.15773E-03 2.50289E-03 3.29219E-03 3.92965E-03 4.55404E-03 5.76394E-03 6.59282E-03 7.34890E-03 7.88468E-03 8.41610E-03 8.89445E-03 9.24701E-03 9.35575E-03 9.25521E-03 9.88803E-03 9.22198E-03 9.71178E-03
10.0 3.55079E-03 4.14211E-03 5.14393E-03 5.91532E-03 7.81633E-03 9.38434E-03 1.09764E-02 1.35487E-02 1.57178E-02 1.74539E-02 1.91901E-02 2.04946E-02 2.11795E-02 2.19584E-02 2.22705E-02 2.28129E-02 2.32053E-02 2.39729E-02 2.29468E-02
30.0 7.07324E-03 8.23042E-03 1.00193E-02 1.18056E-02 1.50627E-02 1.82617E-02 2.11819E-02 2.63273E-02 3.07455E-02 3.43872E-02 3.83281E-02 4.06643E-02 4.32487E-02 4.45354E-02 4.63475E-02 4.71745E-02 4.80264E-02 4.91375E-02 4.78535E-02
100.0 1.41126E-02 1.65238E-02 2.00040E-02 2.28412E-02 2.98983E-02 3.62603E-02 4.17009E-02 5.20301E-02 6.11377E-02 6.77109E-02 7.39963E-02 7.97197E-02 8.51115E-02 8.75413E-02 8.98691E-02 9.36811E-02 9.30052E-02 9.13719E-02 1.05028E-01
