Yield function of production of Ti44 by protons, neutrons, alphas, pi+ and pi-, [(Ti44 atoms * cm2) / (g * prim. part. nucleon)] (computed with Geant4.10).
The primaries are protons.
Energy[GeV/nuc],depths[g/cm2]: 1 3 5 10 15 20 30 40 50 60 70 80 90 100 110 120 130 135 141.6
0.01 9.23606E-05 1.67983E-08 1.53417E-08 1.32345E-08 1.33570E-08 1.21917E-08 1.10096E-08 9.66626E-09 8.25771E-09 6.67893E-09 7.92693E-09 3.25068E-09 3.85610E-09 1.63549E-09 2.72521E-09 1.66146E-09 1.21302E-09 2.51628E-09 0.00000E+00
0.03 9.37481E-05 1.44739E-05 3.06167E-07 2.83224E-07 2.67125E-07 2.54327E-07 2.42570E-07 2.12753E-07 1.87983E-07 1.56842E-07 1.41347E-07 1.15170E-07 9.42455E-08 8.42230E-08 6.91255E-08 5.69516E-08 4.78453E-08 4.37363E-08 3.31974E-08
0.1 1.03001E-04 9.39521E-05 7.40505E-05 5.48131E-05 1.00306E-05 9.76065E-06 9.37784E-06 9.24907E-06 8.40868E-06 7.54549E-06 7.07721E-06 6.46146E-06 5.85274E-06 5.40667E-06 5.76997E-06 4.75176E-06 4.18830E-06 5.19097E-06 3.29515E-06
0.18 2.55338E-05 3.81516E-05 5.06826E-05 5.85386E-05 8.14711E-05 8.48801E-05 6.91551E-05 4.35630E-05 4.15460E-05 3.97214E-05 3.68140E-05 3.55744E-05 3.29610E-05 3.13934E-05 3.06425E-05 2.91607E-05 3.04779E-05 3.03338E-05 2.71089E-05
0.3 4.56018E-05 5.56573E-05 6.96832E-05 8.18738E-05 1.07555E-04 1.24848E-04 1.34320E-04 1.55742E-04 1.61490E-04 1.65497E-04 1.46066E-04 1.35803E-04 1.30991E-04 1.23156E-04 1.20750E-04 1.15015E-04 1.12976E-04 1.02060E-04 1.03367E-04
0.56 9.24298E-05 1.12794E-04 1.40643E-04 1.61574E-04 2.10587E-04 2.53086E-04 2.87901E-04 3.51678E-04 3.86475E-04 4.22352E-04 4.45775E-04 4.61674E-04 4.77108E-04 4.97096E-04 5.05469E-04 4.97753E-04 4.81710E-04 5.10266E-04 5.06201E-04
1.0 1.65307E-04 1.98444E-04 2.47879E-04 2.86809E-04 3.76045E-04 4.47702E-04 5.19947E-04 6.25132E-04 7.18364E-04 7.85995E-04 8.39242E-04 8.77183E-04 9.23346E-04 9.60628E-04 9.56572E-04 9.59152E-04 1.05724E-03 9.51494E-04 9.21974E-04
3.0 3.61512E-04 4.28618E-04 5.28576E-04 6.18371E-04 8.19186E-04 9.84223E-04 1.14605E-03 1.39254E-03 1.60579E-03 1.78419E-03 1.94035E-03 2.08010E-03 2.12204E-03 2.21009E-03 2.28623E-03 2.28563E-03 2.29219E-03 2.26207E-03 2.26486E-03
10.0 9.45185E-04 1.11153E-03 1.36399E-03 1.59393E-03 2.07332E-03 2.50083E-03 2.88753E-03 3.54072E-03 4.12271E-03 4.58467E-03 4.86304E-03 5.34917E-03 5.45281E-03 5.53743E-03 5.81507E-03 5.98610E-03 5.84112E-03 5.74158E-03 5.96708E-03
30.0 1.62174E-03 1.89963E-03 2.32717E-03 2.69503E-03 3.47510E-03 4.19565E-03 4.89522E-03 6.04175E-03 7.11237E-03 8.06035E-03 8.72618E-03 9.52967E-03 1.00884E-02 1.04915E-02 1.07635E-02 1.12319E-02 1.12620E-02 1.09942E-02 1.09774E-02
100.0 3.45683E-03 3.99741E-03 4.83720E-03 5.65275E-03 7.38464E-03 8.94417E-03 1.02152E-02 1.27071E-02 1.48628E-02 1.68702E-02 1.82833E-02 1.96393E-02 2.08332E-02 2.11942E-02 2.18495E-02 2.28286E-02 2.27483E-02 2.38444E-02 2.26362E-02
