Yield function of production of Ti44 by protons, neutrons, alphas, [(Ti44 atoms * cm2) / (g * prim. part. nucleon)] (computed with Geant4.10).
The primaries are protons.
Energy[GeV/nuc],depths[g/cm2]: 1 3 5 10 15 20 30 40 50 60 70 80 90 100 110 120 130 135 141.6
0.01 2.43163E-06 0.00000E+00 0.00000E+00 0.00000E+00 0.00000E+00 0.00000E+00 0.00000E+00 0.00000E+00 0.00000E+00 0.00000E+00 0.00000E+00 0.00000E+00 0.00000E+00 0.00000E+00 0.00000E+00 0.00000E+00 0.00000E+00 0.00000E+00 0.00000E+00
0.03 1.65415E-06 4.39137E-07 5.12253E-13 4.27147E-13 2.68222E-13 2.44204E-13 2.43950E-13 9.85164E-14 9.30719E-14 4.70701E-14 4.55529E-14 2.56004E-14 2.79589E-15 3.97714E-15 1.67449E-15 0.00000E+00 0.00000E+00 0.00000E+00 0.00000E+00
0.1 1.09051E-06 1.06223E-06 8.85845E-07 6.86818E-07 2.83301E-09 2.44884E-09 2.14436E-09 1.85387E-09 1.51655E-09 1.54748E-09 1.06482E-09 1.04867E-09 9.99687E-10 9.22508E-10 8.40339E-10 8.02136E-10 9.01467E-10 6.94462E-10 2.52344E-10
0.18 1.18957E-06 1.14741E-06 1.04630E-06 9.24653E-07 7.29053E-07 5.47023E-07 3.64759E-07 1.61478E-08 1.44251E-08 1.27140E-08 1.14480E-08 1.07119E-08 1.03320E-08 9.84252E-09 9.28114E-09 9.16353E-09 8.72763E-09 8.01372E-09 8.13569E-09
0.3 1.25299E-06 1.21261E-06 1.24869E-06 1.22499E-06 1.08505E-06 9.60904E-07 8.27795E-07 6.64500E-07 4.83092E-07 3.24699E-07 1.50516E-07 5.10648E-08 4.80838E-08 4.61676E-08 4.66599E-08 4.75483E-08 4.33368E-08 4.06117E-08 3.18995E-08
0.56 2.26910E-06 2.69748E-06 4.55955E-06 3.28083E-06 3.70239E-06 2.77192E-06 2.43184E-06 2.25707E-06 2.05762E-06 1.58582E-06 1.37915E-06 1.23601E-06 1.18324E-06 1.18505E-06 1.02597E-06 1.02565E-06 9.13420E-07 8.58478E-07 9.02152E-07
1.0 8.45680E-06 1.15386E-05 1.28869E-05 1.33341E-05 1.42868E-05 1.57031E-05 1.53998E-05 1.64368E-05 1.61686E-05 1.47903E-05 1.75615E-05 1.44622E-05 1.53100E-05 1.30274E-05 1.39408E-05 1.41997E-05 1.39245E-05 1.29627E-05 1.93957E-05
3.0 3.99019E-05 4.65257E-05 5.14229E-05 6.27738E-05 7.48304E-05 8.10569E-05 7.64509E-05 8.88971E-05 8.67306E-05 1.01065E-04 9.10477E-05 1.08520E-04 8.97283E-05 9.53863E-05 9.47702E-05 9.10666E-05 9.02133E-05 8.72519E-05 1.17583E-04
10.0 1.42569E-04 1.56685E-04 1.83046E-04 2.10122E-04 2.38758E-04 2.58522E-04 2.90964E-04 3.01904E-04 3.37602E-04 3.25944E-04 3.34903E-04 5.01825E-04 4.04811E-04 3.51188E-04 3.54642E-04 4.16465E-04 5.04159E-04 3.89412E-04 3.92547E-04
30.0 3.25883E-04 3.62766E-04 4.26015E-04 4.45534E-04 4.92618E-04 5.46928E-04 6.20513E-04 6.24932E-04 7.27004E-04 7.66056E-04 7.52768E-04 8.45314E-04 8.28013E-04 8.62366E-04 8.28252E-04 9.01280E-04 8.86521E-04 8.81418E-04 8.79253E-04
100.0 7.87273E-04 8.40104E-04 9.08736E-04 9.92208E-04 1.17508E-03 1.28142E-03 1.35860E-03 1.51105E-03 1.68070E-03 1.79620E-03 1.75020E-03 1.94826E-03 2.17885E-03 1.87636E-03 1.87411E-03 2.05966E-03 1.88304E-03 1.93455E-03 1.73342E-03
