Yield function of production of Ti44 by protons, neutrons, alphas, [(Ti44 atoms * cm2) / (g * prim. part. nucleon)] (computed with Geant4.10).
The primaries are protons.
Energy[GeV/nuc],depths[g/cm2]: 1 3 5 10 15 20 30 40 50 60 70 80 90 100 110 120 130 135 141.6
0.01 2.43163E-06 0.00000E+00 0.00000E+00 0.00000E+00 0.00000E+00 0.00000E+00 0.00000E+00 0.00000E+00 0.00000E+00 0.00000E+00 0.00000E+00 0.00000E+00 0.00000E+00 0.00000E+00 0.00000E+00 0.00000E+00 0.00000E+00 0.00000E+00 0.00000E+00
0.03 1.65415E-06 4.39137E-07 5.12253E-13 4.27147E-13 2.68222E-13 2.44204E-13 2.43950E-13 9.85164E-14 9.30719E-14 4.70701E-14 4.55529E-14 2.56004E-14 2.79589E-15 3.97714E-15 1.67449E-15 0.00000E+00 0.00000E+00 0.00000E+00 0.00000E+00
0.1 1.09051E-06 1.06223E-06 8.85845E-07 6.86818E-07 2.83301E-09 2.44884E-09 2.14436E-09 1.85387E-09 1.51655E-09 1.54748E-09 1.06482E-09 1.04867E-09 9.99687E-10 9.22508E-10 8.40339E-10 8.02136E-10 9.01467E-10 6.94462E-10 2.52344E-10
0.18 1.18957E-06 1.14741E-06 1.04630E-06 9.24653E-07 7.29053E-07 5.47023E-07 3.64759E-07 1.61478E-08 1.44251E-08 1.27140E-08 1.14480E-08 1.07119E-08 1.03320E-08 9.84252E-09 9.28114E-09 9.16353E-09 8.72763E-09 8.01372E-09 8.13569E-09
0.3 1.24977E-06 1.20969E-06 1.24398E-06 1.22390E-06 1.08470E-06 9.60663E-07 8.27394E-07 6.64500E-07 4.83092E-07 3.24699E-07 1.50516E-07 5.10648E-08 4.80838E-08 4.61676E-08 4.66599E-08 4.75483E-08 4.33368E-08 4.06117E-08 3.18995E-08
0.56 1.40469E-06 1.44616E-06 1.46324E-06 1.44293E-06 1.38029E-06 1.39039E-06 1.32071E-06 1.33342E-06 1.19709E-06 1.10062E-06 1.06967E-06 1.01657E-06 9.97699E-07 1.09533E-06 9.44624E-07 9.03142E-07 8.53490E-07 8.58478E-07 9.02152E-07
1.0 1.62729E-06 1.66794E-06 1.68618E-06 1.73198E-06 1.71319E-06 1.71711E-06 1.72677E-06 1.68874E-06 1.60109E-06 1.58191E-06 1.49853E-06 1.55569E-06 1.48856E-06 1.53615E-06 1.45343E-06 1.45122E-06 1.44213E-06 1.36452E-06 1.43632E-06
3.0 2.01967E-06 2.08899E-06 2.14224E-06 2.15103E-06 2.25907E-06 2.27344E-06 2.30872E-06 2.33120E-06 2.33772E-06 2.44677E-06 2.44001E-06 2.43453E-06 2.40709E-06 2.54554E-06 2.39279E-06 2.46152E-06 2.40022E-06 2.52563E-06 3.19280E-06
10.0 2.90286E-06 3.10785E-06 3.24734E-06 3.34462E-06 3.61504E-06 3.81968E-06 3.93976E-06 4.12411E-06 4.18672E-06 4.50074E-06 4.37241E-06 4.43027E-06 4.37401E-06 4.51029E-06 4.53781E-06 4.37502E-06 4.43259E-06 6.42604E-06 5.36705E-06
30.0 2.45949E-06 2.73607E-06 2.93174E-06 3.37257E-06 3.58649E-06 3.87380E-06 4.14277E-06 4.92643E-06 5.16604E-06 5.43171E-06 5.77013E-06 6.49667E-06 6.04509E-06 6.39565E-06 6.38698E-06 7.17702E-06 6.79633E-06 6.20659E-06 7.16590E-06
100.0 4.70608E-06 5.25109E-06 5.65794E-06 5.91339E-06 7.01536E-06 7.17193E-06 7.68486E-06 8.55480E-06 9.82181E-06 1.03546E-05 1.11940E-05 1.11914E-05 1.13770E-05 1.13789E-05 1.15927E-05 1.22483E-05 1.32967E-05 1.12811E-05 1.40519E-05
