Yield function of production of Ti44 by protons, neutrons, alphas, [(Ti44 atoms * cm2) / (g * prim. part. nucleon)] (computed with Geant4.10).
The primaries are protons.
Energy[GeV/nuc],depths[g/cm2]: 1 3 5 10 15 20 30 40 50 60 70 80 90 100 110 120 130 135 141.6
0.01 9.23606E-05 1.67983E-08 1.53417E-08 1.32345E-08 1.33570E-08 1.21917E-08 1.10096E-08 9.66626E-09 8.25771E-09 6.67893E-09 7.92693E-09 3.25068E-09 3.85610E-09 1.63549E-09 2.72521E-09 1.66146E-09 1.21302E-09 2.51628E-09 0.00000E+00
0.03 9.37481E-05 1.44739E-05 3.06167E-07 2.83224E-07 2.67125E-07 2.54327E-07 2.42570E-07 2.12753E-07 1.87983E-07 1.56842E-07 1.41347E-07 1.15170E-07 9.42455E-08 8.42230E-08 6.91255E-08 5.69516E-08 4.78453E-08 4.37363E-08 3.31974E-08
0.1 1.03001E-04 9.39521E-05 7.40505E-05 5.48131E-05 1.00306E-05 9.76065E-06 9.37784E-06 9.24907E-06 8.40868E-06 7.54549E-06 7.07721E-06 6.46146E-06 5.85274E-06 5.40667E-06 5.76997E-06 4.75176E-06 4.18830E-06 5.19097E-06 3.29515E-06
0.18 2.55338E-05 3.81516E-05 5.06826E-05 5.85386E-05 8.14711E-05 8.48801E-05 6.91551E-05 4.35630E-05 4.15460E-05 3.97214E-05 3.68140E-05 3.55744E-05 3.29610E-05 3.13934E-05 3.06425E-05 2.91607E-05 3.04779E-05 3.03338E-05 2.71089E-05
0.3 4.55986E-05 5.56544E-05 6.96785E-05 8.18727E-05 1.07555E-04 1.24848E-04 1.34320E-04 1.55742E-04 1.61490E-04 1.65497E-04 1.46066E-04 1.35803E-04 1.30991E-04 1.23156E-04 1.20750E-04 1.15015E-04 1.12976E-04 1.02060E-04 1.03367E-04
0.56 9.15654E-05 1.11543E-04 1.37547E-04 1.59736E-04 2.08265E-04 2.51705E-04 2.86790E-04 3.50754E-04 3.85614E-04 4.21867E-04 4.45466E-04 4.61455E-04 4.76923E-04 4.97007E-04 5.05388E-04 4.97631E-04 4.81650E-04 5.10266E-04 5.06201E-04
1.0 1.58478E-04 1.88574E-04 2.36678E-04 2.75207E-04 3.63471E-04 4.33716E-04 5.06274E-04 6.10384E-04 7.03797E-04 7.72787E-04 8.23179E-04 8.64277E-04 9.09525E-04 9.49136E-04 9.44085E-04 9.46403E-04 1.04475E-03 9.39896E-04 9.04015E-04
3.0 3.23630E-04 3.84182E-04 4.79295E-04 5.57748E-04 7.46615E-04 9.05439E-04 1.07190E-03 1.30598E-03 1.52139E-03 1.68557E-03 1.85174E-03 1.97402E-03 2.03472E-03 2.11725E-03 2.19385E-03 2.19703E-03 2.20437E-03 2.17734E-03 2.15047E-03
10.0 8.05519E-04 9.57956E-04 1.18419E-03 1.38715E-03 1.83818E-03 2.24612E-03 2.60050E-03 3.24294E-03 3.78930E-03 4.26323E-03 4.53251E-03 4.85177E-03 5.05238E-03 5.19075E-03 5.46496E-03 5.57400E-03 5.34139E-03 5.35860E-03 5.57990E-03
30.0 1.29832E-03 1.53960E-03 1.90409E-03 2.25287E-03 2.98607E-03 3.65260E-03 4.27885E-03 5.42175E-03 6.39053E-03 7.29973E-03 7.97919E-03 8.69085E-03 9.26642E-03 9.63553E-03 9.94166E-03 1.03378E-02 1.03823E-02 1.01190E-02 1.01053E-02
100.0 2.67427E-03 3.16255E-03 3.93412E-03 4.66646E-03 6.21657E-03 7.66992E-03 8.86425E-03 1.12046E-02 1.31919E-02 1.50844E-02 1.65443E-02 1.77022E-02 1.86657E-02 1.93292E-02 1.99870E-02 2.07812E-02 2.08786E-02 2.19211E-02 2.09168E-02
