Yield function of production of Ti44 by protons, neutrons, alphas, [(Ti44 atoms * cm2) / (g * prim. part. nucleon)] (computed with Geant4.10).
The primaries are alphas.
Energy[GeV/nuc],depths[g/cm2]: 1 3 5 10 15 20 30 40 50 60 70 80 90 100 110 120 130 135 141.6
0.01 6.63745E-07 7.48190E-13 4.92256E-13 3.62179E-13 9.62575E-13 2.56751E-13 1.82303E-13 1.26961E-13 6.02401E-14 4.16648E-14 1.66018E-14 2.29674E-14 3.45825E-15 5.39930E-15 9.84499E-15 0.00000E+00 0.00000E+00 0.00000E+00 0.00000E+00
0.03 3.74066E-07 5.21186E-08 1.02284E-09 6.59584E-10 5.03287E-10 4.22900E-10 3.94269E-10 3.12805E-10 2.57573E-10 2.18179E-10 2.03001E-10 1.74765E-10 1.49818E-10 1.65456E-10 1.35596E-10 1.48769E-10 9.30500E-11 8.44416E-11 1.80839E-10
0.1 2.88404E-07 3.25419E-07 2.95298E-07 2.38750E-07 5.23310E-08 3.92359E-08 3.31928E-08 2.64169E-08 2.53341E-08 2.08840E-08 1.95900E-08 1.88328E-08 1.76831E-08 1.64288E-08 1.60671E-08 1.32137E-08 1.41104E-08 1.19049E-08 1.74822E-08
0.18 3.36813E-07 4.39530E-07 4.74503E-07 4.76445E-07 4.48525E-07 3.71828E-07 3.00437E-07 1.72743E-07 1.46983E-07 1.24476E-07 1.14795E-07 1.08392E-07 1.01870E-07 9.93751E-08 9.42934E-08 9.10547E-08 9.32636E-08 7.84580E-08 9.13065E-08
0.3 5.56932E-07 6.92258E-07 7.90885E-07 8.90987E-07 9.42255E-07 9.34655E-07 9.68882E-07 8.52105E-07 7.56925E-07 6.62236E-07 5.92748E-07 5.05712E-07 4.60164E-07 4.21468E-07 4.01699E-07 3.77686E-07 4.02122E-07 3.50420E-07 3.65582E-07
0.56 4.94513E-06 6.21072E-06 6.62162E-06 7.76643E-06 8.03305E-06 1.01305E-05 8.67105E-06 7.26468E-06 6.67733E-06 5.64595E-06 6.44904E-06 4.68614E-06 4.22359E-06 4.85492E-06 4.04239E-06 3.68007E-06 3.19185E-06 2.66949E-06 8.83562E-06
1.0 2.83702E-05 3.73683E-05 4.67769E-05 5.21139E-05 5.89324E-05 7.59515E-05 5.66697E-05 9.03301E-05 6.71851E-05 5.62584E-05 5.61261E-05 7.45312E-05 5.62012E-05 5.62049E-05 5.68547E-05 5.84937E-05 1.63454E-04 6.35432E-05 3.14508E-05
3.0 1.41657E-04 1.73538E-04 2.01135E-04 2.06877E-04 2.73447E-04 2.79028E-04 3.04313E-04 3.55612E-04 3.54617E-04 3.63734E-04 3.79769E-04 3.61025E-04 3.79027E-04 3.83681E-04 3.80735E-04 3.42304E-04 4.78869E-04 4.10823E-04 4.09669E-04
10.0 5.81636E-04 6.33235E-04 7.69209E-04 8.27639E-04 9.03903E-04 1.06319E-03 1.19918E-03 1.33968E-03 1.40395E-03 1.40387E-03 1.55757E-03 1.61716E-03 1.49755E-03 1.46715E-03 1.40142E-03 1.51954E-03 1.43412E-03 2.44451E-03 1.55206E-03
30.0 1.45745E-03 1.60479E-03 1.81405E-03 2.15005E-03 2.25690E-03 2.49482E-03 2.69455E-03 2.86390E-03 3.22995E-03 3.20192E-03 3.59812E-03 3.66276E-03 4.11293E-03 3.78588E-03 3.85580E-03 3.88217E-03 3.77056E-03 3.43566E-03 3.73805E-03
100.0 3.25453E-03 3.56036E-03 4.08612E-03 3.94764E-03 4.71680E-03 5.37395E-03 5.63838E-03 6.15010E-03 7.51719E-03 7.15814E-03 6.93659E-03 7.74840E-03 8.01115E-03 7.96155E-03 8.73541E-03 8.47720E-03 8.31273E-03 8.54532E-03 4.66586E-03
