Yield function of production of Ti44 by protons, neutrons, alphas, [(Ti44 atoms * cm2) / (g * prim. part. nucleon)] (computed with Geant4.10).
The primaries are alphas.
Energy[GeV/nuc],depths[g/cm2]: 1 3 5 10 15 20 30 40 50 60 70 80 90 100 110 120 130 135 141.6
0.01 1.53522E-04 1.79067E-07 1.53883E-07 1.47575E-07 1.43414E-07 1.27047E-07 1.23780E-07 1.09112E-07 9.29955E-08 8.25170E-08 7.26597E-08 5.78019E-08 5.80211E-08 4.70725E-08 3.64203E-08 2.39159E-08 2.09217E-08 1.84988E-08 8.20018E-09
0.03 1.56758E-04 2.77615E-05 2.59601E-06 2.48818E-06 2.40544E-06 2.31988E-06 2.31322E-06 2.14699E-06 2.04536E-06 1.80265E-06 1.58708E-06 1.44696E-06 1.31318E-06 1.20328E-06 1.07420E-06 9.85959E-07 1.07398E-06 9.81761E-07 1.44236E-06
0.1 2.72058E-04 2.51121E-04 2.07999E-04 1.63922E-04 6.76516E-05 6.73020E-05 6.77701E-05 6.72884E-05 6.46847E-05 6.22980E-05 5.80241E-05 5.60282E-05 5.23654E-05 4.85565E-05 4.85498E-05 4.63464E-05 4.30856E-05 4.33477E-05 3.85763E-05
0.18 3.46076E-04 3.57329E-04 3.55440E-04 3.55253E-04 3.51487E-04 3.36227E-04 3.16560E-04 2.76276E-04 2.80190E-04 2.75030E-04 2.65477E-04 2.60968E-04 2.52552E-04 2.46703E-04 2.37896E-04 2.40144E-04 2.43236E-04 2.42074E-04 2.40516E-04
0.3 2.26836E-04 2.98540E-04 4.16875E-04 5.06731E-04 6.22939E-04 6.84879E-04 7.49185E-04 8.14606E-04 8.57897E-04 8.65939E-04 8.60869E-04 8.45839E-04 8.38025E-04 8.12834E-04 8.03150E-04 8.17975E-04 8.20218E-04 8.13323E-04 8.31281E-04
0.56 3.98950E-04 4.75880E-04 5.86540E-04 6.90625E-04 9.06809E-04 1.08781E-03 1.25051E-03 1.53534E-03 1.77147E-03 1.94760E-03 2.07293E-03 2.18552E-03 2.25066E-03 2.31966E-03 2.37552E-03 2.44448E-03 2.42731E-03 2.47189E-03 2.29191E-03
1.0 6.43055E-04 7.67381E-04 9.56087E-04 1.11175E-03 1.50391E-03 1.80347E-03 2.09202E-03 2.57427E-03 2.96787E-03 3.29333E-03 3.53159E-03 3.71495E-03 3.86388E-03 3.98246E-03 4.10898E-03 4.11333E-03 4.28336E-03 4.55126E-03 4.39933E-03
3.0 1.32151E-03 1.58821E-03 1.96111E-03 2.30098E-03 3.02427E-03 3.65654E-03 4.25602E-03 5.41516E-03 6.24539E-03 6.99277E-03 7.51275E-03 8.06335E-03 8.52378E-03 8.87152E-03 8.98334E-03 8.92072E-03 9.41710E-03 8.81922E-03 9.31198E-03
10.0 2.97603E-03 3.51625E-03 4.38294E-03 5.09654E-03 6.92276E-03 8.33194E-03 9.78934E-03 1.22220E-02 1.43276E-02 1.60644E-02 1.76479E-02 1.88927E-02 1.96981E-02 2.05071E-02 2.08846E-02 2.13090E-02 2.17880E-02 2.15450E-02 2.14078E-02
30.0 5.62689E-03 6.63752E-03 8.21832E-03 9.66995E-03 1.28217E-02 1.57845E-02 1.85062E-02 2.34836E-02 2.75380E-02 3.12090E-02 3.47559E-02 3.70273E-02 3.91622E-02 4.07796E-02 4.25192E-02 4.33238E-02 4.42918E-02 4.57313E-02 4.41444E-02
100.0 1.08782E-02 1.29857E-02 1.59419E-02 1.89195E-02 2.52121E-02 3.09173E-02 3.60946E-02 4.59155E-02 5.36611E-02 6.05944E-02 6.71041E-02 7.20159E-02 7.71500E-02 7.96279E-02 8.11822E-02 8.52580E-02 8.47438E-02 8.28710E-02 1.00408E-01
