Yield function of production of Ti44 by protons, neutrons, alphas, [(Ti44 atoms * cm2) / (g * prim. part. nucleon)] (computed with Geant4.10).
The primaries are protons.
Energy[GeV/nuc],depths[g/cm2]: 0 1 3 5 10.14 15.28 20.42 25.56 30.7 35.84 40.98 46.12 51.26 56.4 61.54 66.68 71.82 76.96 82.1 87.24 92.38 97.52 102.66 107.8 112.94 118.08 123.22 128.36 133.5 138.64 143.78
0.03 9.85828E-09 5.73089E-17 5.82602E-17 7.57382E-17 8.07098E-17 9.07885E-17 1.03481E-16 1.19955E-16 1.42617E-16 1.09702E-16 1.30660E-16 5.52768E-16 0.00000E+00 0.00000E+00 0.00000E+00 0.00000E+00 0.00000E+00 0.00000E+00 0.00000E+00 0.00000E+00 0.00000E+00 0.00000E+00 0.00000E+00 0.00000E+00 0.00000E+00 0.00000E+00 0.00000E+00 0.00000E+00 0.00000E+00 0.00000E+00 0.00000E+00
0.1 6.48049E-07 2.63556E-07 5.85165E-08 2.38622E-08 3.83135E-10 3.29496E-10 2.95060E-10 2.65600E-10 2.49682E-10 2.23444E-10 2.10205E-10 1.99271E-10 1.84137E-10 1.77009E-10 1.63013E-10 1.51469E-10 1.46128E-10 1.39596E-10 1.35529E-10 1.26683E-10 1.26413E-10 1.11065E-10 1.14641E-10 1.10617E-10 1.03898E-10 1.12279E-10 1.07264E-10 1.03287E-10 1.11505E-10 9.50981E-11 6.58127E-11
0.18 2.38179E-06 1.73332E-06 1.30434E-06 9.55740E-07 4.16851E-07 1.43373E-07 2.94823E-08 1.39842E-08 1.26290E-08 1.19938E-08 1.15220E-08 1.09333E-08 1.03940E-08 1.00450E-08 9.86282E-09 9.26236E-09 9.04136E-09 8.90413E-09 8.55147E-09 8.43677E-09 8.20515E-09 7.98423E-09 7.94016E-09 8.05095E-09 7.90282E-09 7.52055E-09 7.18440E-09 7.12607E-09 7.33748E-09 7.39566E-09 5.82551E-09
0.3 5.21584E-06 5.01131E-06 4.32671E-06 3.71698E-06 2.66148E-06 2.01764E-06 1.55730E-06 1.17045E-06 8.70510E-07 6.27365E-07 4.34981E-07 2.87523E-07 1.90219E-07 1.36287E-07 1.23490E-07 1.17390E-07 1.13103E-07 1.11621E-07 1.09069E-07 1.06742E-07 1.04414E-07 1.03402E-07 1.03666E-07 1.00443E-07 1.04891E-07 9.70463E-08 1.00058E-07 9.46963E-08 9.48814E-08 9.27844E-08 9.11528E-08
0.56 9.39639E-06 9.41492E-06 8.96102E-06 8.76020E-06 7.80848E-06 7.23420E-06 6.70728E-06 6.27171E-06 5.89363E-06 5.51877E-06 5.20953E-06 4.87224E-06 4.53326E-06 4.29308E-06 4.01956E-06 3.76965E-06 3.56704E-06 3.33011E-06 3.14073E-06 3.01271E-06 2.79763E-06 2.62507E-06 2.52760E-06 2.34723E-06 2.18226E-06 2.12408E-06 2.00509E-06 1.93469E-06 1.90742E-06 1.78968E-06 1.91550E-06
1.0 1.33538E-05 1.32706E-05 1.29660E-05 1.27911E-05 1.19234E-05 1.15998E-05 1.14050E-05 1.10641E-05 1.08687E-05 1.05938E-05 1.04209E-05 1.01674E-05 1.00475E-05 9.79718E-06 9.71724E-06 9.47075E-06 9.27177E-06 9.24363E-06 9.08498E-06 8.92197E-06 8.74602E-06 8.73566E-06 8.65497E-06 8.57911E-06 8.48223E-06 8.40937E-06 8.41606E-06 8.11248E-06 8.19024E-06 8.22667E-06 7.15373E-06
3.0 1.29173E-05 1.29813E-05 1.31268E-05 1.34293E-05 1.31627E-05 1.35162E-05 1.36624E-05 1.38559E-05 1.41259E-05 1.42378E-05 1.42963E-05 1.43139E-05 1.44464E-05 1.44885E-05 1.44304E-05 1.46990E-05 1.45991E-05 1.47163E-05 1.47295E-05 1.48860E-05 1.47248E-05 1.47596E-05 1.48610E-05 1.47713E-05 1.45733E-05 1.45754E-05 1.47120E-05 1.48075E-05 1.49065E-05 1.42404E-05 1.61290E-05
10.0 1.80230E-05 1.84479E-05 1.90141E-05 1.96755E-05 1.99878E-05 2.09085E-05 2.15819E-05 2.21338E-05 2.26299E-05 2.33100E-05 2.35922E-05 2.38391E-05 2.41767E-05 2.46436E-05 2.48479E-05 2.49504E-05 2.52177E-05 2.53683E-05 2.57265E-05 2.56835E-05 2.61445E-05 2.59683E-05 2.56712E-05 2.59668E-05 2.60692E-05 2.59044E-05 2.73522E-05 2.54405E-05 2.54559E-05 2.63212E-05 2.59605E-05
30.0 2.49241E-05 2.53600E-05 2.59810E-05 2.72564E-05 2.76209E-05 2.94423E-05 3.04447E-05 3.16489E-05 3.28403E-05 3.38934E-05 3.43188E-05 3.52023E-05 3.58781E-05 3.73436E-05 3.75521E-05 3.75329E-05 3.82946E-05 3.92317E-05 3.89962E-05 4.02261E-05 3.99921E-05 4.12114E-05 4.09038E-05 4.04001E-05 4.17386E-05 4.18520E-05 4.12478E-05 4.07394E-05 4.17599E-05 3.93957E-05 3.95734E-05
100.0 4.13057E-05 4.19361E-05 4.39607E-05 4.52644E-05 4.65383E-05 4.88422E-05 5.16044E-05 5.33762E-05 5.54006E-05 5.76406E-05 5.89045E-05 6.05307E-05 6.16676E-05 6.32975E-05 6.48080E-05 6.76704E-05 6.71755E-05 6.77608E-05 6.92033E-05 7.03257E-05 7.08502E-05 7.39989E-05 7.17534E-05 7.28298E-05 7.53443E-05 7.21921E-05 7.32028E-05 7.90048E-05 7.84688E-05 8.33751E-05 7.75531E-05
