Yield function of production of Ti44 by protons, neutrons, alphas, [(Ti44 atoms * cm2) / (g * prim. part. nucleon)] (computed with Geant4.10).
The primaries are alphas.
Energy[GeV/nuc],depths[g/cm2]: 0 1 3 5 10.14 15.28 20.42 25.56 30.7 35.84 40.98 46.12 51.26 56.4 61.54 66.68 71.82 76.96 82.1 87.24 92.38 97.52 102.66 107.8 112.94 118.08 123.22 128.36 133.5 138.64 143.78
0.03 1.34059E-05 2.14785E-07 9.28682E-11 8.15675E-11 6.70174E-11 5.54377E-11 4.97697E-11 4.50722E-11 4.21432E-11 3.88467E-11 3.52617E-11 3.31265E-11 3.11198E-11 2.92011E-11 2.82496E-11 2.79938E-11 2.55318E-11 2.44614E-11 2.20475E-11 2.23611E-11 2.10493E-11 1.97409E-11 1.93641E-11 1.88991E-11 1.77706E-11 1.95500E-11 2.14387E-11 1.79014E-11 1.20615E-11 1.60670E-11 9.63658E-12
0.1 1.57250E-05 1.39898E-05 1.03986E-05 6.85311E-06 3.27117E-08 2.80435E-08 2.53308E-08 2.34615E-08 2.22604E-08 2.10174E-08 2.01473E-08 1.92297E-08 1.87169E-08 1.78866E-08 1.73516E-08 1.67935E-08 1.63401E-08 1.58271E-08 1.53754E-08 1.49176E-08 1.53088E-08 1.45164E-08 1.42923E-08 1.42637E-08 1.42897E-08 1.38500E-08 1.33244E-08 1.45854E-08 1.31982E-08 1.34519E-08 1.26133E-08
0.18 1.29277E-05 1.25358E-05 1.09538E-05 1.01117E-05 7.73408E-06 5.60066E-06 3.24635E-06 8.59985E-07 2.93018E-07 2.74640E-07 2.61364E-07 2.49925E-07 2.40236E-07 2.31996E-07 2.23703E-07 2.18192E-07 2.12282E-07 2.07746E-07 2.02918E-07 1.98174E-07 1.95827E-07 1.92707E-07 1.89040E-07 1.87748E-07 1.83819E-07 1.84365E-07 1.79260E-07 1.79869E-07 1.77698E-07 1.84657E-07 1.70905E-07
0.3 1.40537E-05 1.36835E-05 1.29359E-05 1.22796E-05 1.05032E-05 9.20408E-06 8.15903E-06 7.29324E-06 6.49478E-06 5.77090E-06 5.10307E-06 4.42430E-06 3.71558E-06 2.93353E-06 2.09914E-06 1.65766E-06 1.60853E-06 1.57579E-06 1.53271E-06 1.50355E-06 1.47427E-06 1.44927E-06 1.42838E-06 1.40695E-06 1.38610E-06 1.37988E-06 1.37368E-06 1.33943E-06 1.31907E-06 1.34120E-06 1.27049E-06
0.56 1.87656E-05 1.88442E-05 1.88060E-05 1.89428E-05 1.81701E-05 1.80921E-05 1.78664E-05 1.75965E-05 1.72891E-05 1.70130E-05 1.66640E-05 1.63817E-05 1.60981E-05 1.56710E-05 1.54258E-05 1.50407E-05 1.47683E-05 1.45864E-05 1.42543E-05 1.40059E-05 1.37963E-05 1.35497E-05 1.34733E-05 1.32465E-05 1.30141E-05 1.30120E-05 1.29688E-05 1.27871E-05 1.28973E-05 1.24440E-05 1.22998E-05
1.0 2.57460E-05 2.63321E-05 2.71361E-05 2.79504E-05 2.81845E-05 2.90713E-05 2.98330E-05 3.02627E-05 3.05076E-05 3.09880E-05 3.10790E-05 3.10794E-05 3.10821E-05 3.11422E-05 3.12922E-05 3.10665E-05 3.11781E-05 3.12331E-05 3.11680E-05 3.10643E-05 3.09978E-05 3.07571E-05 3.09957E-05 3.09639E-05 3.06268E-05 3.07155E-05 3.02502E-05 3.05014E-05 3.01373E-05 3.02516E-05 2.75832E-05
3.0 3.82197E-05 3.94812E-05 4.10894E-05 4.27820E-05 4.39157E-05 4.62439E-05 4.81434E-05 4.96669E-05 5.10011E-05 5.21081E-05 5.28378E-05 5.38522E-05 5.42716E-05 5.50949E-05 5.57072E-05 5.62624E-05 5.66563E-05 5.67568E-05 5.73028E-05 5.73354E-05 5.81321E-05 5.71477E-05 5.77134E-05 5.76872E-05 5.76454E-05 5.81568E-05 5.77386E-05 5.74195E-05 5.77432E-05 5.74960E-05 5.40179E-05
10.0 5.84272E-05 6.05529E-05 6.35067E-05 6.66189E-05 6.93173E-05 7.38071E-05 7.74720E-05 8.07378E-05 8.36072E-05 8.57616E-05 8.82977E-05 9.00484E-05 9.16344E-05 9.31934E-05 9.45791E-05 9.57358E-05 9.67502E-05 9.76174E-05 9.86175E-05 9.93645E-05 9.99109E-05 1.01359E-04 9.97935E-05 1.02681E-04 1.02662E-04 1.02998E-04 1.03895E-04 1.02029E-04 1.02806E-04 1.00488E-04 9.96579E-05
30.0 8.77609E-05 9.05060E-05 9.47137E-05 9.85554E-05 1.02957E-04 1.09397E-04 1.15975E-04 1.21732E-04 1.25757E-04 1.29769E-04 1.33288E-04 1.36781E-04 1.40471E-04 1.43567E-04 1.46775E-04 1.48865E-04 1.51704E-04 1.54630E-04 1.55962E-04 1.57730E-04 1.60024E-04 1.63044E-04 1.64427E-04 1.66161E-04 1.67046E-04 1.67197E-04 1.68009E-04 1.70027E-04 1.65825E-04 1.64335E-04 1.58968E-04
100.0 1.36634E-04 1.41311E-04 1.47845E-04 1.55302E-04 1.63508E-04 1.74998E-04 1.85957E-04 1.96479E-04 2.05908E-04 2.16002E-04 2.22681E-04 2.30356E-04 2.36713E-04 2.44777E-04 2.48096E-04 2.54531E-04 2.58229E-04 2.63041E-04 2.70342E-04 2.74361E-04 2.79114E-04 2.80673E-04 2.81666E-04 2.93093E-04 2.88219E-04 2.96149E-04 2.98126E-04 2.92061E-04 3.05483E-04 3.12618E-04 2.89322E-04
