Yield function of production of Ti44 by protons, neutrons, alphas, [(Ti44 atoms * cm2) / (g * prim. part. nucleon)] (computed with Geant4.10).
The primaries are alphas.
Energy[GeV/nuc],depths[g/cm2]: 0 1 3 5 12.09 19.18 26.27 33.36 40.45 47.54 54.63 61.72 68.81 75.9 82.99 90.08 97.17 104.26 111.35 118.44 125.53 132.62 139.71 146.8 153.89 160.98 168.07 175.16 182.25 189.34 196.43 203.52 210.61 217.7 224.79 231.88 238.97 246.06 253.15
0.03 9.51598E-06 1.59262E-07 9.48625E-11 7.93134E-11 5.69903E-11 4.69874E-11 4.02727E-11 3.39823E-11 3.09627E-11 2.64674E-11 2.38820E-11 2.08253E-11 1.91267E-11 1.65249E-11 1.51581E-11 1.33401E-11 1.25797E-11 1.13999E-11 1.10235E-11 1.13924E-11 9.80489E-12 9.51512E-12 8.17192E-12 7.71399E-12 7.58045E-12 7.12016E-12 6.46271E-12 6.11477E-12 6.05178E-12 5.19938E-12 5.41993E-12 5.26719E-12 3.72678E-12 3.99321E-12 3.54487E-12 6.39525E-12 3.15996E-12 3.99341E-12 2.79445E-12
0.1 1.09058E-05 9.82745E-06 7.28991E-06 4.82222E-06 2.18993E-08 1.79993E-08 1.57216E-08 1.42103E-08 1.28982E-08 1.19660E-08 1.11268E-08 1.03596E-08 9.71973E-09 9.05663E-09 8.48799E-09 8.01918E-09 7.46782E-09 7.15538E-09 6.79055E-09 6.51861E-09 6.09072E-09 5.88100E-09 5.63789E-09 5.44703E-09 5.12883E-09 5.02492E-09 5.00369E-09 4.73996E-09 4.59012E-09 4.40617E-09 4.45046E-09 4.37234E-09 4.14746E-09 4.35119E-09 3.99595E-09 4.43798E-09 4.11353E-09 4.25086E-09 5.15540E-09
0.18 8.82986E-06 8.39949E-06 7.46961E-06 6.92378E-06 4.70938E-06 2.55955E-06 3.80316E-07 1.76977E-07 1.59681E-07 1.47174E-07 1.36537E-07 1.27185E-07 1.19579E-07 1.13064E-07 1.06929E-07 1.01820E-07 9.79712E-08 9.26455E-08 8.89358E-08 8.60409E-08 8.11120E-08 7.80215E-08 7.54547E-08 7.32714E-08 7.11147E-08 6.95360E-08 6.69659E-08 6.52221E-08 6.42189E-08 6.17756E-08 6.15432E-08 6.11182E-08 6.11107E-08 6.01310E-08 5.82436E-08 5.69364E-08 5.63986E-08 5.87477E-08 5.75824E-08
0.3 9.39408E-06 9.19014E-06 8.54078E-06 8.03910E-06 6.34314E-06 5.33050E-06 4.48049E-06 3.74166E-06 3.08522E-06 2.47409E-06 1.82591E-06 1.15208E-06 8.96603E-07 8.44637E-07 7.99462E-07 7.61216E-07 7.25644E-07 6.94569E-07 6.67674E-07 6.40658E-07 6.19629E-07 5.98283E-07 5.83700E-07 5.60654E-07 5.48700E-07 5.37319E-07 5.20771E-07 5.18788E-07 5.02903E-07 4.92736E-07 4.89038E-07 4.78761E-07 4.75523E-07 4.64910E-07 4.70830E-07 4.56146E-07 4.90033E-07 4.64242E-07 4.74522E-07
0.56 1.16778E-05 1.17832E-05 1.18108E-05 1.17967E-05 1.12399E-05 1.08999E-05 1.05158E-05 1.00980E-05 9.65088E-06 9.17301E-06 8.75146E-06 8.32579E-06 7.89783E-06 7.50329E-06 7.12039E-06 6.76957E-06 6.43152E-06 6.12802E-06 5.82301E-06 5.58918E-06 5.31119E-06 5.08306E-06 4.87769E-06 4.69148E-06 4.50956E-06 4.36306E-06 4.17591E-06 4.01788E-06 3.94829E-06 3.87043E-06 3.81067E-06 3.79657E-06 3.71643E-06 3.65531E-06 3.61959E-06 3.57242E-06 3.61689E-06 3.53092E-06 3.73701E-06
1.0 1.53452E-05 1.58589E-05 1.64857E-05 1.70538E-05 1.74860E-05 1.79711E-05 1.82242E-05 1.82640E-05 1.82922E-05 1.81400E-05 1.80364E-05 1.78205E-05 1.74855E-05 1.72568E-05 1.69140E-05 1.66707E-05 1.64372E-05 1.60678E-05 1.58592E-05 1.54761E-05 1.52523E-05 1.49441E-05 1.46766E-05 1.45453E-05 1.41830E-05 1.41245E-05 1.38225E-05 1.35937E-05 1.34241E-05 1.33081E-05 1.31346E-05 1.29260E-05 1.29439E-05 1.26393E-05 1.26415E-05 1.25854E-05 1.23026E-05 1.25657E-05 1.27977E-05
3.0 2.40154E-05 2.50730E-05 2.63732E-05 2.75155E-05 2.91495E-05 3.09176E-05 3.23206E-05 3.32768E-05 3.41667E-05 3.46650E-05 3.51622E-05 3.55932E-05 3.56496E-05 3.59416E-05 3.59911E-05 3.60926E-05 3.62357E-05 3.64355E-05 3.61720E-05 3.62256E-05 3.60743E-05 3.61103E-05 3.59076E-05 3.58250E-05 3.58459E-05 3.59154E-05 3.56508E-05 3.55373E-05 3.54955E-05 3.51502E-05 3.58322E-05 3.52440E-05 3.52995E-05 3.55872E-05 3.52618E-05 3.55245E-05 3.51040E-05 3.47827E-05 3.62583E-05
10.0 3.95230E-05 4.14105E-05 4.39802E-05 4.61331E-05 4.97834E-05 5.40389E-05 5.71566E-05 5.95924E-05 6.18116E-05 6.36440E-05 6.49444E-05 6.65990E-05 6.75140E-05 6.84195E-05 6.92968E-05 7.01431E-05 7.07811E-05 7.11679E-05 7.18771E-05 7.21156E-05 7.23266E-05 7.32580E-05 7.31108E-05 7.41062E-05 7.38803E-05 7.37972E-05 7.44409E-05 7.42122E-05 7.48479E-05 7.44632E-05 7.51027E-05 7.49495E-05 7.54373E-05 7.54588E-05 7.46143E-05 7.43642E-05 7.55890E-05 7.75229E-05 7.80764E-05
30.0 6.63464E-05 6.87420E-05 7.25605E-05 7.60632E-05 8.12395E-05 8.84823E-05 9.43995E-05 1.00095E-04 1.04846E-04 1.09315E-04 1.13704E-04 1.16292E-04 1.19354E-04 1.22724E-04 1.24979E-04 1.27974E-04 1.29874E-04 1.32559E-04 1.34351E-04 1.36001E-04 1.37676E-04 1.38945E-04 1.40730E-04 1.41987E-04 1.42041E-04 1.43299E-04 1.44475E-04 1.46900E-04 1.45933E-04 1.45335E-04 1.47829E-04 1.44211E-04 1.45093E-04 1.48021E-04 1.50040E-04 1.46404E-04 1.39969E-04 1.42235E-04 1.48539E-04
100.0 1.22688E-04 1.27350E-04 1.34334E-04 1.39816E-04 1.52394E-04 1.66124E-04 1.78402E-04 1.90060E-04 2.01050E-04 2.11577E-04 2.19090E-04 2.26393E-04 2.33351E-04 2.40178E-04 2.47248E-04 2.52636E-04 2.58789E-04 2.62799E-04 2.70520E-04 2.78410E-04 2.82020E-04 2.86457E-04 2.91102E-04 2.96438E-04 2.95879E-04 3.01769E-04 3.02991E-04 3.08893E-04 3.10628E-04 3.13314E-04 3.09491E-04 3.11435E-04 3.18286E-04 3.15033E-04 3.15979E-04 3.24188E-04 3.18353E-04 3.36807E-04 2.97196E-04
