Yield function of production of Ti44 by protons, neutrons, alphas, [(Ti44 atoms * cm2) / (g * prim. part. nucleon)] (computed with Geant4.10).
The primaries are protons.
Energy[GeV/nuc],depths[g/cm2]: 0 1 3 5 12.09 19.18 26.27 33.36 40.45 47.54 54.63 61.72 68.81 75.9 82.99 90.08 97.17 104.26 111.35 118.44 125.53 132.62 139.71 146.8 153.89 160.98 168.07 175.16 182.25 189.34 196.43 203.52 210.61 217.7 224.79 231.88 238.97 246.06 253.15
0.03 1.06828E-08 6.67275E-16 7.57383E-17 7.73988E-17 8.04180E-17 8.74083E-17 7.71184E-17 1.27146E-16 1.46482E-16 0.00000E+00 0.00000E+00 0.00000E+00 0.00000E+00 0.00000E+00 0.00000E+00 0.00000E+00 0.00000E+00 0.00000E+00 0.00000E+00 0.00000E+00 0.00000E+00 0.00000E+00 0.00000E+00 0.00000E+00 0.00000E+00 0.00000E+00 0.00000E+00 0.00000E+00 0.00000E+00 0.00000E+00 0.00000E+00 0.00000E+00 0.00000E+00 0.00000E+00 0.00000E+00 0.00000E+00 0.00000E+00 0.00000E+00 0.00000E+00
0.1 4.94238E-07 2.17301E-07 5.71041E-08 2.56250E-08 3.60545E-10 2.92487E-10 2.47115E-10 2.15133E-10 1.90411E-10 1.62408E-10 1.45384E-10 1.27732E-10 1.17050E-10 1.05505E-10 9.60396E-11 8.85111E-11 7.77950E-11 6.96456E-11 6.52869E-11 6.12968E-11 5.64030E-11 5.44703E-11 4.86861E-11 4.49390E-11 4.25522E-11 4.11155E-11 3.84299E-11 3.69954E-11 3.44467E-11 3.47426E-11 3.54805E-11 3.23534E-11 2.75877E-11 3.25285E-11 2.63221E-11 2.05323E-11 1.50563E-11 2.14507E-11 1.09304E-11
0.18 1.65591E-06 1.22046E-06 9.30479E-07 6.87414E-07 2.15356E-07 3.55487E-08 9.15767E-09 8.27928E-09 7.41937E-09 6.79413E-09 6.28653E-09 5.83575E-09 5.41967E-09 4.99329E-09 4.71551E-09 4.44561E-09 4.14200E-09 3.95861E-09 3.77067E-09 3.49132E-09 3.36979E-09 3.17532E-09 3.09634E-09 2.85774E-09 2.78403E-09 2.78501E-09 2.73854E-09 2.58093E-09 2.50082E-09 2.45173E-09 2.47842E-09 2.38300E-09 2.19576E-09 2.18451E-09 2.09753E-09 1.83656E-09 2.14691E-09 1.87460E-09 2.76949E-09
0.3 3.54960E-06 3.34883E-06 2.84613E-06 2.45102E-06 1.60524E-06 1.09654E-06 7.33018E-07 4.70965E-07 2.82680E-07 1.58233E-07 8.91881E-08 6.91142E-08 6.40665E-08 6.06783E-08 5.73531E-08 5.45648E-08 5.16611E-08 4.98309E-08 4.87224E-08 4.55661E-08 4.37386E-08 4.22831E-08 4.06470E-08 3.91112E-08 3.80117E-08 3.72852E-08 3.60839E-08 3.50734E-08 3.41407E-08 3.38025E-08 3.29739E-08 3.30861E-08 3.09489E-08 3.21049E-08 3.04293E-08 3.16351E-08 3.02150E-08 2.88774E-08 3.19710E-08
0.56 6.17436E-06 6.19042E-06 5.85577E-06 5.70934E-06 4.79588E-06 4.28438E-06 3.75439E-06 3.32091E-06 2.93996E-06 2.57794E-06 2.27446E-06 2.02246E-06 1.78104E-06 1.58083E-06 1.40472E-06 1.23327E-06 1.09549E-06 9.51405E-07 8.27844E-07 7.22135E-07 6.24983E-07 5.44690E-07 4.80826E-07 4.30551E-07 3.85569E-07 3.55920E-07 3.38806E-07 3.42432E-07 3.28198E-07 3.18662E-07 3.12606E-07 3.05218E-07 3.01365E-07 2.94505E-07 3.07460E-07 2.93301E-07 3.21404E-07 3.04231E-07 3.89348E-07
1.0 8.30232E-06 8.34879E-06 8.10658E-06 7.95648E-06 7.26847E-06 6.90498E-06 6.58319E-06 6.29259E-06 5.92358E-06 5.69603E-06 5.42444E-06 5.24999E-06 4.97364E-06 4.81548E-06 4.55779E-06 4.40829E-06 4.22828E-06 4.04487E-06 3.91029E-06 3.76290E-06 3.64521E-06 3.49740E-06 3.36514E-06 3.27591E-06 3.21408E-06 3.05695E-06 3.02351E-06 2.89735E-06 2.84357E-06 2.86330E-06 2.68327E-06 2.82981E-06 2.63593E-06 2.81568E-06 2.57101E-06 2.59058E-06 2.49532E-06 2.48449E-06 2.57347E-06
3.0 8.13395E-06 8.26624E-06 8.38764E-06 8.56236E-06 8.55310E-06 8.78913E-06 8.91378E-06 9.02408E-06 9.10518E-06 9.12824E-06 9.16578E-06 9.11908E-06 9.14264E-06 9.11568E-06 9.06969E-06 9.11132E-06 9.05950E-06 9.05909E-06 8.95033E-06 8.99087E-06 8.83721E-06 8.93515E-06 8.99573E-06 8.77350E-06 8.76244E-06 8.74736E-06 8.69321E-06 8.67467E-06 8.63740E-06 8.54168E-06 8.59577E-06 8.45688E-06 8.50477E-06 8.47525E-06 8.50978E-06 8.38516E-06 8.33808E-06 7.88594E-06 8.19047E-06
10.0 1.21199E-05 1.24635E-05 1.29518E-05 1.33578E-05 1.39824E-05 1.47053E-05 1.54154E-05 1.60378E-05 1.61790E-05 1.65111E-05 1.68833E-05 1.69275E-05 1.72477E-05 1.73204E-05 1.76617E-05 1.75743E-05 1.77125E-05 1.77427E-05 1.78272E-05 1.78287E-05 1.79925E-05 1.79416E-05 1.82005E-05 1.81112E-05 1.78123E-05 1.79333E-05 1.80999E-05 1.81633E-05 1.84470E-05 1.83419E-05 1.79786E-05 1.80655E-05 1.78271E-05 1.83622E-05 1.79884E-05 1.77729E-05 1.80209E-05 1.96134E-05 2.00794E-05
30.0 1.85281E-05 1.91367E-05 1.96613E-05 2.03059E-05 2.14370E-05 2.29835E-05 2.44993E-05 2.55469E-05 2.65846E-05 2.74896E-05 2.83174E-05 2.95275E-05 2.98859E-05 3.09587E-05 3.12241E-05 3.15773E-05 3.21862E-05 3.24874E-05 3.34241E-05 3.34612E-05 3.38160E-05 3.42078E-05 3.50051E-05 3.49644E-05 3.52932E-05 3.56014E-05 3.61477E-05 3.66794E-05 3.61520E-05 3.64665E-05 3.62299E-05 3.62562E-05 3.60616E-05 3.60440E-05 3.66407E-05 3.52796E-05 3.58702E-05 3.84494E-05 5.54707E-05
100.0 3.56384E-05 3.65849E-05 3.80239E-05 3.92373E-05 4.15159E-05 4.43417E-05 4.75747E-05 5.03507E-05 5.24727E-05 5.46431E-05 5.73210E-05 5.91670E-05 6.16175E-05 6.31395E-05 6.48237E-05 6.56156E-05 6.70075E-05 6.89786E-05 7.01895E-05 7.11611E-05 7.19263E-05 7.37809E-05 7.49129E-05 7.51688E-05 7.65822E-05 7.56699E-05 7.71169E-05 7.78678E-05 7.98220E-05 7.87740E-05 7.81890E-05 7.92014E-05 7.82687E-05 7.75975E-05 7.65554E-05 7.71850E-05 7.62379E-05 7.84609E-05 7.63697E-05
