Yield function of production of Ti44 by protons, neutrons, alphas, [(Ti44 atoms * cm2) / (g * prim. part. nucleon)] (computed with Geant4.10).
The primaries are protons.
Energy[GeV/nuc],depths[g/cm2]: 0 1 3 5 10.03 15.06 20.09 25.12 30.15 35.18 40.21 45.24 50.27 55.3 60.33 65.36 70.39 75.42 80.45 85.48 90.51 95.54 100.57 105.6 110.63 115.66 120.69 125.72 130.75 135.78 140.81 145.84 150.87 155.9 160.93 165.96 170.99 176.02 181.05
0.03 9.85618E-09 3.05200E-16 3.89614E-16 6.89850E-17 0.00000E+00 0.00000E+00 0.00000E+00 0.00000E+00 0.00000E+00 0.00000E+00 0.00000E+00 0.00000E+00 0.00000E+00 0.00000E+00 0.00000E+00 0.00000E+00 0.00000E+00 0.00000E+00 0.00000E+00 0.00000E+00 0.00000E+00 0.00000E+00 0.00000E+00 0.00000E+00 0.00000E+00 0.00000E+00 0.00000E+00 0.00000E+00 0.00000E+00 0.00000E+00 0.00000E+00 0.00000E+00 0.00000E+00 0.00000E+00 0.00000E+00 0.00000E+00 0.00000E+00 0.00000E+00 0.00000E+00
0.1 5.34535E-07 2.26349E-07 5.42793E-08 2.37629E-08 3.74543E-10 3.24489E-10 2.87544E-10 2.57868E-10 2.35638E-10 2.12077E-10 1.96888E-10 1.79614E-10 1.66301E-10 1.54430E-10 1.45866E-10 1.36562E-10 1.28716E-10 1.25422E-10 1.17137E-10 1.09439E-10 1.04172E-10 1.04188E-10 9.44405E-11 8.85623E-11 8.52723E-11 8.42314E-11 8.27578E-11 7.78150E-11 7.66179E-11 7.64121E-11 6.87925E-11 6.43863E-11 6.88975E-11 7.83242E-11 6.25384E-11 5.82507E-11 6.23388E-11 4.53083E-11 4.87702E-11
0.18 1.87950E-06 1.37044E-06 1.03730E-06 7.65430E-07 3.45603E-07 1.26405E-07 2.85873E-08 1.19244E-08 1.02050E-08 9.53226E-09 8.91047E-09 8.49494E-09 8.12874E-09 7.73027E-09 7.40747E-09 7.09884E-09 6.78297E-09 6.64990E-09 6.37571E-09 6.14797E-09 5.93476E-09 5.70774E-09 5.57345E-09 5.55911E-09 5.30954E-09 5.23744E-09 5.39366E-09 5.14005E-09 4.93488E-09 4.99975E-09 4.95605E-09 4.90576E-09 4.55526E-09 4.77806E-09 4.58420E-09 4.31832E-09 4.28713E-09 4.90195E-09 3.85933E-09
0.3 4.06561E-06 3.87004E-06 3.31140E-06 2.85970E-06 2.07161E-06 1.59012E-06 1.22748E-06 9.23072E-07 6.91795E-07 5.01202E-07 3.48888E-07 2.34902E-07 1.54927E-07 1.07381E-07 9.16656E-08 8.60727E-08 8.34878E-08 8.13666E-08 7.83605E-08 7.64861E-08 7.43784E-08 7.26865E-08 7.14460E-08 6.94987E-08 6.85489E-08 6.84779E-08 6.48795E-08 6.49856E-08 6.57717E-08 6.34344E-08 6.15499E-08 6.09439E-08 5.97638E-08 5.95270E-08 5.73619E-08 5.90985E-08 6.30480E-08 5.38431E-08 6.62262E-08
0.56 7.22809E-06 7.17344E-06 6.84110E-06 6.67809E-06 5.96191E-06 5.54227E-06 5.10887E-06 4.73238E-06 4.40042E-06 4.11386E-06 3.82415E-06 3.51013E-06 3.23519E-06 3.01354E-06 2.80723E-06 2.60192E-06 2.41084E-06 2.24689E-06 2.09641E-06 1.93813E-06 1.78039E-06 1.65441E-06 1.52134E-06 1.39536E-06 1.28252E-06 1.17651E-06 1.07946E-06 9.90884E-07 9.07636E-07 8.42194E-07 7.81277E-07 7.14488E-07 6.55462E-07 6.14313E-07 5.86818E-07 5.46602E-07 5.23583E-07 5.51387E-07 5.25660E-07
1.0 1.00109E-05 1.00371E-05 9.77382E-06 9.64160E-06 9.06397E-06 8.78872E-06 8.47853E-06 8.35677E-06 8.07557E-06 7.80876E-06 7.63436E-06 7.50541E-06 7.34385E-06 7.11190E-06 6.98252E-06 6.82924E-06 6.62651E-06 6.49037E-06 6.46097E-06 6.29991E-06 6.13352E-06 6.04197E-06 5.97025E-06 5.83104E-06 5.83759E-06 5.68865E-06 5.63981E-06 5.53391E-06 5.54589E-06 5.42000E-06 5.35505E-06 5.29030E-06 5.28992E-06 5.25229E-06 5.11396E-06 5.07017E-06 5.13054E-06 5.12584E-06 4.91755E-06
3.0 9.84510E-06 9.98300E-06 1.01084E-05 1.03027E-05 1.02512E-05 1.04532E-05 1.06472E-05 1.08115E-05 1.08797E-05 1.09797E-05 1.10987E-05 1.11994E-05 1.12957E-05 1.12412E-05 1.14372E-05 1.13124E-05 1.14039E-05 1.14125E-05 1.14795E-05 1.14753E-05 1.14700E-05 1.14446E-05 1.13895E-05 1.13713E-05 1.14324E-05 1.13442E-05 1.14280E-05 1.13390E-05 1.15228E-05 1.16677E-05 1.16495E-05 1.13621E-05 1.16106E-05 1.14979E-05 1.13861E-05 1.14859E-05 1.11752E-05 1.24012E-05 1.13302E-05
10.0 1.42413E-05 1.46187E-05 1.50658E-05 1.55761E-05 1.59807E-05 1.67159E-05 1.72683E-05 1.77868E-05 1.81272E-05 1.86605E-05 1.89090E-05 1.94332E-05 1.95018E-05 1.97779E-05 1.98776E-05 2.00855E-05 2.03717E-05 2.04139E-05 2.04402E-05 2.04314E-05 2.05425E-05 2.07037E-05 2.09200E-05 2.07032E-05 2.07936E-05 2.10433E-05 2.10785E-05 2.10266E-05 2.11793E-05 2.10361E-05 2.16216E-05 2.10850E-05 2.07867E-05 2.13430E-05 2.10254E-05 2.13519E-05 2.13273E-05 2.12967E-05 2.06004E-05
30.0 2.07741E-05 2.12313E-05 2.19661E-05 2.26465E-05 2.31759E-05 2.43079E-05 2.56181E-05 2.66849E-05 2.76418E-05 2.84352E-05 2.91682E-05 3.00116E-05 3.08960E-05 3.13232E-05 3.21196E-05 3.24348E-05 3.29693E-05 3.36667E-05 3.38782E-05 3.44949E-05 3.46998E-05 3.54076E-05 3.52211E-05 3.60323E-05 3.61927E-05 3.64167E-05 3.59639E-05 3.72555E-05 3.69381E-05 3.72578E-05 3.67950E-05 3.68672E-05 3.75402E-05 3.68815E-05 3.65594E-05 3.74454E-05 3.90547E-05 3.87619E-05 3.29704E-05
100.0 3.67818E-05 3.73160E-05 3.85340E-05 4.00587E-05 4.14178E-05 4.35464E-05 4.55893E-05 4.80295E-05 4.94443E-05 5.16995E-05 5.32899E-05 5.49793E-05 5.67926E-05 5.74702E-05 5.97458E-05 6.00095E-05 6.15705E-05 6.28828E-05 6.35517E-05 6.48403E-05 6.59336E-05 6.65561E-05 6.93229E-05 6.74704E-05 6.87577E-05 6.87037E-05 6.96944E-05 7.00088E-05 7.05326E-05 7.03722E-05 7.20228E-05 7.25602E-05 7.13949E-05 7.23324E-05 7.18416E-05 7.32515E-05 7.46887E-05 6.83989E-05 8.14241E-05
