Yield function of production of Ti44 by protons, neutrons, alphas, [(Ti44 atoms * cm2) / (g * prim. part. nucleon)] (computed with Geant4.10).
The primaries are alphas.
Energy[GeV/nuc],depths[g/cm2]: 0 1 3 5 10.03 15.06 20.09 25.12 30.15 35.18 40.21 45.24 50.27 55.3 60.33 65.36 70.39 75.42 80.45 85.48 90.51 95.54 100.57 105.6 110.63 115.66 120.69 125.72 130.75 135.78 140.81 145.84 150.87 155.9 160.93 165.96 170.99 176.02 181.05
0.03 1.06309E-05 1.74559E-07 8.84664E-11 7.74502E-11 6.13829E-11 5.36098E-11 4.57791E-11 4.29568E-11 3.79689E-11 3.47425E-11 3.19436E-11 2.91422E-11 2.79236E-11 2.58517E-11 2.31862E-11 2.17009E-11 2.06445E-11 2.08220E-11 1.88032E-11 1.83689E-11 1.69193E-11 1.68136E-11 1.59786E-11 1.44967E-11 1.46668E-11 1.52575E-11 1.30020E-11 1.33161E-11 1.35084E-11 1.27415E-11 1.21910E-11 1.29115E-11 1.13130E-11 1.01383E-11 1.64079E-11 1.20541E-11 1.33664E-11 8.66431E-12 8.58785E-12
0.1 1.23537E-05 1.10453E-05 8.17885E-06 5.41801E-06 2.68474E-08 2.26607E-08 2.02135E-08 1.87719E-08 1.75887E-08 1.65842E-08 1.57607E-08 1.49260E-08 1.42379E-08 1.36824E-08 1.32971E-08 1.26020E-08 1.22545E-08 1.16191E-08 1.14468E-08 1.10049E-08 1.05891E-08 1.04498E-08 1.00848E-08 9.96943E-09 9.70514E-09 9.51954E-09 9.24972E-09 9.05780E-09 8.99193E-09 9.23662E-09 8.47777E-09 8.48789E-09 8.54012E-09 8.41803E-09 8.78742E-09 8.45674E-09 7.92204E-09 7.23213E-09 6.58216E-09
0.18 1.01087E-05 9.71781E-06 8.52238E-06 7.88990E-06 6.10919E-06 4.44723E-06 2.64264E-06 8.03177E-07 2.26055E-07 2.11574E-07 1.98712E-07 1.88765E-07 1.80410E-07 1.72672E-07 1.66465E-07 1.60313E-07 1.55183E-07 1.50106E-07 1.45716E-07 1.42936E-07 1.38537E-07 1.35318E-07 1.32011E-07 1.30467E-07 1.27687E-07 1.26012E-07 1.23436E-07 1.21201E-07 1.19676E-07 1.18267E-07 1.17957E-07 1.15691E-07 1.13487E-07 1.12357E-07 1.12901E-07 1.10930E-07 1.08750E-07 1.06491E-07 1.16257E-07
0.3 1.08722E-05 1.06229E-05 9.99106E-06 9.45966E-06 8.04352E-06 7.02641E-06 6.25430E-06 5.57047E-06 4.95294E-06 4.38367E-06 3.85185E-06 3.33831E-06 2.81822E-06 2.25322E-06 1.66010E-06 1.21397E-06 1.17412E-06 1.13206E-06 1.09861E-06 1.06851E-06 1.04246E-06 1.01599E-06 9.99602E-07 9.72855E-07 9.56021E-07 9.45858E-07 9.31018E-07 9.10696E-07 9.01960E-07 8.99014E-07 8.87599E-07 8.72559E-07 8.70451E-07 8.62217E-07 8.47528E-07 8.50399E-07 8.56054E-07 8.77481E-07 7.89048E-07
0.56 1.40930E-05 1.42140E-05 1.42069E-05 1.43306E-05 1.37829E-05 1.36609E-05 1.34374E-05 1.32003E-05 1.29200E-05 1.26387E-05 1.23416E-05 1.19908E-05 1.16630E-05 1.14306E-05 1.11081E-05 1.08257E-05 1.04574E-05 1.02578E-05 1.00034E-05 9.71968E-06 9.41257E-06 9.25315E-06 8.95489E-06 8.76983E-06 8.57772E-06 8.43277E-06 8.20598E-06 8.00799E-06 7.90142E-06 7.71747E-06 7.56835E-06 7.49959E-06 7.33109E-06 7.27560E-06 7.10888E-06 6.88671E-06 6.66010E-06 6.43193E-06 6.12383E-06
1.0 1.91558E-05 1.97561E-05 2.03372E-05 2.10243E-05 2.14061E-05 2.21559E-05 2.25365E-05 2.28356E-05 2.30370E-05 2.31858E-05 2.33495E-05 2.33405E-05 2.31855E-05 2.31487E-05 2.32313E-05 2.31807E-05 2.30242E-05 2.28848E-05 2.27800E-05 2.27149E-05 2.24729E-05 2.24734E-05 2.23088E-05 2.20834E-05 2.20218E-05 2.18729E-05 2.18662E-05 2.16284E-05 2.14304E-05 2.13191E-05 2.15509E-05 2.18531E-05 2.13035E-05 2.13489E-05 2.13725E-05 2.12283E-05 2.05890E-05 2.05715E-05 2.01963E-05
3.0 2.95751E-05 3.05820E-05 3.19713E-05 3.32439E-05 3.45288E-05 3.64114E-05 3.77061E-05 3.89107E-05 3.98900E-05 4.06971E-05 4.14251E-05 4.21024E-05 4.25638E-05 4.29484E-05 4.32918E-05 4.37235E-05 4.39538E-05 4.44426E-05 4.46874E-05 4.47283E-05 4.48344E-05 4.48919E-05 4.52333E-05 4.50768E-05 4.51118E-05 4.51931E-05 4.50761E-05 4.52790E-05 4.51185E-05 4.52426E-05 4.53005E-05 4.53222E-05 4.52519E-05 4.52732E-05 4.48636E-05 4.49586E-05 4.59352E-05 4.52629E-05 4.39896E-05
10.0 4.65708E-05 4.84888E-05 5.12498E-05 5.35263E-05 5.65509E-05 6.01668E-05 6.31606E-05 6.56849E-05 6.81437E-05 6.99179E-05 7.16955E-05 7.31028E-05 7.44087E-05 7.59204E-05 7.65404E-05 7.79477E-05 7.88873E-05 7.93887E-05 8.02828E-05 8.13049E-05 8.18552E-05 8.26299E-05 8.33995E-05 8.34003E-05 8.39516E-05 8.43900E-05 8.45902E-05 8.46735E-05 8.51615E-05 8.56538E-05 8.48525E-05 8.49804E-05 8.58150E-05 8.56336E-05 8.52585E-05 8.42602E-05 8.57389E-05 8.37220E-05 8.12933E-05
30.0 7.37200E-05 7.62451E-05 7.95965E-05 8.34838E-05 8.82620E-05 9.30230E-05 9.84917E-05 1.03690E-04 1.07524E-04 1.11088E-04 1.14449E-04 1.17477E-04 1.21029E-04 1.24167E-04 1.26016E-04 1.28223E-04 1.31023E-04 1.34154E-04 1.34820E-04 1.37113E-04 1.39523E-04 1.39520E-04 1.41896E-04 1.42558E-04 1.43514E-04 1.45513E-04 1.45633E-04 1.46543E-04 1.50156E-04 1.51956E-04 1.53084E-04 1.50998E-04 1.51079E-04 1.53793E-04 1.52528E-04 1.50667E-04 1.54338E-04 1.51856E-04 1.58966E-04
100.0 1.24108E-04 1.28578E-04 1.34486E-04 1.41149E-04 1.49865E-04 1.60526E-04 1.70145E-04 1.78398E-04 1.87130E-04 1.97598E-04 2.02675E-04 2.08523E-04 2.17013E-04 2.24610E-04 2.27467E-04 2.32445E-04 2.37867E-04 2.42521E-04 2.48840E-04 2.51078E-04 2.57505E-04 2.60135E-04 2.64204E-04 2.63692E-04 2.64504E-04 2.67680E-04 2.70931E-04 2.67799E-04 2.68425E-04 2.69944E-04 2.74748E-04 2.66613E-04 2.72060E-04 2.70138E-04 2.76684E-04 2.62912E-04 2.62178E-04 2.57192E-04 2.57136E-04
