Yield function of production of Ti44 by protons, neutrons, alphas, pi+ and pi-, [(Ti44 atoms * cm2) / (g * prim. part. nucleon)] (computed with Geant4.10).
The primaries are alphas.
Energy[GeV/nuc],depths[g/cm2]: 1 3 5 10 15 20 30 40 50 60 70 80 90 100 110 120 130 142.4
0.01 3.62760E-06 1.19501E-14 6.94287E-15 6.82944E-15 3.05915E-15 2.43854E-15 1.93662E-15 2.42744E-15 3.21082E-15 2.09102E-15 0.00000E+00 0.00000E+00 0.00000E+00 0.00000E+00 0.00000E+00 0.00000E+00 0.00000E+00 0.00000E+00
0.03 1.34944E-05 1.77503E-07 1.02657E-10 9.22205E-11 7.29744E-11 6.21431E-11 6.14928E-11 4.76099E-11 4.06617E-11 3.50701E-11 3.14657E-11 3.24153E-11 3.03431E-11 2.97525E-11 2.50117E-11 2.70600E-11 2.09242E-11 1.78181E-11
0.1 1.58697E-05 1.41751E-05 1.06265E-05 7.00506E-06 3.27211E-08 2.73805E-08 2.52852E-08 2.24303E-08 2.00650E-08 1.96014E-08 1.72117E-08 1.68661E-08 1.51340E-08 1.63297E-08 1.44293E-08 1.58972E-08 1.24544E-08 1.33129E-08
0.18 1.28549E-05 1.22244E-05 1.11228E-05 1.04354E-05 8.28578E-06 6.02016E-06 3.55937E-06 2.94476E-07 2.65760E-07 2.42978E-07 2.31876E-07 2.20864E-07 2.17940E-07 2.00644E-07 2.04183E-07 1.77710E-07 1.56145E-07 1.83553E-07
0.3 1.40739E-05 1.41373E-05 1.36559E-05 1.30743E-05 1.12507E-05 1.00637E-05 8.62413E-06 6.93200E-06 5.34875E-06 3.99031E-06 2.41699E-06 1.74873E-06 1.58473E-06 1.61893E-06 1.56723E-06 1.61489E-06 1.52002E-06 1.25033E-06
0.56 1.87633E-05 1.89082E-05 1.92802E-05 1.92234E-05 1.98692E-05 1.90577E-05 1.87130E-05 1.86119E-05 1.80331E-05 1.69500E-05 1.64202E-05 1.59317E-05 1.59412E-05 1.48394E-05 1.42127E-05 1.35023E-05 1.45508E-05 1.27695E-05
1.0 2.61482E-05 2.66981E-05 2.76536E-05 2.88130E-05 3.01977E-05 3.11245E-05 3.16426E-05 3.21294E-05 3.29072E-05 3.41981E-05 3.37458E-05 3.32536E-05 3.39210E-05 3.44064E-05 3.34680E-05 3.29078E-05 3.28498E-05 3.63263E-05
3.0 3.82870E-05 3.96692E-05 4.23867E-05 4.32672E-05 4.70754E-05 4.86576E-05 5.03669E-05 5.39077E-05 5.49781E-05 5.59298E-05 5.78359E-05 6.09065E-05 5.88050E-05 5.96916E-05 6.13688E-05 6.01835E-05 6.05650E-05 6.50065E-05
10.0 5.49863E-05 5.78144E-05 6.16318E-05 6.46123E-05 6.97051E-05 7.42597E-05 8.31463E-05 8.12453E-05 8.93956E-05 9.22827E-05 9.73190E-05 9.77492E-05 1.03305E-04 1.04229E-04 1.01544E-04 1.00542E-04 1.03818E-04 9.46053E-05
30.0 8.25178E-05 8.57883E-05 9.01562E-05 9.49559E-05 1.02976E-04 1.11244E-04 1.16309E-04 1.24973E-04 1.34820E-04 1.42332E-04 1.47663E-04 1.48544E-04 1.56690E-04 1.60112E-04 1.79473E-04 1.77493E-04 1.70604E-04 1.97708E-04
100.0 1.24451E-04 1.30466E-04 1.37551E-04 1.46065E-04 1.61472E-04 1.74228E-04 1.80184E-04 2.06759E-04 2.09658E-04 2.61690E-04 2.39959E-04 2.45701E-04 2.58295E-04 2.49508E-04 2.49637E-04 2.73375E-04 2.78155E-04 2.82116E-04
