Yield function of production of Ti44 by protons, neutrons, alphas, pi+ and pi-, [(Ti44 atoms * cm2) / (g * prim. part. nucleon)] (computed with Geant4.10).
The primaries are protons.
Energy[GeV/nuc],depths[g/cm2]: 1 3 5 10 15 20 30 40 50 60 70 80 90 100 110 120 130 142.4
0.01 0.00000E+00 0.00000E+00 0.00000E+00 0.00000E+00 0.00000E+00 0.00000E+00 0.00000E+00 0.00000E+00 0.00000E+00 0.00000E+00 0.00000E+00 0.00000E+00 0.00000E+00 0.00000E+00 0.00000E+00 0.00000E+00 0.00000E+00 0.00000E+00
0.03 9.58329E-09 7.00460E-17 7.22390E-17 7.45399E-17 8.08184E-17 0.00000E+00 0.00000E+00 0.00000E+00 0.00000E+00 0.00000E+00 0.00000E+00 0.00000E+00 0.00000E+00 0.00000E+00 0.00000E+00 0.00000E+00 0.00000E+00 0.00000E+00
0.1 6.46145E-07 2.63217E-07 5.68365E-08 2.36589E-08 3.97691E-10 3.46960E-10 3.08753E-10 2.52710E-10 2.26077E-10 1.78574E-10 1.77042E-10 1.43282E-10 1.38495E-10 1.37062E-10 1.34140E-10 9.81722E-11 8.12697E-11 5.90667E-11
0.18 2.40571E-06 1.76448E-06 1.34203E-06 9.81843E-07 4.48777E-07 1.58269E-07 3.33188E-08 1.34047E-08 1.24452E-08 1.15843E-08 1.01920E-08 1.00416E-08 9.29451E-09 9.47418E-09 8.33450E-09 7.58061E-09 8.24756E-09 5.04399E-09
0.3 5.02547E-06 5.20050E-06 4.39028E-06 3.95098E-06 2.85535E-06 2.19117E-06 1.70760E-06 9.63496E-07 4.97599E-07 2.22286E-07 1.37365E-07 1.28887E-07 1.21929E-07 1.14359E-07 1.12993E-07 1.20979E-07 1.30656E-07 1.55211E-07
0.56 9.64523E-06 9.57491E-06 9.40306E-06 8.98305E-06 8.28636E-06 7.72507E-06 7.39341E-06 6.44205E-06 5.42362E-06 4.82232E-06 4.34614E-06 4.04864E-06 3.57089E-06 3.16004E-06 2.72737E-06 2.56798E-06 2.48346E-06 2.45702E-06
1.0 1.33820E-05 1.38789E-05 1.34388E-05 1.32866E-05 1.27889E-05 1.28037E-05 1.24409E-05 1.19899E-05 1.18187E-05 1.12117E-05 1.09309E-05 1.01888E-05 9.95348E-06 9.60112E-06 9.10987E-06 9.50269E-06 8.49733E-06 1.06943E-05
3.0 1.29526E-05 1.31416E-05 1.34456E-05 1.35790E-05 1.40202E-05 1.43873E-05 1.46702E-05 1.52097E-05 1.52210E-05 1.58697E-05 1.66610E-05 1.61789E-05 1.58250E-05 1.62720E-05 1.72824E-05 1.62669E-05 1.57912E-05 1.66243E-05
10.0 1.74924E-05 1.78134E-05 1.84715E-05 1.87017E-05 2.01641E-05 2.10078E-05 2.15481E-05 2.24959E-05 2.39660E-05 2.37849E-05 2.41053E-05 2.47248E-05 2.51879E-05 2.66206E-05 2.68813E-05 2.62561E-05 2.75901E-05 2.75706E-05
30.0 2.30324E-05 2.38583E-05 2.49245E-05 2.53972E-05 2.61245E-05 2.80773E-05 2.93037E-05 3.23299E-05 3.32240E-05 3.58520E-05 3.56381E-05 3.63284E-05 3.85169E-05 4.00751E-05 3.96563E-05 4.01536E-05 4.25738E-05 4.74333E-05
100.0 3.60242E-05 3.75850E-05 3.89767E-05 3.98353E-05 4.14201E-05 4.29389E-05 4.54390E-05 4.87900E-05 5.51651E-05 5.63795E-05 5.77793E-05 5.79249E-05 6.04325E-05 6.51223E-05 6.48008E-05 6.06389E-05 6.14539E-05 7.68619E-05
