Yield function of production of Ti44 by protons, neutrons, alphas, pi+ and pi-, [(Ti44 atoms * cm2) / (g * prim. part. nucleon)] (computed with Geant4.10).
The primaries are alphas.
Energy[GeV/nuc],depths[g/cm2]: 1 3 10 20 30 40 50 60 70 80 90 100 110 120 130 143.2
0.01 3.62525E-06 4.28842E-15 4.61095E-15 6.42926E-15 6.10948E-15 4.53484E-16 3.69110E-16 1.82134E-15 0.00000E+00 0.00000E+00 0.00000E+00 0.00000E+00 0.00000E+00 0.00000E+00 0.00000E+00 0.00000E+00
0.03 1.34938E-05 1.99571E-07 1.05574E-10 7.47924E-11 5.90676E-11 4.85435E-11 4.42953E-11 3.66792E-11 3.27247E-11 2.91173E-11 2.61728E-11 2.60617E-11 3.03540E-11 2.47435E-11 1.75727E-11 2.24450E-11
0.1 1.57629E-05 1.41918E-05 1.06646E-05 3.27052E-08 2.51409E-08 2.18594E-08 2.01252E-08 1.80342E-08 1.71792E-08 1.63519E-08 1.60215E-08 1.47160E-08 1.43968E-08 1.42881E-08 1.36008E-08 1.29875E-08
0.3 1.39846E-05 1.37728E-05 1.31871E-05 1.12347E-05 8.80303E-06 6.99618E-06 5.54505E-06 4.12414E-06 2.44082E-06 1.71844E-06 1.65988E-06 1.58490E-06 1.50544E-06 1.48297E-06 1.44571E-06 1.47444E-06
1.0 3.88402E-05 4.42582E-05 4.56751E-05 5.54486E-05 5.94983E-05 6.34170E-05 6.88780E-05 6.19347E-05 6.22324E-05 5.77949E-05 6.27964E-05 6.02966E-05 5.78168E-05 5.61288E-05 5.70944E-05 5.43389E-05
3.0 1.13517E-04 1.28982E-04 1.42729E-04 1.85664E-04 2.21073E-04 2.45327E-04 2.32719E-04 2.44116E-04 2.43740E-04 2.52985E-04 2.56141E-04 2.71970E-04 2.69355E-04 2.58925E-04 3.16077E-04 2.50783E-04
10.0 3.49912E-04 3.99809E-04 4.47786E-04 5.61494E-04 6.71960E-04 7.47707E-04 7.91807E-04 8.10956E-04 8.42932E-04 9.18665E-04 8.21872E-04 8.52162E-04 8.76078E-04 9.24261E-04 8.21499E-04 8.17890E-04
30.0 7.74300E-04 8.55398E-04 9.30410E-04 1.15675E-03 1.38787E-03 1.51481E-03 1.62959E-03 1.67738E-03 1.77470E-03 1.83107E-03 1.93526E-03 1.93128E-03 1.92797E-03 1.98544E-03 1.96461E-03 2.06023E-03
100.0 1.58867E-03 1.69906E-03 1.88216E-03 2.18188E-03 2.72327E-03 2.86020E-03 3.14577E-03 3.36391E-03 3.55538E-03 3.59080E-03 3.79509E-03 3.61952E-03 3.59705E-03 3.61931E-03 4.00994E-03 3.50559E-03
