Yield function of production of Ti44 by protons, neutrons, alphas, pi+ and pi-, [(Ti44 atoms * cm2) / (g * prim. part. nucleon)] (computed with Geant4.10).
The primaries are alphas.
Energy[GeV/nuc],depths[g/cm2]: 1 3 10 20 30 40 50 60 70 80 90 100 110 120 130 143.2
0.01 3.62505E-06 4.41095E-15 4.74270E-15 6.61296E-15 6.28404E-15 4.66441E-16 3.79656E-16 1.87338E-15 0.00000E+00 0.00000E+00 0.00000E+00 0.00000E+00 0.00000E+00 0.00000E+00 0.00000E+00 0.00000E+00
0.03 1.33960E-05 1.99842E-07 1.08425E-10 7.68061E-11 6.06534E-11 4.98549E-11 4.54496E-11 3.76540E-11 3.35914E-11 2.98971E-11 2.68631E-11 2.67571E-11 3.11540E-11 2.53618E-11 1.80220E-11 2.29922E-11
0.1 1.57527E-05 1.41801E-05 1.06499E-05 3.29032E-08 2.52952E-08 2.19909E-08 2.02433E-08 1.81412E-08 1.72796E-08 1.64455E-08 1.61091E-08 1.48007E-08 1.44778E-08 1.43679E-08 1.36724E-08 1.30562E-08
0.3 1.39726E-05 1.37554E-05 1.31724E-05 1.12199E-05 8.78764E-06 6.98275E-06 5.53457E-06 4.11692E-06 2.43684E-06 1.71617E-06 1.65692E-06 1.58247E-06 1.49959E-06 1.47843E-06 1.43630E-06 1.47337E-06
1.0 2.62176E-05 2.80433E-05 2.85730E-05 3.11654E-05 3.28470E-05 3.41254E-05 3.49236E-05 3.46122E-05 3.49003E-05 3.44839E-05 3.47566E-05 3.50329E-05 3.36100E-05 3.41931E-05 3.44476E-05 3.31466E-05
3.0 4.15068E-05 4.41181E-05 4.64251E-05 5.30018E-05 5.89745E-05 6.34091E-05 6.49541E-05 6.68453E-05 6.83934E-05 6.86732E-05 7.07478E-05 7.10328E-05 7.40260E-05 7.09520E-05 7.42548E-05 7.04977E-05
10.0 7.00779E-05 7.62064E-05 8.19648E-05 9.51734E-05 1.07995E-04 1.17578E-04 1.26550E-04 1.27053E-04 1.31427E-04 1.40202E-04 1.34546E-04 1.39221E-04 1.42384E-04 1.42195E-04 1.38665E-04 1.34353E-04
30.0 1.17125E-04 1.24198E-04 1.31711E-04 1.54382E-04 1.78267E-04 1.95904E-04 2.06931E-04 2.16168E-04 2.26485E-04 2.33325E-04 2.45705E-04 2.44512E-04 2.46548E-04 2.55395E-04 2.66477E-04 2.46881E-04
100.0 1.91661E-04 2.03505E-04 2.19974E-04 2.55339E-04 3.03071E-04 3.28417E-04 3.57641E-04 3.79891E-04 3.93247E-04 4.00758E-04 4.14407E-04 4.19083E-04 4.11978E-04 4.07974E-04 4.32025E-04 4.40528E-04
