Yield function of production of Ti44 by protons, neutrons, alphas, pi+ and pi-, [(Ti44 atoms * cm2) / (g * prim. part. nucleon)] (computed with Geant4.10).
The primaries are protons.
Energy[GeV/nuc],depths[g/cm2]: 1 3 10 20 30 40 50 60 70 80 90 100 110 120 130 143.2
0.01 2.19644E-17 0.00000E+00 0.00000E+00 0.00000E+00 0.00000E+00 0.00000E+00 0.00000E+00 0.00000E+00 0.00000E+00 0.00000E+00 0.00000E+00 0.00000E+00 0.00000E+00 0.00000E+00 0.00000E+00 0.00000E+00
0.03 9.85684E-09 3.17813E-17 3.31931E-17 3.91577E-17 7.05881E-16 7.91250E-17 2.27614E-16 0.00000E+00 0.00000E+00 0.00000E+00 0.00000E+00 0.00000E+00 0.00000E+00 0.00000E+00 0.00000E+00 0.00000E+00
0.1 6.49935E-07 2.66191E-07 5.91237E-08 4.21225E-10 3.23841E-10 2.75085E-10 2.32249E-10 2.09214E-10 1.82447E-10 1.57701E-10 1.50165E-10 1.41512E-10 1.28238E-10 1.33275E-10 1.01491E-10 1.23713E-10
0.3 5.28858E-06 5.15323E-06 4.46423E-06 2.89726E-06 1.71855E-06 9.84550E-07 5.09470E-07 2.37412E-07 1.34103E-07 1.25647E-07 1.20784E-07 1.24358E-07 1.05646E-07 1.07819E-07 9.08644E-08 8.79449E-08
1.0 1.73086E-05 1.81932E-05 1.99673E-05 2.17722E-05 2.07593E-05 2.16758E-05 2.10842E-05 1.96885E-05 1.94645E-05 1.77090E-05 1.86022E-05 1.80486E-05 1.71740E-05 1.70754E-05 1.48392E-05 1.58362E-05
3.0 3.43814E-05 3.83168E-05 4.20701E-05 5.13600E-05 6.01081E-05 6.28251E-05 6.33739E-05 6.62915E-05 6.69881E-05 7.22415E-05 6.88890E-05 7.12007E-05 6.65450E-05 6.59649E-05 6.44602E-05 7.09307E-05
10.0 9.05572E-05 1.04564E-04 1.18519E-04 1.42363E-04 1.71693E-04 1.90795E-04 1.98066E-04 2.09098E-04 2.23759E-04 2.09485E-04 2.30703E-04 2.23854E-04 2.19845E-04 2.09342E-04 2.27472E-04 2.24854E-04
30.0 1.87523E-04 2.07429E-04 2.21125E-04 2.81262E-04 3.09567E-04 3.48701E-04 3.84385E-04 4.04469E-04 4.25104E-04 4.30104E-04 4.66629E-04 4.38792E-04 4.36648E-04 4.87590E-04 4.79965E-04 4.51768E-04
100.0 3.92831E-04 4.32722E-04 4.56340E-04 5.44444E-04 6.48391E-04 7.22167E-04 7.80283E-04 8.31026E-04 8.78582E-04 9.03078E-04 9.29907E-04 9.45535E-04 9.68239E-04 1.05381E-03 1.07156E-03 1.17863E-03
