Yield function of production of Ti44 by protons, neutrons, alphas, pi+ and pi-, [(Ti44 atoms * cm2) / (g * prim. part. nucleon)] (computed with Geant4.10).
The primaries are protons.
Energy[GeV/nuc],depths[g/cm2]: 1 3 10 20 30 40 50 60 70 80 90 100 110 120 130 143.2
0.01 2.19644E-17 0.00000E+00 0.00000E+00 0.00000E+00 0.00000E+00 0.00000E+00 0.00000E+00 0.00000E+00 0.00000E+00 0.00000E+00 0.00000E+00 0.00000E+00 0.00000E+00 0.00000E+00 0.00000E+00 0.00000E+00
0.03 9.85684E-09 3.17813E-17 3.31931E-17 3.91577E-17 7.05881E-16 7.91250E-17 2.27614E-16 0.00000E+00 0.00000E+00 0.00000E+00 0.00000E+00 0.00000E+00 0.00000E+00 0.00000E+00 0.00000E+00 0.00000E+00
0.1 6.49935E-07 2.66191E-07 5.91237E-08 4.21225E-10 3.23841E-10 2.75085E-10 2.32249E-10 2.09214E-10 1.82447E-10 1.57701E-10 1.50165E-10 1.41512E-10 1.28238E-10 1.33275E-10 1.01491E-10 1.23713E-10
0.3 5.28753E-06 5.15199E-06 4.46369E-06 2.89681E-06 1.71837E-06 9.84480E-07 5.09427E-07 2.37412E-07 1.34103E-07 1.25647E-07 1.20784E-07 1.24358E-07 1.05646E-07 1.07819E-07 9.08644E-08 8.79449E-08
1.0 1.34457E-05 1.34744E-05 1.37402E-05 1.31234E-05 1.22071E-05 1.17647E-05 1.11353E-05 1.08331E-05 1.04825E-05 1.01703E-05 1.03209E-05 9.72685E-06 9.39164E-06 9.22308E-06 9.11037E-06 9.32465E-06
3.0 1.28459E-05 1.32295E-05 1.34730E-05 1.42484E-05 1.45732E-05 1.50524E-05 1.55460E-05 1.55206E-05 1.54935E-05 1.62302E-05 1.60682E-05 1.59174E-05 1.58256E-05 1.59829E-05 1.58605E-05 1.85256E-05
10.0 1.72985E-05 1.79230E-05 1.86339E-05 2.02372E-05 2.14093E-05 2.26295E-05 2.36442E-05 2.46093E-05 2.45568E-05 2.46227E-05 2.52994E-05 2.49931E-05 2.65772E-05 2.54579E-05 2.72501E-05 2.65849E-05
30.0 2.29995E-05 2.36480E-05 2.45466E-05 2.73871E-05 2.91147E-05 3.14127E-05 3.28588E-05 3.39580E-05 3.47836E-05 3.57754E-05 3.73235E-05 3.77083E-05 3.79580E-05 3.91748E-05 3.81620E-05 3.69685E-05
100.0 3.54733E-05 3.65694E-05 3.78739E-05 4.15657E-05 4.67528E-05 4.94041E-05 5.27032E-05 5.53994E-05 5.81044E-05 5.83816E-05 6.45914E-05 6.77918E-05 6.43151E-05 7.33007E-05 7.14356E-05 6.98725E-05
