Yield function of production of Ti44 by protons, neutrons, alphas, pi+ and pi-, [(Ti44 atoms * cm2) / (g * prim. part. nucleon)] (computed with Geant4.10).
The primaries are alphas.
Energy[GeV/nuc],depths[g/cm2]: 1 3 10 20 30 40 50 60 70 80 90 100 110 120 130 143.2
0.01 3.62505E-06 4.41095E-15 4.74270E-15 6.61296E-15 6.28404E-15 4.66441E-16 3.79656E-16 1.87338E-15 0.00000E+00 0.00000E+00 0.00000E+00 0.00000E+00 0.00000E+00 0.00000E+00 0.00000E+00 0.00000E+00
0.03 1.33960E-05 1.99842E-07 1.08425E-10 7.68061E-11 6.06534E-11 4.98549E-11 4.54496E-11 3.76540E-11 3.35914E-11 2.98971E-11 2.68631E-11 2.67571E-11 3.11540E-11 2.53618E-11 1.80220E-11 2.29922E-11
0.1 1.57527E-05 1.41801E-05 1.06499E-05 3.29032E-08 2.52952E-08 2.19909E-08 2.02433E-08 1.81412E-08 1.72796E-08 1.64455E-08 1.61091E-08 1.48007E-08 1.44778E-08 1.43679E-08 1.36724E-08 1.30562E-08
0.3 1.39723E-05 1.37549E-05 1.31720E-05 1.12194E-05 8.78703E-06 6.98218E-06 5.53412E-06 4.11661E-06 2.43668E-06 1.71599E-06 1.65670E-06 1.58228E-06 1.49922E-06 1.47813E-06 1.43575E-06 1.47327E-06
1.0 2.55557E-05 2.71926E-05 2.76759E-05 2.98910E-05 3.14485E-05 3.25883E-05 3.31412E-05 3.31792E-05 3.34667E-05 3.32622E-05 3.32860E-05 3.37085E-05 3.23410E-05 3.30439E-05 3.32609E-05 3.20367E-05
3.0 3.77194E-05 3.96543E-05 4.13594E-05 4.60230E-05 5.04469E-05 5.38387E-05 5.61290E-05 5.75201E-05 5.91696E-05 5.89775E-05 6.09954E-05 6.04622E-05 6.37512E-05 6.10641E-05 6.15327E-05 6.10144E-05
10.0 5.53537E-05 5.91788E-05 6.27154E-05 7.06354E-05 7.83183E-05 8.44194E-05 9.15430E-05 9.10654E-05 9.39869E-05 9.92379E-05 9.83787E-05 1.01706E-04 1.03776E-04 1.01042E-04 1.02734E-04 9.83830E-05
30.0 8.25425E-05 8.57197E-05 8.96805E-05 1.01633E-04 1.14612E-04 1.26497E-04 1.32064E-04 1.39273E-04 1.45011E-04 1.49245E-04 1.56793E-04 1.55747E-04 1.58064E-04 1.64352E-04 1.77114E-04 1.51452E-04
100.0 1.18144E-04 1.24803E-04 1.32501E-04 1.53954E-04 1.75707E-04 1.95181E-04 2.10914E-04 2.22856E-04 2.26837E-04 2.32880E-04 2.36495E-04 2.50659E-04 2.44360E-04 2.38975E-04 2.43732E-04 2.79226E-04
