Yield function of production of Ti44 by protons, neutrons, alphas, pi+ and pi-, [(Ti44 atoms * cm2) / (g * prim. part. nucleon)] (computed with Geant4.10).
The primaries are protons.
Energy[GeV/nuc],depths[g/cm2]: 1 3 10 20 30 40 50 60 70 80 90 100 110 120 130 143.2
0.01 2.13543E-17 0.00000E+00 0.00000E+00 0.00000E+00 0.00000E+00 0.00000E+00 0.00000E+00 0.00000E+00 0.00000E+00 0.00000E+00 0.00000E+00 0.00000E+00 0.00000E+00 0.00000E+00 0.00000E+00 0.00000E+00
0.03 9.58303E-09 3.08985E-17 3.22711E-17 3.80700E-17 6.86273E-16 7.69271E-17 2.21291E-16 0.00000E+00 0.00000E+00 0.00000E+00 0.00000E+00 0.00000E+00 0.00000E+00 0.00000E+00 0.00000E+00 0.00000E+00
0.1 6.47798E-07 2.64093E-07 5.78144E-08 4.09766E-10 3.15056E-10 2.67592E-10 2.25945E-10 2.03546E-10 1.77535E-10 1.53446E-10 1.46080E-10 1.37628E-10 1.24755E-10 1.29693E-10 9.87032E-11 1.20277E-10
0.3 5.29071E-06 5.15515E-06 4.46563E-06 2.89761E-06 1.71830E-06 9.83956E-07 5.08753E-07 2.36759E-07 1.33786E-07 1.25423E-07 1.20575E-07 1.24157E-07 1.05438E-07 1.07617E-07 9.06867E-08 8.77349E-08
1.0 1.73273E-05 1.82131E-05 1.99889E-05 2.17971E-05 2.07870E-05 2.17060E-05 2.11155E-05 1.97216E-05 1.94993E-05 1.77426E-05 1.86352E-05 1.80794E-05 1.72036E-05 1.71044E-05 1.48685E-05 1.58686E-05
3.0 3.43953E-05 3.83315E-05 4.20854E-05 5.13772E-05 6.01272E-05 6.28451E-05 6.33954E-05 6.63136E-05 6.70115E-05 7.22667E-05 6.89134E-05 7.12257E-05 6.65701E-05 6.59915E-05 6.44873E-05 7.09759E-05
10.0 9.05765E-05 1.04584E-04 1.18541E-04 1.42387E-04 1.71720E-04 1.90825E-04 1.98098E-04 2.09132E-04 2.23792E-04 2.09518E-04 2.30738E-04 2.23891E-04 2.19884E-04 2.09378E-04 2.27515E-04 2.24895E-04
30.0 1.87553E-04 2.07459E-04 2.21157E-04 2.81300E-04 3.09607E-04 3.48747E-04 3.84433E-04 4.04517E-04 4.25155E-04 4.30156E-04 4.66686E-04 4.38847E-04 4.36701E-04 4.87645E-04 4.80014E-04 4.51820E-04
100.0 3.92883E-04 4.32775E-04 4.56395E-04 5.44502E-04 6.48465E-04 7.22239E-04 7.80361E-04 8.31106E-04 8.78666E-04 9.03162E-04 9.29998E-04 9.45637E-04 9.68336E-04 1.05392E-03 1.07165E-03 1.17874E-03
