Yield function of production of Ti44 by protons, neutrons, alphas, pi+ and pi-, [(Ti44 atoms * cm2) / (g * prim. part. nucleon)] (computed with Geant4.10).
The primaries are alphas.
Energy[GeV/nuc],depths[g/cm2]: 1 3 10 20 30 40 50 60 70 80 90 100 110 120 130 143.2
0.01 3.62505E-06 4.41095E-15 4.74270E-15 6.61296E-15 6.28404E-15 4.66441E-16 3.79656E-16 1.87338E-15 0.00000E+00 0.00000E+00 0.00000E+00 0.00000E+00 0.00000E+00 0.00000E+00 0.00000E+00 0.00000E+00
0.03 1.33960E-05 1.99842E-07 1.08425E-10 7.68061E-11 6.06534E-11 4.98549E-11 4.54496E-11 3.76540E-11 3.35914E-11 2.98971E-11 2.68631E-11 2.67571E-11 3.11540E-11 2.53618E-11 1.80220E-11 2.29922E-11
0.1 1.57527E-05 1.41801E-05 1.06499E-05 3.29032E-08 2.52952E-08 2.19909E-08 2.02433E-08 1.81412E-08 1.72796E-08 1.64455E-08 1.61091E-08 1.48007E-08 1.44778E-08 1.43679E-08 1.36724E-08 1.30562E-08
0.3 1.39728E-05 1.37559E-05 1.31728E-05 1.12204E-05 8.78826E-06 6.98332E-06 5.53502E-06 4.11722E-06 2.43701E-06 1.71636E-06 1.65713E-06 1.58266E-06 1.49996E-06 1.47873E-06 1.43685E-06 1.47346E-06
1.0 2.68796E-05 2.88940E-05 2.94702E-05 3.24399E-05 3.42455E-05 3.56625E-05 3.67059E-05 3.60452E-05 3.63338E-05 3.57057E-05 3.62272E-05 3.63574E-05 3.48790E-05 3.53423E-05 3.56343E-05 3.42566E-05
3.0 4.52943E-05 4.85819E-05 5.14908E-05 5.99806E-05 6.75021E-05 7.29795E-05 7.37792E-05 7.61705E-05 7.76171E-05 7.83689E-05 8.05002E-05 8.16033E-05 8.43008E-05 8.08400E-05 8.69769E-05 7.99809E-05
10.0 8.48022E-05 9.32341E-05 1.01214E-04 1.19711E-04 1.37672E-04 1.50737E-04 1.61557E-04 1.63041E-04 1.68868E-04 1.81166E-04 1.70714E-04 1.76737E-04 1.80991E-04 1.83349E-04 1.74596E-04 1.70322E-04
30.0 1.51707E-04 1.62675E-04 1.73741E-04 2.07131E-04 2.41922E-04 2.65311E-04 2.81798E-04 2.93063E-04 3.07960E-04 3.17406E-04 3.34617E-04 3.33277E-04 3.35032E-04 3.46437E-04 3.55840E-04 3.42310E-04
100.0 2.65178E-04 2.82208E-04 3.07446E-04 3.56723E-04 4.30436E-04 4.61654E-04 5.04368E-04 5.36927E-04 5.59657E-04 5.68637E-04 5.92319E-04 5.87507E-04 5.79595E-04 5.76973E-04 6.20317E-04 6.01830E-04
