Yield function of production of Ti44 by protons, neutrons, alphas, pi+ and pi-, [(Ti44 atoms * cm2) / (g * prim. part. nucleon)] (computed with Geant4.10).
The primaries are protons.
Energy[GeV/nuc],depths[g/cm2]: 1 3 10 20 30 40 50 60 70 80 90 100 110 120 130 143.2
0.01 2.19644E-17 0.00000E+00 0.00000E+00 0.00000E+00 0.00000E+00 0.00000E+00 0.00000E+00 0.00000E+00 0.00000E+00 0.00000E+00 0.00000E+00 0.00000E+00 0.00000E+00 0.00000E+00 0.00000E+00 0.00000E+00
0.03 9.85684E-09 3.17813E-17 3.31931E-17 3.91577E-17 7.05881E-16 7.91250E-17 2.27614E-16 0.00000E+00 0.00000E+00 0.00000E+00 0.00000E+00 0.00000E+00 0.00000E+00 0.00000E+00 0.00000E+00 0.00000E+00
0.1 6.49935E-07 2.66191E-07 5.91237E-08 4.21225E-10 3.23841E-10 2.75085E-10 2.32249E-10 2.09214E-10 1.82447E-10 1.57701E-10 1.50165E-10 1.41512E-10 1.28238E-10 1.33275E-10 1.01491E-10 1.23713E-10
0.3 5.28758E-06 5.15205E-06 4.46372E-06 2.89684E-06 1.71838E-06 9.84484E-07 5.09430E-07 2.37412E-07 1.34103E-07 1.25647E-07 1.20784E-07 1.24358E-07 1.05646E-07 1.07819E-07 9.08644E-08 8.79449E-08
1.0 1.36388E-05 1.37104E-05 1.40516E-05 1.35558E-05 1.26347E-05 1.22602E-05 1.16328E-05 1.12758E-05 1.09316E-05 1.05472E-05 1.07350E-05 1.01429E-05 9.78075E-06 9.61570E-06 9.39681E-06 9.65023E-06
3.0 1.39227E-05 1.44839E-05 1.49028E-05 1.61040E-05 1.68500E-05 1.74410E-05 1.79374E-05 1.80591E-05 1.80682E-05 1.90308E-05 1.87092E-05 1.86816E-05 1.83616E-05 1.84820E-05 1.82905E-05 2.11458E-05
10.0 2.09614E-05 2.22550E-05 2.36281E-05 2.63434E-05 2.89235E-05 3.10378E-05 3.23653E-05 3.38337E-05 3.45169E-05 3.38658E-05 3.55696E-05 3.49361E-05 3.62406E-05 3.46521E-05 3.72612E-05 3.64983E-05
30.0 3.12257E-05 3.28371E-05 3.43756E-05 4.00809E-05 4.31373E-05 4.72771E-05 5.04351E-05 5.24835E-05 5.42997E-05 5.54919E-05 5.87887E-05 5.77625E-05 5.78924E-05 6.15956E-05 6.02521E-05 5.77084E-05
100.0 5.33412E-05 5.63770E-05 5.87972E-05 6.67096E-05 7.68347E-05 8.30422E-05 8.90821E-05 9.41807E-05 9.91283E-05 1.00616E-04 1.07857E-04 1.11679E-04 1.09511E-04 1.22326E-04 1.21442E-04 1.25310E-04
