Yield function of production of Ti44 by protons, neutrons, alphas, pi+ and pi-, [(Ti44 atoms * cm2) / (g * prim. part. nucleon)] (computed with Geant4.10).
The primaries are protons.
Energy[GeV/nuc],depths[g/cm2]: 1 3 10 20 30 40 50 60 70 80 90 100 110 120 130 143.2
0.01 2.19644E-17 0.00000E+00 0.00000E+00 0.00000E+00 0.00000E+00 0.00000E+00 0.00000E+00 0.00000E+00 0.00000E+00 0.00000E+00 0.00000E+00 0.00000E+00 0.00000E+00 0.00000E+00 0.00000E+00 0.00000E+00
0.03 9.85684E-09 3.17813E-17 3.31931E-17 3.91577E-17 7.05881E-16 7.91250E-17 2.27614E-16 0.00000E+00 0.00000E+00 0.00000E+00 0.00000E+00 0.00000E+00 0.00000E+00 0.00000E+00 0.00000E+00 0.00000E+00
0.1 6.49935E-07 2.66191E-07 5.91237E-08 4.21225E-10 3.23841E-10 2.75085E-10 2.32249E-10 2.09214E-10 1.82447E-10 1.57701E-10 1.50165E-10 1.41512E-10 1.28238E-10 1.33275E-10 1.01491E-10 1.23713E-10
0.3 5.28764E-06 5.15211E-06 4.46375E-06 2.89686E-06 1.71839E-06 9.84487E-07 5.09432E-07 2.37412E-07 1.34103E-07 1.25647E-07 1.20784E-07 1.24358E-07 1.05646E-07 1.07819E-07 9.08644E-08 8.79449E-08
1.0 1.38320E-05 1.39463E-05 1.43629E-05 1.39882E-05 1.30623E-05 1.27558E-05 1.21302E-05 1.17186E-05 1.13807E-05 1.09242E-05 1.11491E-05 1.05590E-05 1.01699E-05 1.00083E-05 9.68325E-06 9.97580E-06
3.0 1.49995E-05 1.57383E-05 1.63327E-05 1.79596E-05 1.91267E-05 1.98296E-05 2.03288E-05 2.05977E-05 2.06429E-05 2.18314E-05 2.13503E-05 2.14457E-05 2.08975E-05 2.09811E-05 2.07205E-05 2.37661E-05
10.0 2.46244E-05 2.65870E-05 2.86224E-05 3.24497E-05 3.64377E-05 3.94460E-05 4.10864E-05 4.30582E-05 4.44771E-05 4.31089E-05 4.58398E-05 4.48792E-05 4.59040E-05 4.38463E-05 4.72723E-05 4.64118E-05
30.0 3.94518E-05 4.20262E-05 4.42045E-05 5.27746E-05 5.71599E-05 6.31416E-05 6.80114E-05 7.10091E-05 7.38157E-05 7.52083E-05 8.02540E-05 7.78167E-05 7.78269E-05 8.40163E-05 8.23422E-05 7.84484E-05
100.0 7.12091E-05 7.61847E-05 7.97205E-05 9.18535E-05 1.06917E-04 1.16680E-04 1.25461E-04 1.32962E-04 1.40152E-04 1.42851E-04 1.51123E-04 1.55566E-04 1.54707E-04 1.71351E-04 1.71448E-04 1.80748E-04
