Yield function of production of Ti44 by protons, neutrons, alphas, pi+ and pi-, [(Ti44 atoms * cm2) / (g * prim. part. nucleon)] (computed with Geant4.10).
The primaries are alphas.
Energy[GeV/nuc],depths[g/cm2]: 1 3 10 20 30 40 50 60 70 80 90 100 110 120 130 143.2
0.01 3.62505E-06 4.41095E-15 4.74270E-15 6.61296E-15 6.28404E-15 4.66441E-16 3.79656E-16 1.87338E-15 0.00000E+00 0.00000E+00 0.00000E+00 0.00000E+00 0.00000E+00 0.00000E+00 0.00000E+00 0.00000E+00
0.03 1.33960E-05 1.99842E-07 1.08425E-10 7.68061E-11 6.06534E-11 4.98549E-11 4.54496E-11 3.76540E-11 3.35914E-11 2.98971E-11 2.68631E-11 2.67571E-11 3.11540E-11 2.53618E-11 1.80220E-11 2.29922E-11
0.1 1.57527E-05 1.41801E-05 1.06499E-05 3.29032E-08 2.52952E-08 2.19909E-08 2.02433E-08 1.81412E-08 1.72796E-08 1.64455E-08 1.61091E-08 1.48007E-08 1.44778E-08 1.43679E-08 1.36724E-08 1.30562E-08
0.3 1.39769E-05 1.37653E-05 1.31801E-05 1.12293E-05 8.79936E-06 6.99360E-06 5.54312E-06 4.12269E-06 2.44002E-06 1.71965E-06 1.66100E-06 1.58608E-06 1.50656E-06 1.48417E-06 1.44677E-06 1.47518E-06
1.0 3.87946E-05 4.42066E-05 4.56192E-05 5.53796E-05 5.94187E-05 6.33301E-05 6.87885E-05 6.18394E-05 6.21373E-05 5.76977E-05 6.26986E-05 6.01971E-05 5.77213E-05 5.60280E-05 5.69941E-05 5.42358E-05
3.0 1.13468E-04 1.28930E-04 1.42673E-04 1.85599E-04 2.20999E-04 2.45247E-04 2.32632E-04 2.44025E-04 2.43645E-04 2.52892E-04 2.56044E-04 2.71873E-04 2.69248E-04 2.58823E-04 3.15975E-04 2.50680E-04
10.0 3.49839E-04 3.99731E-04 4.47703E-04 5.61396E-04 6.71852E-04 7.47590E-04 7.91681E-04 8.10825E-04 8.42794E-04 9.18524E-04 8.21733E-04 8.52016E-04 8.75927E-04 9.24114E-04 8.21355E-04 8.17775E-04
30.0 7.74184E-04 8.55277E-04 9.30285E-04 1.15661E-03 1.38771E-03 1.51463E-03 1.62940E-03 1.67718E-03 1.77450E-03 1.83086E-03 1.93504E-03 1.93105E-03 1.92774E-03 1.98520E-03 1.96438E-03 2.06004E-03
100.0 1.58848E-03 1.69886E-03 1.88195E-03 2.18165E-03 2.72300E-03 2.85991E-03 3.14545E-03 3.36357E-03 3.55504E-03 3.59044E-03 3.79473E-03 3.61914E-03 3.59671E-03 3.61896E-03 4.00958E-03 3.50527E-03
