Yield function of production of Ti44 by protons, neutrons, alphas, [(Ti44 atoms * cm2) / (g * prim. part. nucleon)] (computed with Geant4.10).
The primaries are alphas.
Energy[GeV/nuc],depths[g/cm2]: 0 1 3 5 12.04 19.08 26.12 33.16 40.2 47.24 54.28 61.32 68.36 75.4 82.44 89.48 96.52 103.56 110.6 117.64 124.68 131.72 138.76 145.8 152.84 159.88 166.92 173.96 181 188.04 195.08 202.12 209.16 216.2
0.03 9.51775E-06 1.58470E-07 1.13274E-10 9.00260E-11 6.67918E-11 5.61495E-11 4.86519E-11 4.24916E-11 3.73046E-11 3.24911E-11 3.45276E-11 3.16029E-11 2.49947E-11 2.80850E-11 2.12656E-11 2.06617E-11 1.60260E-11 2.29993E-11 1.37273E-11 1.45324E-11 1.05543E-11 1.16323E-11 1.20726E-11 1.07723E-11 9.71187E-12 9.26428E-12 1.04795E-11 1.15294E-11 1.01022E-11 1.33062E-11 1.38545E-11 7.03506E-12 2.54464E-13 1.05065E-12
0.1 1.10104E-05 9.82665E-06 7.28662E-06 4.82586E-06 2.02836E-08 1.66154E-08 1.47108E-08 1.33165E-08 1.23293E-08 1.17011E-08 1.06241E-08 9.66059E-09 9.30187E-09 8.34211E-09 8.11067E-09 7.75870E-09 7.40650E-09 6.98348E-09 6.83291E-09 6.40564E-09 6.97612E-09 6.14024E-09 6.41498E-09 6.33367E-09 6.13024E-09 5.04948E-09 4.75954E-09 4.80356E-09 4.33329E-09 4.76968E-09 3.44075E-09 4.04863E-09 3.47329E-09 6.17161E-09
0.18 8.75128E-06 8.40340E-06 7.46916E-06 6.97057E-06 4.71763E-06 2.60412E-06 4.01399E-07 1.67151E-07 1.53241E-07 1.44354E-07 1.31912E-07 1.25555E-07 1.14566E-07 1.08670E-07 1.07869E-07 1.05117E-07 9.89076E-08 9.44794E-08 9.14696E-08 9.09241E-08 8.61857E-08 8.39872E-08 8.33011E-08 8.42407E-08 7.67416E-08 7.77136E-08 8.07263E-08 7.01859E-08 7.45326E-08 6.02684E-08 6.49707E-08 6.89155E-08 6.94686E-08 1.21981E-07
0.3 9.51250E-06 9.66809E-06 8.44383E-06 8.56292E-06 6.29189E-06 5.32369E-06 4.48715E-06 3.73792E-06 3.11758E-06 2.50852E-06 1.87318E-06 1.23211E-06 9.17150E-07 8.75176E-07 8.07374E-07 7.91064E-07 7.45636E-07 7.11154E-07 6.98561E-07 6.69008E-07 6.68732E-07 6.45249E-07 6.15325E-07 6.25164E-07 6.11989E-07 5.93609E-07 7.25902E-07 5.72470E-07 5.21421E-07 5.37834E-07 6.17383E-07 6.63950E-07 3.82243E-07 3.30523E-07
0.56 1.20404E-05 1.19095E-05 1.18629E-05 1.18864E-05 1.11508E-05 1.10982E-05 1.05792E-05 1.03429E-05 9.83806E-06 9.71289E-06 8.92874E-06 8.59733E-06 8.35621E-06 7.71198E-06 7.52043E-06 7.31222E-06 6.96976E-06 6.62665E-06 6.34611E-06 6.06933E-06 5.82538E-06 5.57982E-06 5.24858E-06 5.08314E-06 4.99343E-06 4.92083E-06 4.88255E-06 4.95865E-06 4.60755E-06 4.65884E-06 4.43252E-06 4.90908E-06 5.15392E-06 5.51931E-06
1.0 1.59787E-05 1.64525E-05 1.72116E-05 1.73684E-05 1.76443E-05 1.82760E-05 1.91916E-05 1.90300E-05 1.83729E-05 1.84744E-05 1.86703E-05 1.87144E-05 1.81630E-05 1.82582E-05 1.77749E-05 1.82983E-05 1.77494E-05 1.73404E-05 1.75156E-05 1.69763E-05 1.93713E-05 1.69283E-05 1.74722E-05 1.62662E-05 1.61977E-05 1.62249E-05 1.57741E-05 1.61243E-05 1.65548E-05 1.85373E-05 1.47841E-05 1.85225E-05 1.89080E-05 1.52383E-05
3.0 2.48464E-05 2.59737E-05 2.72697E-05 2.85132E-05 3.01708E-05 3.17670E-05 3.28420E-05 3.43045E-05 3.43195E-05 3.52680E-05 3.55765E-05 3.64680E-05 3.70377E-05 3.64286E-05 3.66732E-05 3.85573E-05 3.73950E-05 3.73568E-05 3.85929E-05 3.76246E-05 3.70104E-05 3.62868E-05 3.56166E-05 3.68630E-05 3.91275E-05 3.84071E-05 3.65653E-05 3.70205E-05 3.68402E-05 3.56745E-05 3.66998E-05 3.73853E-05 3.27596E-05 2.95385E-05
10.0 3.95251E-05 4.16750E-05 4.32258E-05 4.50219E-05 4.80716E-05 5.08833E-05 5.41773E-05 5.70083E-05 5.90221E-05 6.04147E-05 6.27321E-05 6.42064E-05 6.58280E-05 6.45976E-05 6.60011E-05 6.71388E-05 6.76330E-05 6.93310E-05 6.91305E-05 7.14060E-05 7.09852E-05 7.13423E-05 7.16182E-05 7.30467E-05 7.27535E-05 6.99954E-05 7.05247E-05 7.08124E-05 7.37453E-05 7.49806E-05 7.20157E-05 6.98079E-05 6.66641E-05 7.51008E-05
30.0 6.38433E-05 6.65252E-05 6.95629E-05 7.12671E-05 7.68938E-05 8.30574E-05 8.93580E-05 9.40741E-05 9.85719E-05 1.02287E-04 1.03873E-04 1.09165E-04 1.11257E-04 1.14001E-04 1.18865E-04 1.15644E-04 1.21778E-04 1.19898E-04 1.22946E-04 1.18241E-04 1.20303E-04 1.20722E-04 1.22324E-04 1.23943E-04 1.22801E-04 1.28084E-04 1.28259E-04 1.31305E-04 1.25290E-04 1.21130E-04 1.34780E-04 1.24001E-04 1.10677E-04 9.86371E-05
100.0 1.07030E-04 1.10142E-04 1.17638E-04 1.24410E-04 1.29405E-04 1.40284E-04 1.51538E-04 1.63044E-04 1.68643E-04 1.79557E-04 1.92723E-04 2.04944E-04 2.09321E-04 2.24981E-04 2.29669E-04 2.22287E-04 2.18267E-04 2.30460E-04 2.21640E-04 2.26658E-04 2.27886E-04 2.21686E-04 2.24010E-04 2.22102E-04 2.20603E-04 2.56171E-04 2.19253E-04 1.88185E-04 1.77856E-04 1.81085E-04 2.02818E-04 2.14073E-04 2.26758E-04 2.79354E-04
