Yield function of production of Ti44 by protons, neutrons, alphas, [(Ti44 atoms * cm2) / (g * prim. part. nucleon)] (computed with Geant4.10).
The primaries are protons.
Energy[GeV/nuc],depths[g/cm2]: 0 1 3 5 12.04 19.08 26.12 33.16 40.2 47.24 54.28 61.32 68.36 75.4 82.44 89.48 96.52 103.56 110.6 117.64 124.68 131.72 138.76 145.8 152.84 159.88 166.92 173.96 181 188.04 195.08 202.12 209.16 216.2
0.03 1.06824E-08 3.35129E-16 3.45446E-16 3.60197E-16 1.07742E-16 1.19888E-16 0.00000E+00 0.00000E+00 0.00000E+00 0.00000E+00 0.00000E+00 0.00000E+00 0.00000E+00 0.00000E+00 0.00000E+00 0.00000E+00 0.00000E+00 0.00000E+00 0.00000E+00 0.00000E+00 0.00000E+00 0.00000E+00 0.00000E+00 0.00000E+00 0.00000E+00 0.00000E+00 0.00000E+00 0.00000E+00 0.00000E+00 0.00000E+00 0.00000E+00 0.00000E+00 0.00000E+00 0.00000E+00
0.1 4.93867E-07 2.17403E-07 5.71102E-08 2.56775E-08 3.77542E-10 3.06319E-10 2.51380E-10 2.34925E-10 1.85357E-10 1.61994E-10 1.41478E-10 1.33848E-10 1.22204E-10 1.13355E-10 1.04917E-10 8.30495E-11 7.80307E-11 7.90066E-11 7.62635E-11 7.39855E-11 6.60788E-11 6.56567E-11 5.80134E-11 6.41643E-11 5.35318E-11 6.55709E-11 4.65492E-11 8.23356E-11 3.73009E-11 6.90242E-11 8.75234E-11 6.08465E-11 5.41424E-11 2.80376E-10
0.18 1.67918E-06 1.22928E-06 9.33734E-07 6.90602E-07 2.16978E-07 3.71586E-08 9.67232E-09 8.49901E-09 7.61802E-09 7.05357E-09 6.47446E-09 6.01959E-09 5.53702E-09 5.45358E-09 5.24970E-09 5.88090E-09 4.41835E-09 4.09805E-09 3.97919E-09 4.26423E-09 4.42711E-09 3.96591E-09 3.59553E-09 3.53423E-09 4.08983E-09 3.15408E-09 3.33266E-09 3.82303E-09 3.09176E-09 2.79612E-09 2.69512E-09 3.06035E-09 6.47730E-09 6.31980E-09
0.3 3.55294E-06 3.38078E-06 2.89858E-06 2.47888E-06 1.62789E-06 1.12271E-06 7.55097E-07 4.88654E-07 3.00453E-07 1.65886E-07 9.45012E-08 7.09141E-08 6.65041E-08 6.81689E-08 6.20471E-08 5.96642E-08 6.17193E-08 6.12062E-08 5.57247E-08 5.28583E-08 4.97811E-08 4.81216E-08 4.39387E-08 4.41945E-08 4.44733E-08 4.78336E-08 4.52826E-08 3.93679E-08 4.03544E-08 4.10062E-08 4.38818E-08 2.73599E-08 2.78251E-08 7.92360E-08
0.56 6.32874E-06 6.55864E-06 5.96307E-06 5.82380E-06 4.86875E-06 4.29789E-06 3.86226E-06 3.45507E-06 3.18440E-06 2.75636E-06 2.44926E-06 2.14867E-06 1.89829E-06 1.75258E-06 1.51960E-06 1.36872E-06 1.22903E-06 1.06465E-06 9.32624E-07 8.04103E-07 7.57904E-07 6.35937E-07 5.47284E-07 4.87577E-07 4.36422E-07 3.95832E-07 3.99861E-07 3.72636E-07 4.24219E-07 4.00508E-07 4.29646E-07 3.63336E-07 3.11818E-07 1.10171E-07
1.0 8.42454E-06 8.75609E-06 8.30830E-06 8.36085E-06 7.76278E-06 7.32482E-06 6.89025E-06 6.46037E-06 6.51488E-06 5.98136E-06 5.97539E-06 5.52561E-06 5.31821E-06 5.18377E-06 5.14091E-06 4.65517E-06 4.59679E-06 4.55751E-06 4.32816E-06 4.30694E-06 4.07331E-06 4.24000E-06 4.02098E-06 3.80153E-06 4.09505E-06 3.62341E-06 3.57769E-06 4.41632E-06 3.32498E-06 3.40511E-06 3.23726E-06 3.23526E-06 3.27727E-06 2.39801E-06
3.0 8.49359E-06 8.57853E-06 8.70103E-06 8.77634E-06 8.87730E-06 9.01348E-06 8.99749E-06 9.32736E-06 9.68497E-06 9.56262E-06 9.42149E-06 9.39762E-06 9.85437E-06 9.47932E-06 9.45817E-06 9.50423E-06 9.80544E-06 9.45085E-06 9.58697E-06 1.02436E-05 9.50385E-06 9.25386E-06 1.04135E-05 1.02868E-05 9.36677E-06 9.31422E-06 9.24184E-06 9.38318E-06 9.02439E-06 9.51991E-06 9.23203E-06 9.08324E-06 8.39510E-06 9.04331E-06
10.0 1.20611E-05 1.24067E-05 1.28910E-05 1.31724E-05 1.34432E-05 1.39528E-05 1.45913E-05 1.51478E-05 1.56383E-05 1.58960E-05 1.63478E-05 1.60896E-05 1.60053E-05 1.62685E-05 1.66271E-05 1.68751E-05 1.71027E-05 1.80166E-05 1.73004E-05 1.72082E-05 1.67398E-05 1.69335E-05 1.69356E-05 1.74749E-05 1.77040E-05 1.75649E-05 1.76592E-05 1.76312E-05 1.67237E-05 1.66317E-05 1.57958E-05 1.73437E-05 1.57424E-05 1.62109E-05
30.0 1.79618E-05 1.80536E-05 1.86974E-05 1.88169E-05 1.98519E-05 2.09386E-05 2.26826E-05 2.35251E-05 2.44994E-05 2.49373E-05 2.60279E-05 2.73605E-05 2.72627E-05 2.79428E-05 2.82589E-05 2.87258E-05 3.10419E-05 2.94673E-05 3.01877E-05 3.06747E-05 3.09369E-05 3.04012E-05 3.17420E-05 3.11232E-05 3.06249E-05 3.18235E-05 3.11708E-05 3.22403E-05 3.09459E-05 3.09426E-05 2.99879E-05 2.88553E-05 2.43045E-05 4.04006E-05
100.0 3.08646E-05 3.14898E-05 3.28622E-05 3.33139E-05 3.49223E-05 3.81883E-05 4.10715E-05 4.18340E-05 4.41061E-05 4.61843E-05 4.86746E-05 4.87297E-05 5.15769E-05 5.14941E-05 5.25271E-05 5.48110E-05 5.43211E-05 5.73497E-05 7.08077E-05 6.05788E-05 5.74759E-05 5.84875E-05 6.02144E-05 6.03611E-05 6.33568E-05 6.43832E-05 6.21156E-05 6.49852E-05 6.10975E-05 6.97396E-05 6.36003E-05 6.54515E-05 6.59810E-05 5.98989E-05
