Yield function of production of Ti44 by protons, neutrons, alphas, [(Ti44 atoms * cm2) / (g * prim. part. nucleon)] (computed with Geant4.10).
The primaries are protons.
Energy[GeV/nuc],depths[g/cm2]: 1 3 5 10 15 20 30 40 50 60 70 80 90 100 110 120 130 135 141.6
0.01 6.79186E-08 0.00000E+00 0.00000E+00 0.00000E+00 0.00000E+00 0.00000E+00 0.00000E+00 0.00000E+00 0.00000E+00 0.00000E+00 0.00000E+00 0.00000E+00 0.00000E+00 0.00000E+00 0.00000E+00 0.00000E+00 0.00000E+00 0.00000E+00 0.00000E+00
0.03 1.31365E-07 4.52770E-09 5.40044E-13 4.32533E-13 2.81870E-13 2.33563E-13 1.64653E-13 1.03861E-13 9.81205E-14 4.96235E-14 4.80239E-14 2.69892E-14 2.94732E-15 4.19254E-15 1.76518E-15 0.00000E+00 0.00000E+00 0.00000E+00 0.00000E+00
0.1 2.80762E-07 2.84167E-07 2.47505E-07 1.82895E-07 2.88808E-09 2.59830E-09 2.28703E-09 1.95282E-09 1.61953E-09 1.64985E-09 1.13626E-09 1.11471E-09 1.07844E-09 9.73178E-10 9.07668E-10 8.66598E-10 9.74780E-10 7.50343E-10 2.72978E-10
0.18 2.68169E-07 2.72243E-07 2.55662E-07 2.32452E-07 1.96210E-07 1.55472E-07 1.07016E-07 1.68894E-08 1.50755E-08 1.32598E-08 1.19595E-08 1.11265E-08 1.07410E-08 1.03589E-08 9.66514E-09 9.65912E-09 9.10593E-09 8.66092E-09 8.79931E-09
0.3 2.72147E-07 2.69283E-07 2.86681E-07 2.89470E-07 2.64626E-07 2.54123E-07 2.26553E-07 2.01129E-07 1.61961E-07 1.26243E-07 7.39991E-08 5.01920E-08 4.86718E-08 4.61819E-08 4.82075E-08 4.88336E-08 4.43532E-08 4.34104E-08 3.33605E-08
0.56 1.23139E-06 1.66651E-06 3.68160E-06 2.32058E-06 2.85516E-06 1.85055E-06 1.55411E-06 1.37735E-06 1.28638E-06 8.75751E-07 6.84507E-07 5.82539E-07 5.47509E-07 4.82591E-07 4.35804E-07 4.71269E-07 3.95606E-07 3.35251E-07 3.53087E-07
1.0 7.75120E-06 1.10727E-05 1.25352E-05 1.29939E-05 1.40664E-05 1.56182E-05 1.53017E-05 1.64923E-05 1.63039E-05 1.48360E-05 1.79263E-05 1.45287E-05 1.55122E-05 1.30091E-05 1.40629E-05 1.43618E-05 1.40730E-05 1.30738E-05 1.99758E-05
3.0 4.15719E-05 4.87092E-05 5.39989E-05 6.63168E-05 7.93370E-05 8.60634E-05 8.10909E-05 9.46174E-05 9.22938E-05 1.07794E-04 9.69526E-05 1.15928E-04 9.55841E-05 1.01587E-04 1.01082E-04 9.70943E-05 9.61691E-05 9.29312E-05 1.25327E-04
10.0 1.52052E-04 1.67173E-04 1.95610E-04 2.24879E-04 2.55667E-04 2.76961E-04 3.12062E-04 3.23744E-04 3.62515E-04 3.49562E-04 3.59354E-04 5.40435E-04 4.35277E-04 3.77022E-04 3.80855E-04 4.47924E-04 5.43092E-04 4.15992E-04 4.20374E-04
30.0 3.49507E-04 3.88789E-04 4.57116E-04 4.77779E-04 5.28204E-04 5.86493E-04 6.65872E-04 6.69964E-04 7.79983E-04 8.21843E-04 8.07236E-04 9.06785E-04 8.88521E-04 9.24926E-04 8.88661E-04 9.67549E-04 9.51067E-04 9.46141E-04 9.43545E-04
100.0 8.42028E-04 8.98148E-04 9.71557E-04 1.06105E-03 1.25615E-03 1.37080E-03 1.45248E-03 1.61580E-03 1.79826E-03 1.91868E-03 1.87214E-03 2.08539E-03 2.33445E-03 2.00695E-03 2.00435E-03 2.20371E-03 2.01141E-03 2.07316E-03 1.85403E-03
