Yield function of production of Ti44 by protons, neutrons, alphas, [(Ti44 atoms * cm2) / (g * prim. part. nucleon)] (computed with Geant4.10).
The primaries are protons.
Energy[GeV/nuc],depths[g/cm2]: 1 3 5 10 15 20 30 40 50 60 70 80 90 100 110 120 130 135 141.6
0.01 9.61777E-05 1.79626E-08 1.64236E-08 1.41866E-08 1.43484E-08 1.31045E-08 1.18436E-08 1.04112E-08 8.89808E-09 7.19304E-09 8.53792E-09 3.49942E-09 4.15738E-09 1.75674E-09 2.93677E-09 1.79025E-09 1.31087E-09 2.72540E-09 0.00000E+00
0.03 9.76265E-05 1.50985E-05 3.24944E-07 3.01137E-07 2.84781E-07 2.71728E-07 2.59499E-07 2.28005E-07 2.01647E-07 1.68347E-07 1.51832E-07 1.23697E-07 1.01254E-07 9.04438E-08 7.42428E-08 6.11081E-08 5.13702E-08 4.67719E-08 3.56503E-08
0.1 1.07361E-04 9.79597E-05 7.72722E-05 5.72572E-05 1.06472E-05 1.03839E-05 9.98946E-06 9.87691E-06 8.98905E-06 8.07006E-06 7.57776E-06 6.91754E-06 6.26119E-06 5.78522E-06 6.17187E-06 5.09220E-06 4.48326E-06 5.56483E-06 3.53848E-06
0.18 2.68724E-05 4.00951E-05 5.32681E-05 6.15494E-05 8.56201E-05 8.93149E-05 7.30516E-05 4.64373E-05 4.43438E-05 4.24365E-05 3.93365E-05 3.80322E-05 3.52400E-05 3.35710E-05 3.27799E-05 3.11862E-05 3.26000E-05 3.24609E-05 2.89492E-05
0.3 4.81418E-05 5.88017E-05 7.37016E-05 8.66758E-05 1.13944E-04 1.32447E-04 1.42678E-04 1.65616E-04 1.71797E-04 1.76103E-04 1.55877E-04 1.45206E-04 1.40073E-04 1.31687E-04 1.29123E-04 1.22955E-04 1.20817E-04 1.09286E-04 1.10453E-04
0.56 9.67973E-05 1.17999E-04 1.45774E-04 1.69448E-04 2.21318E-04 2.67742E-04 3.05337E-04 3.73788E-04 4.11327E-04 4.50151E-04 4.75455E-04 4.92691E-04 5.09287E-04 5.30661E-04 5.39751E-04 5.31246E-04 5.13895E-04 5.45454E-04 5.41424E-04
1.0 1.67595E-04 1.99666E-04 2.50910E-04 2.92022E-04 3.86410E-04 4.61595E-04 5.39180E-04 6.50759E-04 7.50902E-04 8.24936E-04 8.79007E-04 9.23240E-04 9.71800E-04 1.01389E-03 1.00879E-03 1.01078E-03 1.11752E-03 1.00378E-03 9.66791E-04
3.0 3.42341E-04 4.06872E-04 5.08294E-04 5.92128E-04 7.94048E-04 9.64003E-04 1.14243E-03 1.39294E-03 1.62386E-03 1.79967E-03 1.97756E-03 2.10905E-03 2.17395E-03 2.26223E-03 2.34471E-03 2.34670E-03 2.35520E-03 2.32723E-03 2.30191E-03
10.0 8.51816E-04 1.01429E-03 1.25571E-03 1.47232E-03 1.95462E-03 2.39113E-03 2.77063E-03 3.45850E-03 4.04447E-03 4.55270E-03 4.84053E-03 5.18303E-03 5.39775E-03 5.54701E-03 5.83857E-03 5.95659E-03 5.70602E-03 5.72036E-03 5.96593E-03
30.0 1.37377E-03 1.63085E-03 2.02022E-03 2.39222E-03 3.17730E-03 3.89000E-03 4.56037E-03 5.78410E-03 6.82026E-03 7.79548E-03 8.52307E-03 9.28351E-03 9.90364E-03 1.02950E-02 1.06252E-02 1.10456E-02 1.10941E-02 1.08091E-02 1.07941E-02
100.0 2.83011E-03 3.35049E-03 4.17465E-03 4.95853E-03 6.61424E-03 8.17098E-03 9.45063E-03 1.19557E-02 1.40823E-02 1.61085E-02 1.76689E-02 1.89103E-02 1.99433E-02 2.06587E-02 2.13595E-02 2.22080E-02 2.23140E-02 2.34383E-02 2.23723E-02
