Yield function of production of Ti44 by protons, neutrons, alphas, [(Ti44 atoms * cm2) / (g * prim. part. nucleon)] (computed with Geant4.10).
The primaries are alphas.
Energy[GeV/nuc],depths[g/cm2]: 1 3 5 10 15 20 30 40 50 60 70 80 90 100 110 120 130 135 141.6
0.01 7.17057E-07 6.72411E-13 5.19034E-13 3.81904E-13 3.89429E-13 2.70770E-13 1.92294E-13 1.33944E-13 6.35639E-14 4.39963E-14 1.75021E-14 2.42129E-14 3.64555E-15 5.69172E-15 1.03782E-14 0.00000E+00 0.00000E+00 0.00000E+00 0.00000E+00
0.03 4.00057E-07 5.21619E-08 7.88957E-10 6.53679E-10 5.30054E-10 4.47790E-10 4.18844E-10 3.35971E-10 2.74799E-10 2.30672E-10 2.18150E-10 1.86102E-10 1.59504E-10 1.71415E-10 1.46161E-10 1.60244E-10 1.00411E-10 9.09661E-11 1.93302E-10
0.1 2.87123E-07 2.87299E-07 2.53027E-07 2.06018E-07 4.18942E-08 3.60127E-08 3.26515E-08 2.71788E-08 2.45134E-08 2.17061E-08 2.06173E-08 1.97831E-08 1.82952E-08 1.74273E-08 1.65902E-08 1.38468E-08 1.42441E-08 1.27624E-08 1.89098E-08
0.18 3.08504E-07 3.44310E-07 3.47801E-07 3.46903E-07 3.30096E-07 2.87768E-07 2.45402E-07 1.52654E-07 1.38839E-07 1.22197E-07 1.14043E-07 1.08859E-07 1.04108E-07 9.94897E-08 9.59429E-08 9.37180E-08 9.59004E-08 7.84452E-08 8.74550E-08
0.3 4.29949E-07 4.68619E-07 5.10077E-07 5.40035E-07 5.69697E-07 5.81132E-07 5.92497E-07 5.66216E-07 5.39032E-07 5.01730E-07 4.76510E-07 4.22751E-07 4.00711E-07 3.86137E-07 3.78517E-07 3.60061E-07 3.81794E-07 3.29585E-07 3.42513E-07
0.56 7.37562E-07 7.93337E-07 8.60119E-07 9.35449E-07 1.01312E-06 1.08774E-06 1.16352E-06 1.19488E-06 1.22868E-06 1.31826E-06 1.28695E-06 1.32957E-06 1.33576E-06 1.33588E-06 1.30377E-06 1.35693E-06 1.35027E-06 1.39158E-06 1.18076E-06
1.0 1.05427E-06 1.13730E-06 1.25344E-06 1.33225E-06 1.45263E-06 1.57304E-06 1.66607E-06 1.78844E-06 1.89425E-06 1.96289E-06 1.99616E-06 2.08037E-06 2.09143E-06 2.11880E-06 2.41037E-06 2.09501E-06 2.05639E-06 2.13374E-06 2.08002E-06
3.0 1.87504E-06 2.04248E-06 2.18907E-06 2.36886E-06 2.62037E-06 2.77238E-06 2.97802E-06 3.28056E-06 3.46942E-06 3.68403E-06 3.81507E-06 4.01725E-06 4.09993E-06 4.07298E-06 4.15356E-06 4.09056E-06 4.16744E-06 3.94422E-06 5.53537E-06
10.0 3.65033E-06 3.88593E-06 4.22076E-06 4.52492E-06 5.16810E-06 5.47997E-06 6.05688E-06 6.54523E-06 7.01089E-06 7.43258E-06 7.92033E-06 8.07553E-06 8.30469E-06 8.42595E-06 8.32475E-06 8.57190E-06 8.50451E-06 8.65235E-06 7.41235E-06
30.0 6.33459E-06 6.71610E-06 7.25601E-06 7.80101E-06 8.71255E-06 9.43752E-06 1.01701E-05 1.11620E-05 1.23908E-05 1.30938E-05 1.39734E-05 1.44733E-05 1.49501E-05 1.59342E-05 1.57633E-05 1.65838E-05 1.74797E-05 1.69988E-05 1.52361E-05
100.0 1.17326E-05 1.24154E-05 1.35727E-05 1.43194E-05 1.64159E-05 1.73215E-05 1.84558E-05 2.03148E-05 2.23840E-05 2.37030E-05 2.53115E-05 2.58237E-05 2.76683E-05 2.82563E-05 2.83134E-05 3.34346E-05 3.05911E-05 2.62549E-05 2.84106E-05
