Yield function of production of Ti44 by protons, neutrons, alphas, [(Ti44 atoms * cm2) / (g * prim. part. nucleon)] (computed with Geant4.10).
The primaries are alphas.
Energy[GeV/nuc],depths[g/cm2]: 1 3 5 10 15 20 30 40 50 60 70 80 90 100 110 120 130 135 141.6
0.01 1.58653E-04 1.89570E-07 1.63224E-07 1.56768E-07 1.52897E-07 1.35647E-07 1.32317E-07 1.16821E-07 9.96842E-08 8.85967E-08 7.79804E-08 6.21471E-08 6.24488E-08 5.06330E-08 3.91928E-08 2.55802E-08 2.24687E-08 1.96154E-08 8.70520E-09
0.03 1.62139E-04 2.87593E-05 2.74319E-06 2.63456E-06 2.55455E-06 2.46890E-06 2.46603E-06 2.29302E-06 2.18748E-06 1.92971E-06 1.69965E-06 1.55045E-06 1.40734E-06 1.29013E-06 1.15148E-06 1.05506E-06 1.15052E-06 1.05136E-06 1.54501E-06
0.1 2.74140E-04 2.54000E-04 2.11716E-04 1.68137E-04 7.16849E-05 7.14808E-05 7.20781E-05 7.17355E-05 6.90264E-05 6.65427E-05 6.19937E-05 5.98792E-05 5.59819E-05 5.19030E-05 5.19230E-05 4.95806E-05 4.60666E-05 4.63490E-05 4.11371E-05
0.18 3.51606E-04 3.64433E-04 3.64623E-04 3.65995E-04 3.65249E-04 3.51911E-04 3.33754E-04 2.94201E-04 2.98758E-04 2.93518E-04 2.83435E-04 2.78723E-04 2.69841E-04 2.63579E-04 2.54131E-04 2.56653E-04 2.60088E-04 2.58744E-04 2.57389E-04
0.3 2.38151E-04 3.12744E-04 4.34869E-04 5.27932E-04 6.50970E-04 7.19019E-04 7.89265E-04 8.62303E-04 9.10894E-04 9.21743E-04 9.18198E-04 9.02981E-04 8.94964E-04 8.68182E-04 8.58122E-04 8.73975E-04 8.76273E-04 8.69568E-04 8.88392E-04
0.56 4.21424E-04 5.03337E-04 6.21223E-04 7.32123E-04 9.63382E-04 1.15689E-03 1.33075E-03 1.63604E-03 1.88932E-03 2.07720E-03 2.21205E-03 2.33221E-03 2.40231E-03 2.47458E-03 2.53578E-03 2.60825E-03 2.58861E-03 2.63500E-03 2.44731E-03
1.0 6.79933E-04 8.12314E-04 1.01345E-03 1.17959E-03 1.59910E-03 1.91950E-03 2.22808E-03 2.74468E-03 3.16681E-03 3.51551E-03 3.77078E-03 3.96755E-03 4.12706E-03 4.25387E-03 4.39022E-03 4.39501E-03 4.57887E-03 4.86731E-03 4.68984E-03
3.0 1.39750E-03 1.68122E-03 2.07945E-03 2.44201E-03 3.21538E-03 3.89248E-03 4.53397E-03 5.77520E-03 6.66476E-03 7.46535E-03 8.02232E-03 8.61251E-03 9.10518E-03 9.47832E-03 9.59868E-03 9.53066E-03 1.00658E-02 9.42251E-03 9.92683E-03
10.0 3.14787E-03 3.72334E-03 4.64971E-03 5.41170E-03 7.36392E-03 8.87218E-03 1.04298E-02 1.30350E-02 1.52924E-02 1.71525E-02 1.88474E-02 2.01794E-02 2.10432E-02 2.19094E-02 2.23159E-02 2.27693E-02 2.32860E-02 2.30025E-02 2.28796E-02
30.0 5.95325E-03 7.03125E-03 8.71914E-03 1.02685E-02 1.36381E-02 1.68099E-02 1.97230E-02 2.50531E-02 2.93933E-02 3.33300E-02 3.71296E-02 3.95557E-02 4.18463E-02 4.35767E-02 4.54344E-02 4.62802E-02 4.73073E-02 4.88939E-02 4.71818E-02
100.0 1.15090E-02 1.37581E-02 1.69113E-02 2.00965E-02 2.68198E-02 3.29315E-02 3.84726E-02 4.89904E-02 5.72839E-02 6.47135E-02 7.16814E-02 7.69536E-02 8.24320E-02 8.50862E-02 8.67496E-02 9.10811E-02 9.05581E-02 8.85329E-02 1.07468E-01
