Yield function of production of Ti44 by protons, neutrons, alphas, pi+ and pi-, [(Ti44 atoms * cm2) / (g * prim. part. nucleon)] (computed with Geant4.10).
The primaries are protons.
Energy[GeV/nuc],depths[g/cm2]: 1 3 5 10 15 20 30 40 50 60 70 80 90 100 110 120 130 135 141.6
0.01 9.61777E-05 1.79626E-08 1.64236E-08 1.41866E-08 1.43484E-08 1.31045E-08 1.18436E-08 1.04112E-08 8.89808E-09 7.19304E-09 8.53792E-09 3.49942E-09 4.15738E-09 1.75674E-09 2.93677E-09 1.79025E-09 1.31087E-09 2.72540E-09 0.00000E+00
0.03 9.76265E-05 1.50985E-05 3.24944E-07 3.01137E-07 2.84781E-07 2.71728E-07 2.59499E-07 2.28005E-07 2.01647E-07 1.68347E-07 1.51832E-07 1.23697E-07 1.01254E-07 9.04438E-08 7.42428E-08 6.11081E-08 5.13702E-08 4.67719E-08 3.56503E-08
0.1 1.07361E-04 9.79597E-05 7.72722E-05 5.72572E-05 1.06472E-05 1.03839E-05 9.98946E-06 9.87691E-06 8.98905E-06 8.07006E-06 7.57776E-06 6.91754E-06 6.26119E-06 5.78522E-06 6.17187E-06 5.09220E-06 4.48326E-06 5.56483E-06 3.53848E-06
0.18 2.68724E-05 4.00951E-05 5.32681E-05 6.15494E-05 8.56201E-05 8.93149E-05 7.30516E-05 4.64373E-05 4.43438E-05 4.24365E-05 3.93365E-05 3.80322E-05 3.52400E-05 3.35710E-05 3.27799E-05 3.11862E-05 3.26000E-05 3.24609E-05 2.89492E-05
0.3 4.81453E-05 5.88049E-05 7.37067E-05 8.66770E-05 1.13944E-04 1.32447E-04 1.42678E-04 1.65616E-04 1.71797E-04 1.76103E-04 1.55877E-04 1.45206E-04 1.40073E-04 1.31687E-04 1.29123E-04 1.22955E-04 1.20817E-04 1.09286E-04 1.10453E-04
0.56 9.77349E-05 1.19356E-04 1.49133E-04 1.71442E-04 2.23836E-04 2.69241E-04 3.06543E-04 3.74790E-04 4.12260E-04 4.50677E-04 4.75791E-04 4.92929E-04 5.09489E-04 5.30758E-04 5.39839E-04 5.31378E-04 5.13960E-04 5.45454E-04 5.41424E-04
1.0 1.75003E-04 2.10373E-04 2.63059E-04 3.04606E-04 4.00049E-04 4.76765E-04 5.54010E-04 6.66757E-04 7.66703E-04 8.39263E-04 8.96430E-04 9.37240E-04 9.86792E-04 1.02636E-03 1.02233E-03 1.02461E-03 1.13106E-03 1.01636E-03 9.86270E-04
3.0 3.83395E-04 4.55030E-04 5.61702E-04 6.57833E-04 8.72709E-04 1.04935E-03 1.22278E-03 1.48674E-03 1.71531E-03 1.90655E-03 2.07359E-03 2.22401E-03 2.26857E-03 2.36282E-03 2.44479E-03 2.44271E-03 2.45037E-03 2.41908E-03 2.42599E-03
10.0 1.00283E-03 1.18034E-03 1.45012E-03 1.69592E-03 2.20885E-03 2.66655E-03 3.08106E-03 3.78045E-03 4.40510E-03 4.90025E-03 5.19786E-03 5.72143E-03 5.83090E-03 5.92190E-03 6.21721E-03 6.40233E-03 6.24694E-03 6.13420E-03 6.38400E-03
30.0 1.72176E-03 2.01802E-03 2.47562E-03 2.86813E-03 3.70348E-03 4.47430E-03 5.22390E-03 6.45140E-03 7.59735E-03 8.61428E-03 9.32705E-03 1.01869E-02 1.07887E-02 1.12163E-02 1.15102E-02 1.20090E-02 1.20414E-02 1.17514E-02 1.17336E-02
100.0 3.66927E-03 4.24561E-03 5.14291E-03 6.01613E-03 7.86648E-03 9.53764E-03 1.08987E-02 1.35665E-02 1.58751E-02 1.80213E-02 1.95349E-02 2.09892E-02 2.22711E-02 2.26591E-02 2.33571E-02 2.44046E-02 2.43176E-02 2.55043E-02 2.42183E-02
