Yield function of production of Ti44 by protons, neutrons, alphas, [(Ti44 atoms * cm2) / (g * prim. part. nucleon)] (computed with Geant4.10).
The primaries are protons.
Energy[GeV/nuc],depths[g/cm2]: 1 3 5 10 15 20 30 40 50 60 70 80 90 100 110 120 130 135 141.6
0.01 6.79186E-08 0.00000E+00 0.00000E+00 0.00000E+00 0.00000E+00 0.00000E+00 0.00000E+00 0.00000E+00 0.00000E+00 0.00000E+00 0.00000E+00 0.00000E+00 0.00000E+00 0.00000E+00 0.00000E+00 0.00000E+00 0.00000E+00 0.00000E+00 0.00000E+00
0.03 1.31365E-07 4.52770E-09 5.40044E-13 4.32533E-13 2.81870E-13 2.33563E-13 1.64653E-13 1.03861E-13 9.81205E-14 4.96235E-14 4.80239E-14 2.69892E-14 2.94732E-15 4.19254E-15 1.76518E-15 0.00000E+00 0.00000E+00 0.00000E+00 0.00000E+00
0.1 2.80762E-07 2.84167E-07 2.47505E-07 1.82895E-07 2.88808E-09 2.59830E-09 2.28703E-09 1.95282E-09 1.61953E-09 1.64985E-09 1.13626E-09 1.11471E-09 1.07844E-09 9.73178E-10 9.07668E-10 8.66598E-10 9.74780E-10 7.50343E-10 2.72978E-10
0.18 2.68169E-07 2.72243E-07 2.55662E-07 2.32452E-07 1.96210E-07 1.55472E-07 1.07016E-07 1.68894E-08 1.50755E-08 1.32598E-08 1.19595E-08 1.11265E-08 1.07410E-08 1.03589E-08 9.66514E-09 9.65912E-09 9.10593E-09 8.66092E-09 8.79931E-09
0.3 2.68649E-07 2.66108E-07 2.81577E-07 2.88283E-07 2.64250E-07 2.53861E-07 2.26119E-07 2.01129E-07 1.61961E-07 1.26243E-07 7.39991E-08 5.01920E-08 4.86718E-08 4.61819E-08 4.82075E-08 4.88336E-08 4.43532E-08 4.34104E-08 3.33605E-08
0.56 2.93803E-07 3.09194E-07 3.22832E-07 3.26762E-07 3.36387E-07 3.52012E-07 3.48880E-07 3.75456E-07 3.53056E-07 3.49431E-07 3.48821E-07 3.44521E-07 3.46274E-07 3.85258E-07 3.47569E-07 3.38398E-07 3.30621E-07 3.35251E-07 3.53087E-07
1.0 3.43250E-07 3.65714E-07 3.86379E-07 4.09250E-07 4.28052E-07 4.47775E-07 4.71146E-07 4.94816E-07 5.02812E-07 5.09220E-07 5.02974E-07 5.28947E-07 5.20149E-07 5.44605E-07 5.16502E-07 5.32960E-07 5.32263E-07 4.92197E-07 4.96068E-07
3.0 5.17463E-07 5.51292E-07 5.91130E-07 6.11406E-07 6.76654E-07 7.16382E-07 7.49813E-07 8.13145E-07 8.47643E-07 9.10239E-07 9.29012E-07 9.61095E-07 9.60472E-07 1.00009E-06 1.00179E-06 1.08632E-06 9.99858E-07 1.08852E-06 1.25238E-06
10.0 1.03875E-06 1.11603E-06 1.20174E-06 1.27194E-06 1.43548E-06 1.54799E-06 1.63242E-06 1.78678E-06 1.88293E-06 2.01498E-06 2.02075E-06 2.03243E-06 2.12755E-06 2.12438E-06 2.20870E-06 2.18292E-06 2.16770E-06 2.15482E-06 2.30521E-06
30.0 1.51746E-06 1.60989E-06 1.71316E-06 1.86934E-06 2.02546E-06 2.19318E-06 2.34536E-06 2.66525E-06 2.89190E-06 3.04760E-06 3.25501E-06 3.43458E-06 3.46832E-06 3.61436E-06 3.60573E-06 4.16454E-06 3.80963E-06 3.76766E-06 4.07863E-06
100.0 2.86631E-06 3.02691E-06 3.30435E-06 3.44646E-06 3.91793E-06 4.14268E-06 4.44219E-06 4.96916E-06 5.52103E-06 5.92688E-06 6.16902E-06 6.49197E-06 6.63371E-06 6.58754E-06 6.81282E-06 7.15269E-06 7.83373E-06 7.17486E-06 8.03682E-06
