Yield function of production of Ti44 by protons, neutrons, alphas, pi+ and pi-, [(Ti44 atoms * cm2) / (g * prim. part. nucleon)] (computed with Geant4.10).
The primaries are alphas.
Energy[GeV/nuc],depths[g/cm2]: 1 3 5 10 15 20 30 40 50 60 70 80 90 100 110 120 130 135 141.6
0.01 1.58653E-04 1.89570E-07 1.63224E-07 1.56768E-07 1.52897E-07 1.35647E-07 1.32317E-07 1.16821E-07 9.96842E-08 8.85967E-08 7.79804E-08 6.21471E-08 6.24488E-08 5.06330E-08 3.91928E-08 2.55802E-08 2.24687E-08 1.96154E-08 8.70520E-09
0.03 1.62139E-04 2.87593E-05 2.74319E-06 2.63456E-06 2.55455E-06 2.46890E-06 2.46603E-06 2.29302E-06 2.18748E-06 1.92971E-06 1.69965E-06 1.55045E-06 1.40734E-06 1.29013E-06 1.15148E-06 1.05506E-06 1.15052E-06 1.05136E-06 1.54501E-06
0.1 2.74140E-04 2.54000E-04 2.11716E-04 1.68137E-04 7.16849E-05 7.14808E-05 7.20781E-05 7.17355E-05 6.90264E-05 6.65427E-05 6.19937E-05 5.98792E-05 5.59819E-05 5.19030E-05 5.19230E-05 4.95806E-05 4.60666E-05 4.63490E-05 4.11371E-05
0.18 3.51606E-04 3.64433E-04 3.64623E-04 3.65995E-04 3.65249E-04 3.51911E-04 3.33754E-04 2.94201E-04 2.98758E-04 2.93518E-04 2.83435E-04 2.78723E-04 2.69841E-04 2.63579E-04 2.54131E-04 2.56653E-04 2.60088E-04 2.58744E-04 2.57389E-04
0.3 2.38168E-04 3.12773E-04 4.34902E-04 5.27966E-04 6.51002E-04 7.19044E-04 7.89293E-04 8.62322E-04 9.10907E-04 9.21768E-04 9.18224E-04 9.03002E-04 8.94964E-04 8.68182E-04 8.58122E-04 8.73975E-04 8.76273E-04 8.69568E-04 8.88392E-04
0.56 4.25562E-04 5.08655E-04 6.26760E-04 7.38697E-04 9.70013E-04 1.16560E-03 1.33767E-03 1.64151E-03 1.89411E-03 2.08067E-03 2.21656E-03 2.33461E-03 2.40438E-03 2.47738E-03 2.53778E-03 2.60989E-03 2.58972E-03 2.63563E-03 2.45492E-03
1.0 7.08707E-04 8.50513E-04 1.06144E-03 1.23321E-03 1.65981E-03 1.99840E-03 2.28579E-03 2.83867E-03 3.23545E-03 3.57224E-03 3.82735E-03 4.04393E-03 4.18357E-03 4.31033E-03 4.44603E-03 4.45417E-03 4.75184E-03 4.93203E-03 4.72035E-03
3.0 1.54718E-03 1.86492E-03 2.29256E-03 2.66084E-03 3.50579E-03 4.18849E-03 4.85697E-03 6.15320E-03 7.04132E-03 7.85133E-03 8.42545E-03 8.99481E-03 9.50692E-03 9.88529E-03 1.00023E-02 9.89319E-03 1.05764E-02 9.85910E-03 1.03603E-02
10.0 3.76913E-03 4.39981E-03 5.47229E-03 6.29684E-03 8.32976E-03 1.00097E-02 1.17134E-02 1.44696E-02 1.67957E-02 1.86546E-02 2.05151E-02 2.19117E-02 2.26450E-02 2.34785E-02 2.38143E-02 2.43955E-02 2.48184E-02 2.56314E-02 2.45438E-02
30.0 7.51008E-03 8.74571E-03 1.06572E-02 1.25680E-02 1.60499E-02 1.94755E-02 2.26042E-02 2.81156E-02 3.28480E-02 3.67514E-02 4.09761E-02 4.34725E-02 4.62505E-02 4.76227E-02 4.95595E-02 5.04272E-02 5.13265E-02 5.25596E-02 5.11760E-02
100.0 1.49760E-02 1.75494E-02 2.12694E-02 2.43014E-02 3.18472E-02 3.86649E-02 4.44856E-02 5.55470E-02 6.53150E-02 7.23451E-02 7.90738E-02 8.52251E-02 9.09680E-02 9.35836E-02 9.60732E-02 1.00118E-01 9.94122E-02 9.75823E-02 1.12430E-01
