Yield function of production of Ti44 by protons, neutrons, alphas, [(Ti44 atoms * cm2) / (g * prim. part. nucleon)] (computed with Geant4.10).
The primaries are alphas.
Energy[GeV/nuc],depths[g/cm2]: 1 3 5 10 15 20 30 40 50 60 70 80 90 100 110 120 130 135 141.6
0.01 7.17057E-07 6.72411E-13 5.19034E-13 3.81904E-13 3.89429E-13 2.70770E-13 1.92294E-13 1.33944E-13 6.35639E-14 4.39963E-14 1.75021E-14 2.42129E-14 3.64555E-15 5.69172E-15 1.03782E-14 0.00000E+00 0.00000E+00 0.00000E+00 0.00000E+00
0.03 4.00057E-07 5.21619E-08 7.88957E-10 6.53679E-10 5.30054E-10 4.47790E-10 4.18844E-10 3.35971E-10 2.74799E-10 2.30672E-10 2.18150E-10 1.86102E-10 1.59504E-10 1.71415E-10 1.46161E-10 1.60244E-10 1.00411E-10 9.09661E-11 1.93302E-10
0.1 2.87123E-07 2.87299E-07 2.53027E-07 2.06018E-07 4.18942E-08 3.60127E-08 3.26515E-08 2.71788E-08 2.45134E-08 2.17061E-08 2.06173E-08 1.97831E-08 1.82952E-08 1.74273E-08 1.65902E-08 1.38468E-08 1.42441E-08 1.27624E-08 1.89098E-08
0.18 3.08504E-07 3.44310E-07 3.47801E-07 3.46903E-07 3.30096E-07 2.87768E-07 2.45402E-07 1.52665E-07 1.38839E-07 1.22197E-07 1.14043E-07 1.08860E-07 1.04108E-07 9.94897E-08 9.59429E-08 9.37180E-08 9.59004E-08 7.84452E-08 8.74550E-08
0.3 4.47068E-07 4.97571E-07 5.43329E-07 5.73781E-07 6.01595E-07 6.06037E-07 6.20748E-07 5.85208E-07 5.51133E-07 5.26098E-07 5.02976E-07 4.43037E-07 4.00711E-07 3.86137E-07 3.78517E-07 3.60061E-07 3.81794E-07 3.29585E-07 3.42513E-07
0.56 4.87509E-06 6.11076E-06 6.39760E-06 7.50916E-06 7.64356E-06 9.79346E-06 8.07602E-06 6.66135E-06 6.01285E-06 4.79165E-06 5.79489E-06 3.73380E-06 3.40568E-06 4.13749E-06 3.30635E-06 2.99638E-06 2.46322E-06 2.02337E-06 8.79329E-06
1.0 2.98276E-05 3.93366E-05 4.92435E-05 5.49594E-05 6.21634E-05 8.04760E-05 5.93850E-05 9.57820E-05 7.05307E-05 5.86873E-05 5.85651E-05 7.84628E-05 5.86076E-05 5.85729E-05 5.82226E-05 6.12553E-05 1.75024E-04 6.68537E-05 3.25927E-05
3.0 1.51555E-04 1.85740E-04 2.15294E-04 2.21205E-04 2.93035E-04 2.98780E-04 3.25981E-04 3.81279E-04 3.80025E-04 3.89659E-04 4.06936E-04 3.86318E-04 4.05841E-04 4.11042E-04 4.07792E-04 3.66619E-04 5.14718E-04 4.40536E-04 4.39013E-04
10.0 6.24914E-04 6.80363E-04 8.26797E-04 8.89672E-04 9.71006E-04 1.14300E-03 1.28964E-03 1.44108E-03 1.51032E-03 1.50956E-03 1.67558E-03 1.74044E-03 1.61005E-03 1.57752E-03 1.50680E-03 1.63471E-03 1.54092E-03 2.63754E-03 1.67161E-03
30.0 1.56316E-03 1.72117E-03 1.94536E-03 2.30722E-03 2.42059E-03 2.67504E-03 2.89138E-03 3.07358E-03 3.46705E-03 3.43453E-03 3.86045E-03 3.93132E-03 4.41917E-03 4.06196E-03 4.14088E-03 4.16363E-03 4.03672E-03 3.68273E-03 4.00946E-03
100.0 3.47878E-03 3.80379E-03 4.37171E-03 4.21916E-03 5.04381E-03 5.75072E-03 6.03147E-03 6.57692E-03 8.05348E-03 7.65535E-03 7.41771E-03 8.29735E-03 8.56364E-03 8.52563E-03 9.35194E-03 9.07023E-03 8.88471E-03 9.07561E-03 4.98989E-03
