Yield function of production of Ti44 by protons, neutrons, alphas, [(Ti44 atoms * cm2) / (g * prim. part. nucleon)] (computed with Geant4.10).
The primaries are alphas.
Energy[GeV/nuc],depths[g/cm2]: 1 3 5 10 15 20 30 40 50 60 70 80 90 100 110 120 130 140 150 160 170 180 190 200 210 220 230 240 250 260 270 279
0.01 1.69722E-04 2.02883E-07 1.83051E-07 1.66234E-07 1.56878E-07 1.46180E-07 1.40591E-07 1.20009E-07 1.06388E-07 9.06210E-08 7.23945E-08 5.69379E-08 4.64057E-08 4.31629E-08 3.26562E-08 2.72857E-08 1.81245E-08 1.66721E-08 1.06610E-08 1.03644E-08 7.93679E-09 1.13639E-08 9.69399E-09 5.51995E-09 7.10504E-09 8.09168E-09 3.09624E-09 1.64134E-09 4.91457E-09 0.00000E+00 0.00000E+00 0.00000E+00
0.03 1.73727E-04 2.68153E-05 2.92909E-06 2.77303E-06 2.67147E-06 2.58603E-06 2.49962E-06 2.32786E-06 2.07993E-06 1.88699E-06 1.63742E-06 1.38179E-06 1.20748E-06 1.02697E-06 8.42376E-07 7.09183E-07 6.06580E-07 5.67287E-07 4.42656E-07 3.53426E-07 3.21115E-07 3.01322E-07 2.44502E-07 2.08851E-07 1.84950E-07 1.62348E-07 1.68398E-07 9.73276E-08 9.64322E-08 4.96928E-08 5.42280E-08 1.39077E-07
0.1 2.95594E-04 2.71912E-04 2.25620E-04 1.77821E-04 7.23347E-05 7.21751E-05 7.15637E-05 7.01926E-05 6.62573E-05 6.16718E-05 5.67327E-05 5.19344E-05 4.63953E-05 4.21959E-05 3.81492E-05 3.38422E-05 3.06069E-05 2.79629E-05 2.53406E-05 2.27359E-05 2.15440E-05 2.12852E-05 1.96354E-05 1.67646E-05 1.56487E-05 1.74445E-05 1.49032E-05 1.52559E-05 1.30445E-05 1.15259E-05 1.32315E-05 9.07735E-06
0.18 3.60696E-04 3.73868E-04 3.79360E-04 3.73708E-04 3.73602E-04 3.54006E-04 3.28971E-04 2.87967E-04 2.83059E-04 2.70223E-04 2.58315E-04 2.40009E-04 2.22622E-04 2.06851E-04 1.90975E-04 1.77971E-04 1.65720E-04 1.62183E-04 1.43243E-04 1.34654E-04 1.26523E-04 1.20356E-04 1.16353E-04 1.06459E-04 1.05133E-04 9.83152E-05 1.00522E-04 9.50215E-05 9.43381E-05 8.61214E-05 8.07062E-05 8.06903E-05
0.3 2.38278E-04 3.08480E-04 4.19728E-04 5.26470E-04 6.51501E-04 7.11284E-04 7.60343E-04 8.29142E-04 8.52382E-04 8.47484E-04 8.24605E-04 8.00570E-04 7.55353E-04 7.24081E-04 6.81801E-04 6.59329E-04 6.34344E-04 5.89009E-04 5.72914E-04 5.49265E-04 5.19507E-04 4.92861E-04 4.79992E-04 4.61399E-04 4.41690E-04 4.48554E-04 4.14333E-04 3.98716E-04 3.86951E-04 4.06204E-04 3.99439E-04 3.67356E-04
0.56 4.38933E-04 5.33084E-04 6.57993E-04 7.64779E-04 1.00151E-03 1.21717E-03 1.40471E-03 1.69135E-03 1.92946E-03 2.10155E-03 2.20601E-03 2.30919E-03 2.36611E-03 2.40026E-03 2.39286E-03 2.34838E-03 2.32253E-03 2.28479E-03 2.24642E-03 2.23279E-03 2.19960E-03 2.11082E-03 2.05991E-03 2.01561E-03 1.98613E-03 1.98855E-03 1.97014E-03 1.89286E-03 1.87055E-03 1.91019E-03 1.91003E-03 2.28105E-03
1.0 7.71603E-04 9.31688E-04 1.15389E-03 1.34538E-03 1.76316E-03 2.14477E-03 2.50442E-03 3.03700E-03 3.49120E-03 3.84592E-03 4.10894E-03 4.32922E-03 4.47648E-03 4.55728E-03 4.60713E-03 4.65134E-03 4.65250E-03 4.64439E-03 4.63958E-03 4.70181E-03 4.62156E-03 4.54421E-03 4.48982E-03 4.52023E-03 4.44629E-03 4.43199E-03 4.37614E-03 4.33258E-03 4.26166E-03 4.19958E-03 4.24156E-03 4.72275E-03
3.0 1.78640E-03 2.12181E-03 2.62797E-03 3.06144E-03 4.03565E-03 4.95774E-03 5.76026E-03 7.17791E-03 8.39825E-03 9.36421E-03 1.01296E-02 1.06845E-02 1.11898E-02 1.16149E-02 1.18974E-02 1.22417E-02 1.21882E-02 1.25153E-02 1.26043E-02 1.27490E-02 1.28385E-02 1.27137E-02 1.27239E-02 1.27653E-02 1.29723E-02 1.31918E-02 1.29038E-02 1.29564E-02 1.29470E-02 1.29753E-02 1.28003E-02 1.44558E-02
10.0 4.29991E-03 5.12395E-03 6.30566E-03 7.36649E-03 9.82317E-03 1.20083E-02 1.41247E-02 1.76608E-02 2.08318E-02 2.34413E-02 2.57060E-02 2.75370E-02 2.90956E-02 3.03990E-02 3.14003E-02 3.20392E-02 3.28764E-02 3.36152E-02 3.40258E-02 3.45592E-02 3.45159E-02 3.50421E-02 3.54685E-02 3.48362E-02 3.52666E-02 3.51640E-02 3.50360E-02 3.59247E-02 3.65764E-02 3.63587E-02 3.59725E-02 3.77335E-02
30.0 9.25718E-03 1.09606E-02 1.37238E-02 1.58339E-02 2.12453E-02 2.60948E-02 3.04995E-02 3.85361E-02 4.56139E-02 5.19072E-02 5.71789E-02 6.15988E-02 6.57309E-02 6.92549E-02 7.21968E-02 7.45998E-02 7.70062E-02 7.90673E-02 8.08650E-02 8.26704E-02 8.39797E-02 8.53124E-02 8.49252E-02 8.57690E-02 8.62804E-02 8.65078E-02 8.83122E-02 8.84556E-02 8.83697E-02 8.74335E-02 9.12417E-02 9.40344E-02
100.0 2.06864E-02 2.45295E-02 3.03431E-02 3.57102E-02 4.75430E-02 5.78420E-02 6.83685E-02 8.61431E-02 1.01308E-01 1.14759E-01 1.26875E-01 1.37437E-01 1.45311E-01 1.52448E-01 1.59323E-01 1.65464E-01 1.71103E-01 1.73148E-01 1.78951E-01 1.80435E-01 1.82827E-01 1.83698E-01 1.84036E-01 1.86486E-01 1.88997E-01 1.86135E-01 1.82725E-01 1.78126E-01 1.85886E-01 1.84400E-01 1.91009E-01 1.71101E-01
