Yield function of production of Ti44 by protons, neutrons, alphas, [(Ti44 atoms * cm2) / (g * prim. part. nucleon)] (computed with Geant4.10).
The primaries are alphas.
Energy[GeV/nuc],depths[g/cm2]: 1 3 5 10 15 20 30 40 50 60 70 80 90 100 110 120 130 140 150 160 170 180 190 200 210 220 230 240 250 260 270 279
0.01 7.33606E-07 7.36413E-13 6.12528E-13 8.58635E-13 3.31273E-13 2.80241E-13 2.71491E-13 1.69365E-13 1.65731E-13 1.04824E-13 7.76462E-14 7.51291E-14 5.98543E-14 5.09329E-14 3.22151E-14 1.64616E-14 1.87250E-14 2.11404E-14 2.44788E-14 2.87011E-14 3.41610E-14 2.84739E-14 3.48372E-14 4.32924E-14 4.83246E-14 6.46881E-14 0.00000E+00 0.00000E+00 0.00000E+00 0.00000E+00 0.00000E+00 0.00000E+00
0.03 4.14660E-07 3.95767E-08 1.06705E-09 6.99510E-10 5.24070E-10 4.34279E-10 3.58466E-10 2.83038E-10 2.31246E-10 1.99372E-10 1.81333E-10 1.38457E-10 1.10730E-10 9.38966E-11 9.17954E-11 8.74292E-11 6.06408E-11 5.49907E-11 4.62368E-11 3.95121E-11 3.19079E-11 3.71167E-11 2.81060E-11 2.51687E-11 2.05439E-11 1.22002E-11 3.55773E-11 1.17708E-11 1.38899E-11 8.60633E-12 2.02091E-11 0.00000E+00
0.1 3.09327E-07 3.53309E-07 3.13164E-07 2.58313E-07 5.11212E-08 3.80734E-08 3.01706E-08 2.32261E-08 1.99101E-08 1.70588E-08 1.53634E-08 1.34037E-08 1.21991E-08 1.07837E-08 1.01179E-08 8.88725E-09 7.72514E-09 7.59123E-09 6.80215E-09 6.66890E-09 5.96673E-09 5.91667E-09 5.35280E-09 4.76382E-09 4.59527E-09 8.70939E-09 3.79221E-09 4.98370E-09 4.18258E-09 3.84887E-09 2.28917E-09 1.99637E-09
0.18 3.27513E-07 4.25742E-07 5.03725E-07 4.72194E-07 4.60951E-07 3.70148E-07 2.86852E-07 1.51517E-07 1.21433E-07 1.03663E-07 9.55009E-08 7.94590E-08 7.18336E-08 6.91147E-08 6.08111E-08 5.62030E-08 5.39182E-08 5.23677E-08 4.68301E-08 4.57833E-08 4.35890E-08 4.11097E-08 3.76307E-08 3.78503E-08 3.35592E-08 3.18980E-08 3.16893E-08 3.00550E-08 3.06024E-08 2.65414E-08 3.51217E-08 4.33991E-08
0.3 5.03589E-07 5.99248E-07 6.95489E-07 7.84967E-07 8.46649E-07 8.66070E-07 8.19381E-07 7.44204E-07 6.24313E-07 5.15881E-07 4.25000E-07 3.53314E-07 3.17427E-07 2.96429E-07 2.70525E-07 2.46092E-07 2.28390E-07 2.16494E-07 2.09782E-07 1.93334E-07 1.91752E-07 1.82987E-07 1.69574E-07 1.79893E-07 1.65625E-07 1.55064E-07 1.62190E-07 1.58186E-07 1.67132E-07 1.68148E-07 1.59120E-07 1.74848E-07
0.56 9.10443E-07 1.14358E-06 1.38963E-06 1.45280E-06 1.70885E-06 1.84071E-06 1.91997E-06 1.91049E-06 1.95615E-06 1.99423E-06 1.84992E-06 1.79645E-06 1.63972E-06 1.55750E-06 1.47562E-06 1.42594E-06 1.33913E-06 1.20726E-06 1.22913E-06 1.08041E-06 1.30129E-06 9.88360E-07 9.30547E-07 8.88231E-07 8.56824E-07 8.67749E-07 8.56265E-07 8.66187E-07 8.17267E-07 8.83895E-07 7.49376E-07 9.03563E-07
1.0 1.56133E-06 1.83782E-06 2.10161E-06 2.29463E-06 2.66973E-06 2.99350E-06 3.07672E-06 3.29874E-06 3.57539E-06 3.83502E-06 3.44898E-06 3.44165E-06 3.51923E-06 3.36003E-06 3.34512E-06 3.25085E-06 3.18955E-06 3.08634E-06 2.97226E-06 2.92785E-06 2.78623E-06 2.81148E-06 2.74702E-06 2.92657E-06 3.41146E-06 2.65945E-06 2.67044E-06 2.50955E-06 2.39982E-06 2.49313E-06 2.56658E-06 4.18685E-06
3.0 3.42924E-06 3.93235E-06 4.46952E-06 4.81350E-06 5.41188E-06 5.88375E-06 6.38045E-06 7.15820E-06 7.05267E-06 7.66731E-06 7.71704E-06 8.03162E-06 7.86612E-06 8.24175E-06 7.68556E-06 7.84855E-06 7.61013E-06 7.74305E-06 7.53751E-06 8.81069E-06 8.02457E-06 8.14191E-06 7.70972E-06 7.46920E-06 7.55378E-06 7.47572E-06 7.99472E-06 7.82914E-06 7.59051E-06 9.71850E-06 7.69559E-06 6.95346E-06
10.0 7.27224E-06 8.24312E-06 9.20465E-06 9.77335E-06 1.11769E-05 1.18992E-05 1.30689E-05 1.42328E-05 1.50173E-05 1.62142E-05 1.64821E-05 1.69777E-05 1.79251E-05 1.77907E-05 1.80598E-05 1.79783E-05 1.79577E-05 1.90382E-05 1.90559E-05 1.98775E-05 1.87070E-05 1.78850E-05 1.83472E-05 1.83437E-05 1.83090E-05 1.96242E-05 1.84585E-05 1.84881E-05 1.87636E-05 1.69454E-05 1.78988E-05 2.12736E-05
30.0 1.40181E-05 1.51328E-05 1.67127E-05 1.73927E-05 1.94058E-05 2.16294E-05 2.25016E-05 2.57918E-05 2.74921E-05 2.93765E-05 3.10179E-05 3.26371E-05 3.43599E-05 3.52220E-05 3.70877E-05 3.84582E-05 3.68219E-05 3.79017E-05 3.85873E-05 3.97562E-05 4.26590E-05 4.17067E-05 3.95165E-05 4.06905E-05 3.98373E-05 4.18393E-05 4.01287E-05 4.14591E-05 4.13803E-05 4.10634E-05 4.01398E-05 4.12879E-05
100.0 2.96573E-05 3.23660E-05 3.53333E-05 3.72154E-05 4.06717E-05 4.55948E-05 4.74895E-05 5.27160E-05 5.76352E-05 6.14741E-05 6.20201E-05 6.79528E-05 6.84346E-05 6.99872E-05 7.19017E-05 8.15793E-05 7.70690E-05 7.73042E-05 7.88493E-05 8.23372E-05 8.00026E-05 7.96329E-05 8.54133E-05 7.89761E-05 7.45739E-05 7.50853E-05 7.14817E-05 7.13992E-05 7.04773E-05 7.21152E-05 8.08045E-05 6.55458E-05
