Yield function of production of Ti44 by protons, neutrons, alphas, [(Ti44 atoms * cm2) / (g * prim. part. nucleon)] (computed with Geant4.10).
The primaries are alphas.
Energy[GeV/nuc],depths[g/cm2]: 1 3 5 10 15 20 30 40 50 60 70 80 90 100 110 120 130 140 150 160 170 180 190 200 210 220 230 240 250 260 270 279
0.01 7.33606E-07 7.36413E-13 6.12528E-13 8.58635E-13 3.31273E-13 2.80241E-13 2.71491E-13 1.69365E-13 1.65731E-13 1.04824E-13 7.76462E-14 7.51291E-14 5.98543E-14 5.09329E-14 3.22151E-14 1.64616E-14 1.87250E-14 2.11404E-14 2.44788E-14 2.87011E-14 3.41610E-14 2.84739E-14 3.48372E-14 4.32924E-14 4.83246E-14 6.46881E-14 0.00000E+00 0.00000E+00 0.00000E+00 0.00000E+00 0.00000E+00 0.00000E+00
0.03 4.14660E-07 3.95767E-08 1.06705E-09 6.99510E-10 5.24070E-10 4.34279E-10 3.58466E-10 2.83038E-10 2.31246E-10 1.99372E-10 1.81333E-10 1.38457E-10 1.10730E-10 9.38966E-11 9.17954E-11 8.74292E-11 6.06408E-11 5.49907E-11 4.62368E-11 3.95121E-11 3.19079E-11 3.71167E-11 2.81060E-11 2.51687E-11 2.05439E-11 1.22002E-11 3.55773E-11 1.17708E-11 1.38899E-11 8.60633E-12 2.02091E-11 0.00000E+00
0.1 3.09327E-07 3.53309E-07 3.13164E-07 2.58313E-07 5.11212E-08 3.80734E-08 3.01706E-08 2.32261E-08 1.99101E-08 1.70588E-08 1.53634E-08 1.34037E-08 1.21991E-08 1.07837E-08 1.01179E-08 8.88725E-09 7.72514E-09 7.59123E-09 6.80215E-09 6.66890E-09 5.96673E-09 5.91667E-09 5.35280E-09 4.76382E-09 4.59527E-09 8.70939E-09 3.79221E-09 4.98370E-09 4.18258E-09 3.84887E-09 2.28917E-09 1.99637E-09
0.18 3.27513E-07 4.25768E-07 5.03822E-07 4.72194E-07 4.60951E-07 3.70148E-07 2.86852E-07 1.51517E-07 1.21433E-07 1.03663E-07 9.55009E-08 7.94590E-08 7.18336E-08 6.91147E-08 6.08111E-08 5.62030E-08 5.39182E-08 5.23677E-08 4.68301E-08 4.57833E-08 4.35890E-08 4.11097E-08 3.76307E-08 3.78503E-08 3.35592E-08 3.18980E-08 3.16893E-08 3.00550E-08 3.06024E-08 2.65414E-08 3.51217E-08 4.33991E-08
0.3 5.13887E-07 6.17146E-07 7.12780E-07 8.33494E-07 8.70367E-07 8.86280E-07 8.42708E-07 7.56862E-07 6.52596E-07 5.37396E-07 4.54060E-07 3.71928E-07 3.42564E-07 3.08840E-07 2.79548E-07 2.62595E-07 2.31971E-07 2.16494E-07 2.18064E-07 1.93334E-07 2.00758E-07 1.91069E-07 1.80826E-07 1.79893E-07 1.65625E-07 1.55064E-07 1.62190E-07 1.58186E-07 1.71023E-07 1.68148E-07 1.59120E-07 1.74848E-07
0.56 3.72754E-06 4.74504E-06 5.80840E-06 7.61519E-06 7.10740E-06 7.30024E-06 6.60657E-06 5.92245E-06 5.14832E-06 4.58917E-06 3.85662E-06 3.54618E-06 3.04061E-06 2.84019E-06 2.45993E-06 2.37299E-06 2.18004E-06 1.95236E-06 1.87893E-06 2.29645E-06 1.73332E-06 1.70543E-06 1.19292E-06 1.07833E-06 1.15103E-06 1.19650E-06 1.27765E-06 1.52088E-06 1.05044E-06 1.14790E-06 7.49376E-07 9.03563E-07
1.0 3.33114E-05 2.80304E-05 4.38457E-05 4.67113E-05 5.05139E-05 5.35678E-05 5.01329E-05 5.32164E-05 5.01916E-05 4.93997E-05 4.64344E-05 4.29867E-05 4.25784E-05 3.88880E-05 3.30233E-05 3.72995E-05 5.91436E-05 2.74287E-05 7.82701E-05 3.24132E-05 2.92550E-05 1.87134E-05 1.84449E-05 1.69698E-05 1.83483E-05 1.66377E-05 1.73789E-05 1.56857E-05 1.42450E-05 1.12574E-05 1.44265E-05 9.43583E-06
3.0 1.39176E-04 1.49296E-04 1.80808E-04 1.96072E-04 2.30194E-04 2.44793E-04 2.78825E-04 3.28460E-04 3.28477E-04 3.01474E-04 2.99408E-04 3.13739E-04 3.14920E-04 3.21927E-04 2.90782E-04 2.99021E-04 2.66100E-04 3.11489E-04 2.94949E-04 3.10656E-04 2.52053E-04 2.81116E-04 2.40627E-04 2.56179E-04 2.48628E-04 2.46527E-04 2.35273E-04 2.54743E-04 2.15171E-04 2.05820E-04 2.28589E-04 1.55418E-04
10.0 5.11230E-04 6.11808E-04 6.79646E-04 7.85997E-04 8.80325E-04 1.00033E-03 1.06247E-03 1.19219E-03 1.29641E-03 1.29436E-03 1.32145E-03 1.31203E-03 1.38714E-03 1.40788E-03 1.48427E-03 1.59730E-03 1.36707E-03 1.34996E-03 1.27904E-03 1.27740E-03 1.27063E-03 1.24603E-03 1.22572E-03 1.38599E-03 1.29918E-03 1.23619E-03 1.22467E-03 1.15801E-03 1.27747E-03 4.84716E-03 1.12051E-03 1.16376E-03
30.0 1.38494E-03 1.57304E-03 1.78043E-03 1.95392E-03 2.27107E-03 2.33118E-03 2.66393E-03 3.05580E-03 3.26328E-03 3.37189E-03 3.55792E-03 3.63171E-03 3.71442E-03 3.83908E-03 3.98910E-03 4.00679E-03 3.88791E-03 3.90226E-03 4.06834E-03 4.30590E-03 4.42896E-03 4.02810E-03 3.88039E-03 3.80872E-03 3.72637E-03 4.53615E-03 3.62768E-03 4.09270E-03 3.87279E-03 3.55832E-03 3.62324E-03 3.74920E-03
100.0 3.76974E-03 3.95934E-03 4.43985E-03 4.70190E-03 5.34600E-03 5.77422E-03 6.49350E-03 7.78261E-03 7.87256E-03 8.46578E-03 9.07564E-03 9.02609E-03 9.83143E-03 8.88023E-03 9.39367E-03 8.89780E-03 9.36634E-03 9.59963E-03 9.73838E-03 9.84117E-03 9.92711E-03 9.56653E-03 9.10258E-03 9.09601E-03 9.52289E-03 7.66548E-03 8.68744E-03 7.81729E-03 7.90867E-03 1.05112E-02 1.04701E-02 6.65189E-03
