Yield function of production of Ti44 by protons, neutrons, alphas, [(Ti44 atoms * cm2) / (g * prim. part. nucleon)] (computed with Geant4.10).
The primaries are protons.
Energy[GeV/nuc],depths[g/cm2]: 1 3 5 10 15 20 30 40 50 60 70 80 90 100 110 120 130 140 150 160 170 180 190 200 210 220 230 240 250 260 270 279
0.01 2.68879E-06 0.00000E+00 0.00000E+00 0.00000E+00 0.00000E+00 0.00000E+00 0.00000E+00 0.00000E+00 0.00000E+00 0.00000E+00 0.00000E+00 0.00000E+00 0.00000E+00 0.00000E+00 0.00000E+00 0.00000E+00 0.00000E+00 0.00000E+00 0.00000E+00 0.00000E+00 0.00000E+00 0.00000E+00 0.00000E+00 0.00000E+00 0.00000E+00 0.00000E+00 0.00000E+00 0.00000E+00 0.00000E+00 0.00000E+00 0.00000E+00 0.00000E+00
0.03 1.82736E-06 4.21688E-07 6.24315E-13 5.62889E-13 3.57629E-13 2.82229E-13 2.13295E-13 1.66311E-13 1.09688E-13 8.34789E-14 4.48788E-14 3.29688E-14 1.90280E-14 1.11726E-14 1.14024E-14 9.14961E-15 1.31722E-14 7.80261E-15 4.19165E-15 2.88097E-17 3.44378E-17 0.00000E+00 0.00000E+00 0.00000E+00 0.00000E+00 0.00000E+00 0.00000E+00 0.00000E+00 0.00000E+00 0.00000E+00 0.00000E+00 0.00000E+00
0.1 1.17711E-06 1.15211E-06 9.52612E-07 7.46989E-07 3.19450E-09 2.39637E-09 2.01783E-09 1.44604E-09 1.21873E-09 1.06423E-09 9.28718E-10 7.96193E-10 6.52007E-10 5.49160E-10 4.78644E-10 3.93426E-10 3.57363E-10 3.21159E-10 3.40103E-10 2.26572E-10 3.35239E-10 1.68136E-10 2.03498E-10 1.86029E-10 2.19639E-10 1.30238E-10 1.15090E-10 1.96054E-10 1.03988E-10 1.26616E-10 2.08140E-10 0.00000E+00
0.18 1.18186E-06 1.17859E-06 1.05548E-06 9.60276E-07 7.55047E-07 5.64612E-07 3.70760E-07 1.45514E-08 1.22999E-08 1.07982E-08 9.26184E-09 8.55750E-09 7.52453E-09 6.78226E-09 6.19149E-09 5.55769E-09 5.34664E-09 4.84580E-09 4.22898E-09 4.04687E-09 3.84781E-09 3.51583E-09 3.33889E-09 3.15607E-09 3.50811E-09 2.79753E-09 2.94076E-09 2.74823E-09 3.25822E-09 3.57268E-09 1.96790E-09 2.52821E-09
0.3 1.27792E-06 1.28158E-06 1.18752E-06 1.15117E-06 9.99158E-07 9.04134E-07 8.06058E-07 6.14137E-07 4.40853E-07 2.76423E-07 1.28987E-07 3.77532E-08 3.60740E-08 3.23326E-08 2.90796E-08 2.74740E-08 2.66421E-08 2.40739E-08 2.26311E-08 2.11274E-08 2.00303E-08 1.98553E-08 2.00428E-08 1.84992E-08 2.02368E-08 1.52890E-08 1.55427E-08 1.47823E-08 1.95606E-08 1.41772E-08 1.13318E-08 7.64470E-09
0.56 1.37240E-06 1.37018E-06 1.41830E-06 1.36209E-06 1.29617E-06 1.28383E-06 1.29564E-06 1.09810E-06 9.71462E-07 8.79636E-07 8.14627E-07 7.05237E-07 6.54675E-07 5.43639E-07 4.70965E-07 4.14095E-07 3.53369E-07 3.05863E-07 2.65144E-07 2.07084E-07 1.68518E-07 1.21102E-07 9.91096E-08 1.00163E-07 1.02662E-07 9.72817E-08 9.59419E-08 9.46859E-08 9.14202E-08 8.31479E-08 8.53969E-08 9.27563E-08
1.0 1.51235E-06 1.61610E-06 1.60821E-06 1.60561E-06 1.57489E-06 1.58116E-06 1.56485E-06 1.42036E-06 1.39018E-06 1.33251E-06 1.25330E-06 1.19443E-06 1.12264E-06 1.06963E-06 1.01957E-06 1.00643E-06 9.01141E-07 8.97415E-07 8.43406E-07 8.11362E-07 8.23827E-07 8.22629E-07 7.45307E-07 6.69135E-07 7.63429E-07 6.72822E-07 6.74986E-07 6.78958E-07 6.06958E-07 6.05902E-07 5.64305E-07 4.30187E-07
3.0 1.96833E-06 2.01504E-06 2.18708E-06 2.13367E-06 2.19740E-06 2.16778E-06 2.21905E-06 2.30071E-06 2.20877E-06 2.28962E-06 2.23659E-06 2.37852E-06 2.14789E-06 2.17052E-06 2.12063E-06 2.26217E-06 2.08676E-06 2.11310E-06 2.15435E-06 2.01844E-06 2.09155E-06 2.10425E-06 1.90981E-06 2.01829E-06 1.95969E-06 1.93848E-06 1.99387E-06 2.15290E-06 1.94248E-06 2.07147E-06 1.89436E-06 1.68340E-06
10.0 3.01935E-06 3.17486E-06 3.35698E-06 3.50383E-06 3.74649E-06 3.90493E-06 4.08912E-06 4.20379E-06 4.51473E-06 4.67586E-06 4.49595E-06 4.59405E-06 4.58472E-06 4.73183E-06 4.48570E-06 4.74497E-06 4.58782E-06 4.46447E-06 4.70197E-06 4.42131E-06 4.59563E-06 4.43022E-06 4.61632E-06 4.23762E-06 5.37497E-06 4.60970E-06 4.23134E-06 3.96734E-06 4.20808E-06 4.53340E-06 4.65154E-06 3.43932E-06
30.0 3.25136E-06 3.60366E-06 3.87968E-06 4.10487E-06 4.57864E-06 5.06453E-06 5.36568E-06 5.96309E-06 6.62718E-06 7.15496E-06 7.39040E-06 7.74616E-06 7.98210E-06 8.47857E-06 8.55940E-06 8.75858E-06 8.96214E-06 9.06359E-06 9.07875E-06 9.34629E-06 9.61037E-06 9.75606E-06 1.04409E-05 9.70980E-06 1.04096E-05 9.97422E-06 9.53143E-06 9.36961E-06 9.51239E-06 9.76675E-06 8.41879E-06 1.09103E-05
100.0 7.14758E-06 7.74718E-06 8.55902E-06 8.85596E-06 1.00441E-05 1.07516E-05 1.14939E-05 1.27568E-05 1.39794E-05 1.43992E-05 1.64068E-05 1.66551E-05 1.74278E-05 1.95549E-05 1.90187E-05 1.90909E-05 1.94961E-05 2.02650E-05 2.04238E-05 2.25826E-05 2.10733E-05 2.24505E-05 2.52978E-05 2.23866E-05 2.08713E-05 2.08167E-05 2.16722E-05 2.13131E-05 2.89657E-05 2.24105E-05 2.18757E-05 2.18425E-05
