Yield function of production of Ti44 by protons, neutrons, alphas, pi+ and pi-, [(Ti44 atoms * cm2) / (g * prim. part. nucleon)] (computed with Geant4.10).
The primaries are protons.
Energy[GeV/nuc],depths[g/cm2]: 1 3 5 10 15 20 30 40 50 60 70 80 90 100 110 120 130 140 150 160 170 180 190 200 210 220 230 240 250 260 270 279
0.01 1.02089E-04 2.49272E-08 2.08891E-08 1.97912E-08 1.78005E-08 1.69232E-08 1.60838E-08 1.54854E-08 1.16625E-08 9.20329E-09 7.85328E-09 5.68086E-09 4.26364E-09 2.54843E-09 1.72473E-09 1.89183E-09 1.26953E-09 1.11033E-09 7.26109E-10 5.63168E-10 4.27076E-10 2.39060E-10 5.41233E-11 1.50750E-10 7.20417E-14 1.05468E-13 0.00000E+00 0.00000E+00 0.00000E+00 0.00000E+00 0.00000E+00 0.00000E+00
0.03 1.03659E-04 1.36969E-05 4.05294E-07 3.75059E-07 3.47947E-07 3.33602E-07 3.14400E-07 2.83728E-07 2.40817E-07 2.02809E-07 1.65786E-07 1.30617E-07 1.06495E-07 8.43353E-08 6.24629E-08 5.06507E-08 3.82468E-08 3.03345E-08 2.46836E-08 1.90636E-08 1.51112E-08 1.15618E-08 8.88366E-09 7.60340E-09 4.99666E-09 3.63029E-09 3.64367E-09 3.01416E-10 9.09538E-10 6.25989E-09 2.61594E-08 0.00000E+00
0.1 1.11920E-04 1.02428E-04 8.03658E-05 6.01189E-05 1.11509E-05 1.06199E-05 1.03856E-05 9.59075E-06 8.75325E-06 7.75413E-06 6.53714E-06 5.74662E-06 5.01489E-06 4.57472E-06 3.71312E-06 3.09342E-06 2.81279E-06 2.39225E-06 1.92310E-06 1.62574E-06 1.36040E-06 1.18397E-06 1.16400E-06 1.03576E-06 7.97085E-07 6.47407E-07 4.95775E-07 7.60491E-07 5.91316E-07 2.01444E-07 4.51646E-08 0.00000E+00
0.18 2.60182E-05 3.88936E-05 5.08105E-05 6.19790E-05 8.71523E-05 9.07920E-05 7.38799E-05 4.71850E-05 4.35451E-05 4.03884E-05 3.68997E-05 3.31330E-05 2.94671E-05 2.67360E-05 2.39841E-05 2.15363E-05 1.90922E-05 1.70817E-05 1.61765E-05 1.45289E-05 1.31098E-05 1.20092E-05 1.09213E-05 1.04199E-05 1.05240E-05 9.21423E-06 9.05256E-06 9.95064E-06 8.58738E-06 8.76941E-06 7.25066E-06 4.94280E-06
0.3 4.89929E-05 6.18826E-05 7.72838E-05 9.01281E-05 1.12078E-04 1.28994E-04 1.42274E-04 1.60165E-04 1.65507E-04 1.62250E-04 1.43231E-04 1.23929E-04 1.16791E-04 1.06996E-04 9.70019E-05 8.87296E-05 8.45772E-05 7.57879E-05 7.08308E-05 6.54501E-05 6.15607E-05 6.24613E-05 5.67275E-05 5.48425E-05 5.50796E-05 4.93836E-05 4.99827E-05 4.78324E-05 4.59273E-05 4.39407E-05 3.54590E-05 4.74797E-05
0.56 1.00993E-04 1.21783E-04 1.51928E-04 1.75208E-04 2.28619E-04 2.72505E-04 3.12394E-04 3.70405E-04 4.06539E-04 4.29857E-04 4.45669E-04 4.52675E-04 4.44188E-04 4.33399E-04 4.24376E-04 4.12781E-04 3.91579E-04 3.68613E-04 3.55114E-04 3.43615E-04 3.26055E-04 3.16279E-04 2.98318E-04 2.85405E-04 2.70284E-04 2.52809E-04 2.60803E-04 2.48317E-04 2.31557E-04 2.32479E-04 2.20850E-04 2.29205E-04
1.0 1.83674E-04 2.23068E-04 2.71715E-04 3.19638E-04 4.18713E-04 5.06424E-04 5.83364E-04 7.09611E-04 7.99923E-04 8.67963E-04 9.26804E-04 9.50242E-04 9.66947E-04 9.86321E-04 9.77098E-04 9.89597E-04 9.83771E-04 9.59712E-04 9.58762E-04 9.50190E-04 9.38560E-04 9.41276E-04 9.02327E-04 9.05224E-04 8.95380E-04 8.86946E-04 8.86667E-04 8.75664E-04 8.63260E-04 8.39248E-04 8.63307E-04 8.37064E-04
3.0 4.31231E-04 5.15822E-04 6.48999E-04 7.45551E-04 9.89679E-04 1.20243E-03 1.39228E-03 1.74389E-03 2.02281E-03 2.23309E-03 2.43070E-03 2.58340E-03 2.65855E-03 2.72459E-03 2.82473E-03 2.93984E-03 2.95392E-03 2.95168E-03 3.01257E-03 3.02194E-03 2.98358E-03 3.05536E-03 3.03701E-03 3.09046E-03 2.97890E-03 2.90064E-03 2.95685E-03 2.95933E-03 2.89678E-03 3.13309E-03 2.95008E-03 2.94933E-03
10.0 1.12350E-03 1.33752E-03 1.65077E-03 1.91726E-03 2.55056E-03 3.12245E-03 3.63911E-03 4.56746E-03 5.25409E-03 5.88690E-03 6.36437E-03 6.71647E-03 7.10187E-03 7.37873E-03 7.54968E-03 7.68741E-03 7.87480E-03 8.02329E-03 8.13621E-03 8.09622E-03 8.06285E-03 8.33801E-03 8.22710E-03 8.13122E-03 8.33155E-03 8.21575E-03 8.26568E-03 8.05644E-03 8.15591E-03 8.29094E-03 8.11404E-03 8.17418E-03
30.0 2.20191E-03 2.62435E-03 3.24009E-03 3.79839E-03 5.07349E-03 6.24229E-03 7.29442E-03 9.19241E-03 1.08726E-02 1.23407E-02 1.36635E-02 1.46896E-02 1.56455E-02 1.64341E-02 1.72630E-02 1.79343E-02 1.84207E-02 1.88072E-02 1.93076E-02 1.97936E-02 2.00727E-02 2.03370E-02 2.07683E-02 2.07514E-02 2.09552E-02 2.14591E-02 2.13982E-02 2.16254E-02 2.18822E-02 2.25240E-02 2.11047E-02 2.08578E-02
100.0 5.08742E-03 6.02794E-03 7.43310E-03 8.68132E-03 1.15479E-02 1.42026E-02 1.66759E-02 2.12067E-02 2.50010E-02 2.86733E-02 3.16319E-02 3.44276E-02 3.67568E-02 3.88277E-02 4.07835E-02 4.22780E-02 4.35218E-02 4.58275E-02 4.65676E-02 4.76988E-02 4.86181E-02 4.87799E-02 4.98657E-02 5.01799E-02 5.02120E-02 5.00723E-02 5.05848E-02 5.09617E-02 5.06927E-02 4.97146E-02 5.34346E-02 5.25939E-02
