Yield function of production of Ti44 by protons, neutrons, alphas, pi+ and pi-, [(Ti44 atoms * cm2) / (g * prim. part. nucleon)] (computed with Geant4.10).
The primaries are protons.
Energy[GeV/nuc],depths[g/cm2]: 1 3 5 10 15 20 30 40 50 60 70 80 90 100 110 120 130 140 150 160 170 180 190 200 210 220 230 240 250 260 270 279
0.01 1.02089E-04 2.49272E-08 2.08891E-08 1.97912E-08 1.78005E-08 1.69232E-08 1.60838E-08 1.54854E-08 1.16625E-08 9.20329E-09 7.85328E-09 5.68086E-09 4.26364E-09 2.54843E-09 1.72473E-09 1.89183E-09 1.26953E-09 1.11033E-09 7.26109E-10 5.63168E-10 4.27076E-10 2.39060E-10 5.41233E-11 1.50750E-10 7.20417E-14 1.05468E-13 0.00000E+00 0.00000E+00 0.00000E+00 0.00000E+00 0.00000E+00 0.00000E+00
0.03 1.03659E-04 1.36969E-05 4.05294E-07 3.75059E-07 3.47947E-07 3.33602E-07 3.14400E-07 2.83728E-07 2.40817E-07 2.02809E-07 1.65786E-07 1.30617E-07 1.06495E-07 8.43353E-08 6.24629E-08 5.06507E-08 3.82468E-08 3.03345E-08 2.46836E-08 1.90636E-08 1.51112E-08 1.15618E-08 8.88366E-09 7.60340E-09 4.99666E-09 3.63029E-09 3.64367E-09 3.01416E-10 9.09538E-10 6.25989E-09 2.61594E-08 0.00000E+00
0.1 1.11920E-04 1.02428E-04 8.03658E-05 6.01189E-05 1.11509E-05 1.06199E-05 1.03856E-05 9.59075E-06 8.75325E-06 7.75413E-06 6.53714E-06 5.74662E-06 5.01489E-06 4.57472E-06 3.71312E-06 3.09342E-06 2.81279E-06 2.39225E-06 1.92310E-06 1.62574E-06 1.36040E-06 1.18397E-06 1.16400E-06 1.03576E-06 7.97085E-07 6.47407E-07 4.95775E-07 7.60491E-07 5.91316E-07 2.01444E-07 4.51646E-08 0.00000E+00
0.18 2.60182E-05 3.88936E-05 5.08105E-05 6.19790E-05 8.71523E-05 9.07920E-05 7.38799E-05 4.71850E-05 4.35451E-05 4.03884E-05 3.68997E-05 3.31330E-05 2.94671E-05 2.67360E-05 2.39841E-05 2.15363E-05 1.90922E-05 1.70817E-05 1.61765E-05 1.45289E-05 1.31098E-05 1.20092E-05 1.09213E-05 1.04199E-05 1.05240E-05 9.21423E-06 9.05256E-06 9.95064E-06 8.58738E-06 8.76941E-06 7.25066E-06 4.94280E-06
0.3 4.89939E-05 6.18856E-05 7.72874E-05 9.01285E-05 1.12078E-04 1.28995E-04 1.42274E-04 1.60165E-04 1.65507E-04 1.62250E-04 1.43231E-04 1.23929E-04 1.16791E-04 1.06996E-04 9.70019E-05 8.87296E-05 8.45772E-05 7.57879E-05 7.08308E-05 6.54501E-05 6.15607E-05 6.24613E-05 5.67275E-05 5.48425E-05 5.50796E-05 4.93836E-05 4.99827E-05 4.78324E-05 4.59273E-05 4.39407E-05 3.54590E-05 4.74797E-05
0.56 1.01916E-04 1.23995E-04 1.53575E-04 1.76766E-04 2.30092E-04 2.74026E-04 3.13856E-04 3.71284E-04 4.07174E-04 4.30297E-04 4.45922E-04 4.52846E-04 4.44288E-04 4.33459E-04 4.24424E-04 4.12803E-04 3.91595E-04 3.68632E-04 3.55123E-04 3.43619E-04 3.26058E-04 3.16280E-04 2.98323E-04 2.85405E-04 2.70284E-04 2.52814E-04 2.60803E-04 2.48317E-04 2.31557E-04 2.32479E-04 2.20867E-04 2.29205E-04
1.0 1.89320E-04 2.32362E-04 2.80448E-04 3.31939E-04 4.33319E-04 5.20492E-04 5.96128E-04 7.21243E-04 8.20444E-04 8.79256E-04 9.42234E-04 9.64526E-04 9.74327E-04 9.93160E-04 9.82974E-04 9.96715E-04 9.89459E-04 9.63768E-04 9.69565E-04 9.53277E-04 9.41370E-04 9.43772E-04 9.05150E-04 9.07200E-04 8.96890E-04 8.89614E-04 8.88117E-04 8.76595E-04 8.63943E-04 8.39910E-04 8.63522E-04 8.37064E-04
3.0 4.71635E-04 5.56147E-04 6.96558E-04 7.99355E-04 1.05636E-03 1.27415E-03 1.46061E-03 1.81705E-03 2.09853E-03 2.31349E-03 2.50545E-03 2.68180E-03 2.73525E-03 2.79368E-03 2.90302E-03 3.01006E-03 3.02802E-03 3.01885E-03 3.07914E-03 3.08543E-03 3.04896E-03 3.11240E-03 3.09484E-03 3.15055E-03 3.03152E-03 2.95751E-03 3.01846E-03 3.01295E-03 2.95123E-03 3.17750E-03 2.99691E-03 3.01916E-03
10.0 1.24467E-03 1.48438E-03 1.84127E-03 2.09855E-03 2.76944E-03 3.34695E-03 3.89721E-03 4.85157E-03 5.53887E-03 6.20248E-03 6.67610E-03 7.04542E-03 7.41033E-03 7.71256E-03 7.89962E-03 7.99587E-03 8.19318E-03 8.34426E-03 8.43304E-03 8.49269E-03 8.37316E-03 8.63714E-03 8.53332E-03 8.79949E-03 8.69614E-03 8.46138E-03 8.54506E-03 8.30092E-03 8.46387E-03 8.47471E-03 8.32553E-03 8.31302E-03
30.0 2.54132E-03 3.01864E-03 3.66548E-03 4.26637E-03 5.60865E-03 6.81249E-03 7.90568E-03 9.86572E-03 1.16361E-02 1.31909E-02 1.44955E-02 1.55500E-02 1.65472E-02 1.73454E-02 1.81622E-02 1.88728E-02 1.93868E-02 1.97385E-02 2.03223E-02 2.07167E-02 2.10141E-02 2.12912E-02 2.17309E-02 2.17493E-02 2.19331E-02 2.23489E-02 2.22933E-02 2.27046E-02 2.28216E-02 2.35400E-02 2.19315E-02 2.16048E-02
100.0 5.98852E-03 7.02548E-03 8.49183E-03 9.79773E-03 1.29043E-02 1.56600E-02 1.82663E-02 2.29492E-02 2.68478E-02 3.05762E-02 3.37393E-02 3.67612E-02 3.89753E-02 4.12594E-02 4.31548E-02 4.47096E-02 4.59353E-02 4.83535E-02 4.93586E-02 5.03266E-02 5.13106E-02 5.12830E-02 5.24725E-02 5.30858E-02 5.26968E-02 5.26021E-02 5.29309E-02 5.33394E-02 5.36533E-02 5.20365E-02 5.55829E-02 5.49641E-02
