Yield function of production of Ti44 by protons, neutrons, alphas, [(Ti44 atoms * cm2) / (g * prim. part. nucleon)] (computed with Geant4.10).
The primaries are protons.
Energy[GeV/nuc],depths[g/cm2]: 1 3 5 10 15 20 30 40 50 60 70 80 90 100 110 120 130 140 150 160 170 180 190 200 210 220 230 240 250 260 270 279
0.01 2.68879E-06 0.00000E+00 0.00000E+00 0.00000E+00 0.00000E+00 0.00000E+00 0.00000E+00 0.00000E+00 0.00000E+00 0.00000E+00 0.00000E+00 0.00000E+00 0.00000E+00 0.00000E+00 0.00000E+00 0.00000E+00 0.00000E+00 0.00000E+00 0.00000E+00 0.00000E+00 0.00000E+00 0.00000E+00 0.00000E+00 0.00000E+00 0.00000E+00 0.00000E+00 0.00000E+00 0.00000E+00 0.00000E+00 0.00000E+00 0.00000E+00 0.00000E+00
0.03 1.82736E-06 4.21688E-07 6.24315E-13 5.62889E-13 3.57629E-13 2.82229E-13 2.13295E-13 1.66311E-13 1.09688E-13 8.34789E-14 4.48788E-14 3.29688E-14 1.90280E-14 1.11726E-14 1.14024E-14 9.14961E-15 1.31722E-14 7.80261E-15 4.19165E-15 2.88097E-17 3.44378E-17 0.00000E+00 0.00000E+00 0.00000E+00 0.00000E+00 0.00000E+00 0.00000E+00 0.00000E+00 0.00000E+00 0.00000E+00 0.00000E+00 0.00000E+00
0.1 1.17711E-06 1.15211E-06 9.52612E-07 7.46989E-07 3.19450E-09 2.39637E-09 2.01783E-09 1.44604E-09 1.21873E-09 1.06423E-09 9.28718E-10 7.96193E-10 6.52007E-10 5.49160E-10 4.78644E-10 3.93426E-10 3.57363E-10 3.21159E-10 3.40103E-10 2.26572E-10 3.35239E-10 1.68136E-10 2.03498E-10 1.86029E-10 2.19639E-10 1.30238E-10 1.15090E-10 1.96054E-10 1.03988E-10 1.26616E-10 2.08140E-10 0.00000E+00
0.18 1.18186E-06 1.17859E-06 1.05548E-06 9.60276E-07 7.55047E-07 5.64612E-07 3.70760E-07 1.45514E-08 1.22999E-08 1.07982E-08 9.26184E-09 8.55750E-09 7.52453E-09 6.78226E-09 6.19149E-09 5.55769E-09 5.34664E-09 4.84580E-09 4.22898E-09 4.04687E-09 3.84781E-09 3.51583E-09 3.33889E-09 3.15607E-09 3.50811E-09 2.79753E-09 2.94076E-09 2.74823E-09 3.25822E-09 3.57268E-09 1.96790E-09 2.52821E-09
0.3 1.27899E-06 1.28456E-06 1.19112E-06 1.15157E-06 9.99258E-07 9.04512E-07 8.06058E-07 6.14137E-07 4.40853E-07 2.76423E-07 1.28987E-07 3.77532E-08 3.60740E-08 3.23326E-08 2.90796E-08 2.74740E-08 2.66421E-08 2.40739E-08 2.26311E-08 2.11274E-08 2.00303E-08 1.98553E-08 2.00428E-08 1.84992E-08 2.02368E-08 1.52890E-08 1.55427E-08 1.47823E-08 1.95606E-08 1.41772E-08 1.13318E-08 7.64470E-09
0.56 2.29468E-06 3.58194E-06 3.06553E-06 2.91957E-06 2.77014E-06 2.80483E-06 2.75801E-06 1.97714E-06 1.60694E-06 1.31895E-06 1.06805E-06 8.75811E-07 7.55087E-07 6.03306E-07 5.18624E-07 4.35664E-07 3.69167E-07 3.24677E-07 2.73963E-07 2.10995E-07 1.70712E-07 1.22023E-07 1.03966E-07 1.00163E-07 1.02782E-07 1.02139E-07 9.59419E-08 9.46859E-08 9.14202E-08 8.31479E-08 1.03002E-07 9.27563E-08
1.0 7.15842E-06 1.09099E-05 1.03410E-05 1.39064E-05 1.61802E-05 1.56492E-05 1.43292E-05 1.30524E-05 2.19110E-05 1.26259E-05 1.66835E-05 1.54785E-05 8.50224E-06 7.90847E-06 6.89527E-06 8.12439E-06 6.58975E-06 4.95328E-06 1.16459E-05 3.89896E-06 3.63380E-06 3.31942E-06 3.56907E-06 2.64606E-06 2.27386E-06 3.34013E-06 2.12462E-06 1.61015E-06 1.28969E-06 1.26783E-06 7.78953E-07 4.30187E-07
3.0 4.23718E-05 4.23395E-05 4.97453E-05 5.59376E-05 6.88807E-05 7.38857E-05 7.05451E-05 7.54550E-05 7.79314E-05 8.26914E-05 7.69860E-05 1.00783E-04 7.88500E-05 7.12571E-05 8.04098E-05 7.24859E-05 7.61888E-05 6.92803E-05 6.87203E-05 6.55080E-05 6.74725E-05 5.91441E-05 5.97410E-05 6.21147E-05 5.45855E-05 5.88099E-05 6.35965E-05 5.57677E-05 5.63924E-05 4.64799E-05 4.87203E-05 7.15173E-05
10.0 1.24189E-04 1.50041E-04 1.93866E-04 1.84790E-04 2.22629E-04 2.28401E-04 2.62192E-04 2.88313E-04 2.89288E-04 3.20263E-04 3.16234E-04 3.33547E-04 3.13047E-04 3.38568E-04 3.54426E-04 3.13210E-04 3.22968E-04 3.25430E-04 3.01526E-04 4.00895E-04 3.14908E-04 3.03555E-04 3.10833E-04 6.72504E-04 3.69968E-04 2.50245E-04 2.83617E-04 2.48445E-04 3.12162E-04 1.88306E-04 2.16145E-04 1.42273E-04
30.0 3.42666E-04 3.97894E-04 4.29269E-04 4.72083E-04 5.39741E-04 5.75259E-04 6.16616E-04 6.79274E-04 7.70089E-04 8.57333E-04 8.39434E-04 8.68092E-04 9.09679E-04 9.19704E-04 9.07718E-04 9.47261E-04 9.75129E-04 9.40406E-04 1.02378E-03 9.32528E-04 9.51008E-04 9.63908E-04 9.73071E-04 1.00764E-03 9.88344E-04 8.99825E-04 9.04628E-04 1.08857E-03 9.48889E-04 1.02580E-03 8.35186E-04 7.57960E-04
100.0 9.08241E-04 1.00528E-03 1.06729E-03 1.12527E-03 1.36647E-03 1.46817E-03 1.60193E-03 1.75522E-03 1.86076E-03 1.91733E-03 2.12380E-03 2.35029E-03 2.23593E-03 2.45130E-03 2.39032E-03 2.45073E-03 2.43297E-03 2.54627E-03 2.81146E-03 2.65039E-03 2.71355E-03 2.52552E-03 2.63213E-03 2.92828E-03 2.50572E-03 2.55059E-03 2.36780E-03 2.39907E-03 2.98952E-03 2.34434E-03 2.17017E-03 2.39206E-03
