Yield function of production of Ti44 by protons, neutrons, alphas, pi+ and pi-, [(Ti44 atoms * cm2) / (g * prim. part. nucleon)] (computed with Geant4.10).
The primaries are alphas.
Energy[GeV/nuc],depths[g/cm2]: 1 3 5 10 15 20 30 40 50 60 70 80 90 100 110 120 130 140 150 160 170 180 190 200 210 220 230 240 250 260 270 279
0.01 1.69722E-04 2.02883E-07 1.83051E-07 1.66234E-07 1.56878E-07 1.46180E-07 1.40591E-07 1.20009E-07 1.06388E-07 9.06210E-08 7.23945E-08 5.69379E-08 4.64057E-08 4.31629E-08 3.26562E-08 2.72857E-08 1.81245E-08 1.66721E-08 1.06610E-08 1.03644E-08 7.93679E-09 1.13639E-08 9.69399E-09 5.51995E-09 7.10504E-09 8.09168E-09 3.09624E-09 1.64134E-09 4.91457E-09 0.00000E+00 0.00000E+00 0.00000E+00
0.03 1.73727E-04 2.68153E-05 2.92909E-06 2.77303E-06 2.67147E-06 2.58603E-06 2.49962E-06 2.32786E-06 2.07993E-06 1.88699E-06 1.63742E-06 1.38179E-06 1.20748E-06 1.02697E-06 8.42376E-07 7.09183E-07 6.06580E-07 5.67287E-07 4.42656E-07 3.53426E-07 3.21115E-07 3.01322E-07 2.44502E-07 2.08851E-07 1.84950E-07 1.62348E-07 1.68398E-07 9.73276E-08 9.64322E-08 4.96928E-08 5.42280E-08 1.39077E-07
0.1 2.95594E-04 2.71912E-04 2.25620E-04 1.77821E-04 7.23347E-05 7.21751E-05 7.15637E-05 7.01926E-05 6.62573E-05 6.16718E-05 5.67327E-05 5.19344E-05 4.63953E-05 4.21959E-05 3.81492E-05 3.38422E-05 3.06069E-05 2.79629E-05 2.53406E-05 2.27359E-05 2.15440E-05 2.12852E-05 1.96354E-05 1.67646E-05 1.56487E-05 1.74445E-05 1.49032E-05 1.52559E-05 1.30445E-05 1.15259E-05 1.32315E-05 9.07735E-06
0.18 3.60696E-04 3.73868E-04 3.79360E-04 3.73708E-04 3.73602E-04 3.54006E-04 3.28971E-04 2.87967E-04 2.83059E-04 2.70223E-04 2.58315E-04 2.40009E-04 2.22622E-04 2.06851E-04 1.90975E-04 1.77971E-04 1.65720E-04 1.62183E-04 1.43243E-04 1.34654E-04 1.26523E-04 1.20356E-04 1.16353E-04 1.06459E-04 1.05133E-04 9.83152E-05 1.00522E-04 9.50215E-05 9.43381E-05 8.61214E-05 8.07062E-05 8.06903E-05
0.3 2.38288E-04 3.08498E-04 4.19745E-04 5.26519E-04 6.51525E-04 7.11305E-04 7.60366E-04 8.29154E-04 8.52411E-04 8.47506E-04 8.24634E-04 8.00588E-04 7.55379E-04 7.24094E-04 6.81810E-04 6.59345E-04 6.34348E-04 5.89009E-04 5.72923E-04 5.49265E-04 5.19516E-04 4.92869E-04 4.80004E-04 4.61399E-04 4.41690E-04 4.48554E-04 4.14333E-04 3.98716E-04 3.86954E-04 4.06204E-04 3.99439E-04 3.67356E-04
0.56 4.41750E-04 5.36686E-04 6.62412E-04 7.70942E-04 1.00690E-03 1.22263E-03 1.40940E-03 1.69537E-03 1.93265E-03 2.10415E-03 2.20802E-03 2.31094E-03 2.36751E-03 2.40155E-03 2.39384E-03 2.34933E-03 2.32337E-03 2.28553E-03 2.24707E-03 2.23400E-03 2.20003E-03 2.11154E-03 2.06017E-03 2.01580E-03 1.98642E-03 1.98888E-03 1.97057E-03 1.89352E-03 1.87078E-03 1.91045E-03 1.91003E-03 2.28105E-03
1.0 8.03353E-04 9.57881E-04 1.19564E-03 1.38979E-03 1.81100E-03 2.19535E-03 2.55147E-03 3.08692E-03 3.53781E-03 3.89148E-03 4.15193E-03 4.36876E-03 4.51554E-03 4.59281E-03 4.63680E-03 4.68539E-03 4.70846E-03 4.66874E-03 4.71487E-03 4.73130E-03 4.64803E-03 4.56012E-03 4.50552E-03 4.53427E-03 4.46122E-03 4.44597E-03 4.39085E-03 4.34576E-03 4.27350E-03 4.20835E-03 4.25342E-03 4.72800E-03
3.0 1.92215E-03 2.26717E-03 2.80431E-03 3.25269E-03 4.26044E-03 5.19665E-03 6.03271E-03 7.49921E-03 8.71967E-03 9.65801E-03 1.04213E-02 1.09902E-02 1.14968E-02 1.19286E-02 1.21805E-02 1.25329E-02 1.24467E-02 1.28191E-02 1.28917E-02 1.30508E-02 1.30826E-02 1.29867E-02 1.29568E-02 1.30140E-02 1.32134E-02 1.34308E-02 1.31311E-02 1.32033E-02 1.31545E-02 1.31714E-02 1.30211E-02 1.46043E-02
10.0 4.80387E-03 5.72752E-03 6.97610E-03 8.14271E-03 1.06923E-02 1.29967E-02 1.51741E-02 1.88388E-02 2.21131E-02 2.47194E-02 2.70110E-02 2.88320E-02 3.04648E-02 3.17891E-02 3.28666E-02 3.36186E-02 3.42255E-02 3.49461E-02 3.52858E-02 3.58167E-02 3.57678E-02 3.62702E-02 3.66758E-02 3.62038E-02 3.65474E-02 3.63806E-02 3.62422E-02 3.70642E-02 3.78351E-02 4.11889E-02 3.70751E-02 3.88760E-02
30.0 1.06281E-02 1.25185E-02 1.54875E-02 1.77704E-02 2.34970E-02 2.84043E-02 3.31409E-02 4.15661E-02 4.88497E-02 5.52497E-02 6.07058E-02 6.51979E-02 6.94110E-02 7.30587E-02 7.61488E-02 7.85682E-02 8.08573E-02 8.29317E-02 8.48947E-02 8.69365E-02 8.83660E-02 8.92988E-02 8.87661E-02 8.95370E-02 8.99669E-02 9.10021E-02 9.18998E-02 9.25068E-02 9.22011E-02 9.09508E-02 9.48248E-02 9.77423E-02
100.0 2.44265E-02 2.84565E-02 3.47476E-02 4.03748E-02 5.28483E-02 6.35707E-02 7.48145E-02 9.38730E-02 1.09123E-01 1.23164E-01 1.35889E-01 1.46395E-01 1.55074E-01 1.61258E-01 1.68645E-01 1.74280E-01 1.80392E-01 1.82670E-01 1.88611E-01 1.90194E-01 1.92674E-01 1.93185E-01 1.93053E-01 1.95503E-01 1.98445E-01 1.93725E-01 1.91341E-01 1.85872E-01 1.93724E-01 1.94839E-01 2.01398E-01 1.77687E-01
