Yield function of production of Ti44 by protons, neutrons, alphas, [(Ti44 atoms * cm2) / (g * prim. part. nucleon)] (computed with Geant4.10).
The primaries are alphas.
Energy[GeV/nuc],depths[g/cm2]: 0 1 3 5 10.34 15.68 21.02 26.36 31.7 37.04 42.38 47.72 53.06 58.4 63.74 69.08
0.03 1.06563E-05 1.73078E-07 9.97191E-11 8.75220E-11 6.71538E-11 6.18553E-11 5.69494E-11 5.32351E-11 5.00822E-11 4.89583E-11 4.50735E-11 4.35413E-11 4.49969E-11 4.23071E-11 4.19200E-11 4.54510E-11
0.1 1.30992E-05 1.13379E-05 8.36908E-06 5.57888E-06 2.96407E-08 2.62101E-08 2.43771E-08 2.32730E-08 2.24569E-08 2.18662E-08 2.13638E-08 2.07661E-08 2.03708E-08 2.01953E-08 1.98614E-08 1.85850E-08
0.18 1.09860E-05 1.07125E-05 9.77243E-06 8.85629E-06 6.39754E-06 4.67795E-06 2.66642E-06 5.24736E-07 2.85049E-07 2.72936E-07 2.63543E-07 2.57551E-07 2.52853E-07 2.45977E-07 2.47488E-07 2.40763E-07
0.3 1.26612E-05 1.22492E-05 1.14898E-05 1.11604E-05 9.31477E-06 8.64788E-06 8.03659E-06 7.49793E-06 7.01590E-06 6.38185E-06 5.85334E-06 5.34850E-06 4.70047E-06 3.73553E-06 2.13075E-06 1.87683E-06
0.56 1.75797E-05 1.74253E-05 1.72426E-05 1.74512E-05 1.60021E-05 1.61099E-05 1.61556E-05 1.61917E-05 1.61457E-05 1.61306E-05 1.60686E-05 1.60628E-05 1.59768E-05 1.59221E-05 1.60859E-05 1.56426E-05
1.0 2.26780E-05 2.27756E-05 2.31156E-05 2.38089E-05 2.27087E-05 2.34484E-05 2.41333E-05 2.45003E-05 2.48145E-05 2.50547E-05 2.52216E-05 2.54724E-05 2.56857E-05 2.56858E-05 2.54835E-05 2.52330E-05
3.0 2.95023E-05 3.00251E-05 3.08198E-05 3.21457E-05 3.13680E-05 3.27900E-05 3.42217E-05 3.50323E-05 3.57240E-05 3.65617E-05 3.70977E-05 3.76530E-05 3.80775E-05 3.80200E-05 3.85651E-05 3.77572E-05
10.0 3.98565E-05 4.10502E-05 4.24960E-05 4.47477E-05 4.43643E-05 4.70321E-05 4.92976E-05 5.13036E-05 5.29234E-05 5.40892E-05 5.52152E-05 5.59031E-05 5.67199E-05 5.69600E-05 5.73556E-05 5.64274E-05
30.0 5.07669E-05 5.19995E-05 5.39425E-05 5.62672E-05 5.58318E-05 5.97374E-05 6.34618E-05 6.56936E-05 6.78172E-05 6.97458E-05 7.17031E-05 7.32718E-05 7.39569E-05 7.37243E-05 7.61004E-05 7.71116E-05
100.0 5.77464E-05 6.01434E-05 6.33123E-05 6.80400E-05 7.03280E-05 7.65587E-05 8.07997E-05 8.57651E-05 8.89037E-05 9.39619E-05 9.48400E-05 9.87459E-05 9.95930E-05 9.98641E-05 9.80344E-05 9.48807E-05
