Yield function of production of Ti44 by protons, neutrons, alphas, [(Ti44 atoms * cm2) / (g * prim. part. nucleon)] (computed with Geant4.10).
The primaries are protons.
Energy[GeV/nuc],depths[g/cm2]: 0 1 3 5 10.34 15.68 21.02 26.36 31.7 37.04 42.38 47.72 53.06 58.4 63.74 69.08
0.03 9.85578E-09 2.27429E-16 7.66287E-16 1.53218E-16 1.77409E-16 8.95468E-17 1.14645E-16 0.00000E+00 0.00000E+00 0.00000E+00 0.00000E+00 0.00000E+00 0.00000E+00 0.00000E+00 0.00000E+00 0.00000E+00
0.1 5.46593E-07 2.27607E-07 5.65084E-08 2.44121E-08 4.14167E-10 3.71602E-10 3.42651E-10 3.23627E-10 3.10668E-10 2.93767E-10 2.85290E-10 2.75954E-10 2.72055E-10 2.64258E-10 2.59436E-10 2.66112E-10
0.18 2.03242E-06 1.50545E-06 1.10229E-06 8.11981E-07 3.40071E-07 1.17673E-07 2.63322E-08 1.32653E-08 1.29152E-08 1.24644E-08 1.21216E-08 1.22704E-08 1.18013E-08 1.16717E-08 1.13779E-08 1.12240E-08
0.3 4.40272E-06 4.32093E-06 3.71647E-06 3.33269E-06 2.42422E-06 1.89095E-06 1.49465E-06 1.14363E-06 8.67352E-07 6.49301E-07 4.63380E-07 3.16422E-07 2.03569E-07 1.47254E-07 1.31962E-07 1.29437E-07
0.56 8.83779E-06 8.63945E-06 8.32166E-06 8.16207E-06 7.13436E-06 6.85165E-06 6.57447E-06 6.35076E-06 6.16399E-06 5.98853E-06 5.87216E-06 5.69611E-06 5.53452E-06 5.50095E-06 5.40628E-06 5.31980E-06
1.0 1.21771E-05 1.19680E-05 1.15862E-05 1.15519E-05 1.02536E-05 1.01736E-05 1.00738E-05 9.94783E-06 9.89858E-06 9.79476E-06 9.64288E-06 9.49866E-06 9.55525E-06 9.42172E-06 9.40416E-06 9.23946E-06
3.0 1.04882E-05 1.03992E-05 1.03651E-05 1.05630E-05 9.84070E-06 1.00673E-05 1.02807E-05 1.04032E-05 1.04920E-05 1.05417E-05 1.05849E-05 1.06639E-05 1.07208E-05 1.07086E-05 1.06009E-05 1.01813E-05
10.0 1.34120E-05 1.34732E-05 1.36552E-05 1.41703E-05 1.36518E-05 1.42009E-05 1.45367E-05 1.50757E-05 1.54212E-05 1.55547E-05 1.56990E-05 1.60706E-05 1.61523E-05 1.64378E-05 1.61020E-05 1.60326E-05
30.0 1.55347E-05 1.55809E-05 1.59310E-05 1.63061E-05 1.58233E-05 1.67481E-05 1.74208E-05 1.80683E-05 1.83554E-05 1.90717E-05 1.90033E-05 1.96166E-05 1.98534E-05 1.97221E-05 2.02303E-05 2.04298E-05
100.0 2.11584E-05 2.11171E-05 2.20473E-05 2.22824E-05 2.15276E-05 2.33992E-05 2.39739E-05 2.52366E-05 2.54288E-05 2.61400E-05 2.66536E-05 2.72162E-05 2.66786E-05 2.75750E-05 2.85235E-05 2.72291E-05
