Yield function of production of Ti44 by protons, neutrons, alphas, pi+ and pi-, [(Ti44 atoms * cm2) / (g * prim. part. nucleon)] (computed with Geant4.10).
The primaries are alphas.
Energy[GeV/nuc],depths[g/cm2]: 1 3 5 10 15 20 30 40 50 60 70 80 90 100 110 120 130 140 150 160 170 180 190 200 210 220 230 240 250 260 270 280 290 300 310 320 330 340 350 360 370 380 400 410 420 430 446.4
0.01 1.69582E-04 2.05644E-07 1.79189E-07 1.71347E-07 1.59188E-07 1.55041E-07 1.35205E-07 1.14715E-07 9.97228E-08 8.24018E-08 6.52998E-08 5.34895E-08 5.58113E-08 3.70504E-08 2.55972E-08 1.94468E-08 1.47345E-08 1.20652E-08 7.50219E-09 5.73160E-09 6.74690E-09 4.67027E-09 2.05028E-09 9.69342E-10 1.51502E-09 1.55769E-09 1.67119E-09 7.19797E-10 4.78596E-11 9.77835E-11 0.00000E+00 0.00000E+00 0.00000E+00 0.00000E+00 0.00000E+00 0.00000E+00 0.00000E+00 0.00000E+00 0.00000E+00 0.00000E+00 0.00000E+00 0.00000E+00 0.00000E+00 0.00000E+00 0.00000E+00 0.00000E+00 0.00000E+00
0.03 1.72910E-04 2.67536E-05 2.87328E-06 2.69193E-06 2.57007E-06 2.45925E-06 2.36402E-06 2.19313E-06 1.93226E-06 1.65981E-06 1.46695E-06 1.28735E-06 1.04161E-06 8.55361E-07 6.88947E-07 5.68111E-07 4.66274E-07 3.84714E-07 3.11517E-07 2.62834E-07 2.14417E-07 1.66333E-07 1.41596E-07 1.12567E-07 1.02295E-07 9.79971E-08 7.37821E-08 7.07312E-08 5.52606E-08 3.30613E-08 3.23451E-08 2.90920E-08 3.43187E-08 1.97707E-08 1.02509E-08 7.96088E-09 8.94995E-09 8.68885E-09 1.53680E-08 6.49060E-09 8.92211E-09 5.05841E-09 2.16937E-09 4.03382E-09 6.80089E-09 1.37346E-08 5.46266E-08
0.1 2.91398E-04 2.69237E-04 2.21846E-04 1.74518E-04 6.88675E-05 6.77297E-05 6.71560E-05 6.39827E-05 5.96078E-05 5.41012E-05 4.85514E-05 4.31715E-05 3.82326E-05 3.38038E-05 2.97657E-05 2.63177E-05 2.24046E-05 1.98678E-05 1.79229E-05 1.53770E-05 1.40771E-05 1.24466E-05 1.11890E-05 9.93574E-06 8.96918E-06 8.75749E-06 7.06205E-06 6.20174E-06 5.96990E-06 5.28685E-06 5.28942E-06 4.29959E-06 4.03722E-06 3.74385E-06 3.57819E-06 3.44884E-06 2.98507E-06 3.58401E-06 2.93560E-06 2.79442E-06 2.99541E-06 2.79623E-06 2.67447E-06 2.74121E-06 2.17420E-06 2.14549E-06 5.09742E-06
0.18 3.53634E-04 3.64366E-04 3.63835E-04 3.63743E-04 3.52624E-04 3.30563E-04 3.02319E-04 2.57490E-04 2.51315E-04 2.35298E-04 2.17930E-04 2.01895E-04 1.82665E-04 1.65875E-04 1.52110E-04 1.38292E-04 1.22672E-04 1.10958E-04 1.01511E-04 9.27163E-05 8.33234E-05 7.83166E-05 7.02257E-05 6.39660E-05 5.86426E-05 5.26681E-05 4.97844E-05 4.79003E-05 4.12418E-05 4.16730E-05 3.95035E-05 3.40497E-05 3.30417E-05 2.96470E-05 2.85369E-05 2.70713E-05 2.77468E-05 2.69667E-05 2.63253E-05 2.67859E-05 2.48704E-05 2.71223E-05 2.51489E-05 2.92935E-05 3.22608E-05 1.74739E-05 2.45154E-05
0.3 2.01501E-04 2.76045E-04 3.85530E-04 4.77929E-04 6.07388E-04 6.66029E-04 6.96214E-04 7.38887E-04 7.58016E-04 7.35473E-04 6.98408E-04 6.62912E-04 6.19328E-04 5.86420E-04 5.47874E-04 5.05495E-04 4.68101E-04 4.33123E-04 4.05493E-04 3.76904E-04 3.50517E-04 3.27265E-04 3.01839E-04 2.83354E-04 2.58930E-04 2.41142E-04 2.36098E-04 2.26001E-04 2.05141E-04 2.00424E-04 1.84586E-04 1.74732E-04 1.74970E-04 1.85188E-04 1.58713E-04 1.58245E-04 1.61062E-04 1.48154E-04 1.37481E-04 1.27962E-04 1.18430E-04 1.15608E-04 1.28310E-04 1.26737E-04 1.03734E-04 1.03932E-04 6.64738E-05
0.56 3.91781E-04 4.83126E-04 5.86408E-04 6.85669E-04 9.00694E-04 1.08327E-03 1.23223E-03 1.46911E-03 1.65024E-03 1.77542E-03 1.85859E-03 1.87929E-03 1.87869E-03 1.87157E-03 1.83028E-03 1.78253E-03 1.71571E-03 1.66324E-03 1.60455E-03 1.53058E-03 1.45942E-03 1.38397E-03 1.32974E-03 1.26706E-03 1.20454E-03 1.16507E-03 1.12298E-03 1.08586E-03 1.03093E-03 9.79820E-04 9.56530E-04 9.29803E-04 8.92571E-04 8.68032E-04 8.48161E-04 8.37325E-04 7.93773E-04 7.69892E-04 7.30927E-04 6.99170E-04 7.23923E-04 7.37312E-04 7.56617E-04 6.80926E-04 6.30604E-04 6.39580E-04 6.76298E-04
1.0 6.70331E-04 8.15406E-04 9.96353E-04 1.15923E-03 1.53051E-03 1.85158E-03 2.14734E-03 2.61201E-03 2.97707E-03 3.25599E-03 3.41681E-03 3.56991E-03 3.62830E-03 3.60888E-03 3.61659E-03 3.59120E-03 3.56899E-03 3.51479E-03 3.42029E-03 3.34308E-03 3.24551E-03 3.15511E-03 3.08354E-03 2.99783E-03 2.91182E-03 2.81514E-03 2.76485E-03 2.64608E-03 2.56847E-03 2.46743E-03 2.45410E-03 2.39685E-03 2.33940E-03 2.27257E-03 2.22698E-03 2.15866E-03 2.24235E-03 2.02714E-03 2.02565E-03 2.11582E-03 1.95756E-03 1.98431E-03 1.88183E-03 1.83440E-03 1.92437E-03 1.74050E-03 1.72982E-03
3.0 1.55255E-03 1.85841E-03 2.29068E-03 2.69457E-03 3.54686E-03 4.29313E-03 5.00659E-03 6.19543E-03 7.13022E-03 7.91706E-03 8.48968E-03 8.97296E-03 9.38856E-03 9.62441E-03 9.75675E-03 9.83505E-03 9.95069E-03 9.96501E-03 9.85365E-03 9.83315E-03 9.71906E-03 9.63076E-03 9.54224E-03 9.37077E-03 9.22322E-03 9.05474E-03 8.92211E-03 8.78499E-03 8.62248E-03 8.49745E-03 8.46102E-03 8.33023E-03 8.26533E-03 8.08118E-03 8.05798E-03 7.99867E-03 8.09078E-03 7.79261E-03 8.00889E-03 7.66193E-03 7.43548E-03 7.56380E-03 7.60156E-03 7.35043E-03 7.33955E-03 7.92535E-03 6.77594E-03
10.0 3.88790E-03 4.64485E-03 5.73922E-03 6.66757E-03 8.85138E-03 1.08206E-02 1.26274E-02 1.57269E-02 1.83618E-02 2.04730E-02 2.22077E-02 2.35882E-02 2.46386E-02 2.55232E-02 2.59847E-02 2.64534E-02 2.67726E-02 2.70806E-02 2.71133E-02 2.72413E-02 2.70892E-02 2.71362E-02 2.71711E-02 2.71176E-02 2.67938E-02 2.68348E-02 2.66568E-02 2.64669E-02 2.60475E-02 2.59991E-02 2.56520E-02 2.54985E-02 2.52150E-02 2.53487E-02 2.47944E-02 2.47626E-02 2.47050E-02 2.44778E-02 2.46838E-02 2.45771E-02 2.41284E-02 2.48413E-02 2.57566E-02 2.45721E-02 2.55363E-02 2.40094E-02 2.54330E-02
30.0 8.29503E-03 9.88441E-03 1.21426E-02 1.43097E-02 1.90286E-02 2.32543E-02 2.73449E-02 3.44482E-02 4.04306E-02 4.57233E-02 5.00174E-02 5.39671E-02 5.69225E-02 5.97473E-02 6.17614E-02 6.38526E-02 6.54795E-02 6.72861E-02 6.82624E-02 6.89630E-02 6.99199E-02 7.07206E-02 7.10940E-02 7.08600E-02 7.11160E-02 7.17478E-02 7.13065E-02 7.14812E-02 7.08734E-02 7.13455E-02 7.10667E-02 7.09518E-02 7.11287E-02 7.10924E-02 7.03828E-02 7.07526E-02 6.97786E-02 7.00676E-02 6.91981E-02 6.87901E-02 6.96024E-02 7.01091E-02 6.95095E-02 6.66707E-02 6.46258E-02 6.90303E-02 6.80874E-02
100.0 1.94959E-02 2.29067E-02 2.86078E-02 3.30309E-02 4.45682E-02 5.40026E-02 6.32128E-02 8.02523E-02 9.49820E-02 1.08069E-01 1.18926E-01 1.28004E-01 1.35493E-01 1.43775E-01 1.49809E-01 1.57907E-01 1.63844E-01 1.69053E-01 1.73435E-01 1.78920E-01 1.81955E-01 1.84994E-01 1.86258E-01 1.90059E-01 1.94137E-01 1.96173E-01 1.96386E-01 1.97083E-01 2.03411E-01 2.02430E-01 2.00907E-01 2.05428E-01 2.04877E-01 2.08875E-01 2.10404E-01 2.10856E-01 2.07587E-01 2.06852E-01 2.10167E-01 2.07432E-01 2.02962E-01 1.99676E-01 2.01789E-01 2.00896E-01 2.04552E-01 1.94875E-01 1.83344E-01
