Yield function of production of Ti44 by protons, neutrons, alphas, pi+ and pi-, [(Ti44 atoms * cm2) / (g * prim. part. nucleon)] (computed with Geant4.10).
The primaries are alphas.
Energy[GeV/nuc],depths[g/cm2]: 1 3 5 10 15 20 30 40 50 60 70 80 90 100 110 120 130 140 150 160 170 180 190 200 210 220 230 240 250 260 270 280 290 300 310 320 330 340 350 360 370 380 400 410 420 430 446.4
0.01 1.69582E-04 2.05644E-07 1.79189E-07 1.71347E-07 1.59188E-07 1.55041E-07 1.35205E-07 1.14715E-07 9.97228E-08 8.24018E-08 6.52998E-08 5.34895E-08 5.58113E-08 3.70504E-08 2.55972E-08 1.94468E-08 1.47345E-08 1.20652E-08 7.50219E-09 5.73160E-09 6.74690E-09 4.67027E-09 2.05028E-09 9.69342E-10 1.51502E-09 1.55769E-09 1.67119E-09 7.19797E-10 4.78596E-11 9.77835E-11 0.00000E+00 0.00000E+00 0.00000E+00 0.00000E+00 0.00000E+00 0.00000E+00 0.00000E+00 0.00000E+00 0.00000E+00 0.00000E+00 0.00000E+00 0.00000E+00 0.00000E+00 0.00000E+00 0.00000E+00 0.00000E+00 0.00000E+00
0.03 1.72910E-04 2.67536E-05 2.87328E-06 2.69193E-06 2.57007E-06 2.45925E-06 2.36402E-06 2.19313E-06 1.93226E-06 1.65981E-06 1.46695E-06 1.28735E-06 1.04161E-06 8.55361E-07 6.88947E-07 5.68111E-07 4.66274E-07 3.84714E-07 3.11517E-07 2.62834E-07 2.14417E-07 1.66333E-07 1.41596E-07 1.12567E-07 1.02295E-07 9.79971E-08 7.37821E-08 7.07312E-08 5.52606E-08 3.30613E-08 3.23451E-08 2.90920E-08 3.43187E-08 1.97707E-08 1.02509E-08 7.96088E-09 8.94995E-09 8.68885E-09 1.53680E-08 6.49060E-09 8.92211E-09 5.05841E-09 2.16937E-09 4.03382E-09 6.80089E-09 1.37346E-08 5.46266E-08
0.1 2.91398E-04 2.69237E-04 2.21846E-04 1.74518E-04 6.88675E-05 6.77297E-05 6.71560E-05 6.39827E-05 5.96078E-05 5.41012E-05 4.85514E-05 4.31715E-05 3.82326E-05 3.38038E-05 2.97657E-05 2.63177E-05 2.24046E-05 1.98678E-05 1.79229E-05 1.53770E-05 1.40771E-05 1.24466E-05 1.11890E-05 9.93574E-06 8.96918E-06 8.75749E-06 7.06205E-06 6.20174E-06 5.96990E-06 5.28685E-06 5.28942E-06 4.29959E-06 4.03722E-06 3.74385E-06 3.57819E-06 3.44884E-06 2.98507E-06 3.58401E-06 2.93560E-06 2.79442E-06 2.99541E-06 2.79623E-06 2.67447E-06 2.74121E-06 2.17420E-06 2.14549E-06 5.09742E-06
0.18 3.53634E-04 3.64366E-04 3.63835E-04 3.63743E-04 3.52624E-04 3.30563E-04 3.02319E-04 2.57490E-04 2.51315E-04 2.35298E-04 2.17931E-04 2.01895E-04 1.82665E-04 1.65875E-04 1.52110E-04 1.38292E-04 1.22672E-04 1.10958E-04 1.01511E-04 9.27163E-05 8.33234E-05 7.83166E-05 7.02257E-05 6.39660E-05 5.86426E-05 5.26681E-05 4.97844E-05 4.79003E-05 4.12418E-05 4.16730E-05 3.95035E-05 3.40497E-05 3.30417E-05 2.96470E-05 2.85369E-05 2.70713E-05 2.77468E-05 2.69667E-05 2.63253E-05 2.67859E-05 2.48704E-05 2.71223E-05 2.51489E-05 2.92935E-05 3.22608E-05 1.74739E-05 2.45154E-05
0.3 2.01505E-04 2.76056E-04 3.85543E-04 4.77943E-04 6.07404E-04 6.66054E-04 6.96238E-04 7.38901E-04 7.58026E-04 7.35483E-04 6.98416E-04 6.62917E-04 6.19336E-04 5.86427E-04 5.47882E-04 5.05503E-04 4.68108E-04 4.33124E-04 4.05494E-04 3.76904E-04 3.50517E-04 3.27265E-04 3.01845E-04 2.83360E-04 2.58937E-04 2.41142E-04 2.36098E-04 2.26001E-04 2.05151E-04 2.00425E-04 1.84586E-04 1.74732E-04 1.74970E-04 1.85188E-04 1.58713E-04 1.58249E-04 1.61062E-04 1.48154E-04 1.37481E-04 1.27962E-04 1.18430E-04 1.15608E-04 1.28310E-04 1.26737E-04 1.03734E-04 1.03932E-04 6.64738E-05
0.56 3.94537E-04 4.86879E-04 5.91433E-04 6.94440E-04 9.07817E-04 1.08827E-03 1.23678E-03 1.47301E-03 1.65338E-03 1.77763E-03 1.86089E-03 1.88081E-03 1.87985E-03 1.87295E-03 1.83139E-03 1.78329E-03 1.71629E-03 1.66386E-03 1.60515E-03 1.53120E-03 1.45983E-03 1.38429E-03 1.32994E-03 1.26735E-03 1.20478E-03 1.16531E-03 1.12325E-03 1.08610E-03 1.03114E-03 9.80104E-04 9.56713E-04 9.30115E-04 8.92809E-04 8.68178E-04 8.48346E-04 8.37436E-04 7.93843E-04 7.69932E-04 7.31130E-04 6.99692E-04 7.24105E-04 7.37430E-04 7.57010E-04 6.80926E-04 6.30604E-04 6.39580E-04 6.76298E-04
1.0 6.99147E-04 8.37673E-04 1.02788E-03 1.19795E-03 1.58163E-03 1.89386E-03 2.18884E-03 2.65396E-03 3.01705E-03 3.30234E-03 3.45735E-03 3.60482E-03 3.65694E-03 3.64119E-03 3.64611E-03 3.61383E-03 3.58848E-03 3.53256E-03 3.43663E-03 3.35613E-03 3.25809E-03 3.16761E-03 3.09556E-03 3.00748E-03 2.92085E-03 2.82474E-03 2.77135E-03 2.65220E-03 2.57370E-03 2.47244E-03 2.45868E-03 2.40114E-03 2.34311E-03 2.27704E-03 2.23114E-03 2.16182E-03 2.24620E-03 2.02925E-03 2.02886E-03 2.12010E-03 1.95979E-03 1.98706E-03 1.88493E-03 1.83655E-03 1.92689E-03 1.74212E-03 1.73617E-03
3.0 1.64164E-03 1.97520E-03 2.42316E-03 2.86135E-03 3.72828E-03 4.50055E-03 5.24091E-03 6.43491E-03 7.37101E-03 8.17206E-03 8.73969E-03 9.22304E-03 9.64270E-03 9.85431E-03 1.00529E-02 1.00564E-02 1.01897E-02 1.01590E-02 1.00492E-02 1.00342E-02 9.88734E-03 9.83475E-03 9.70077E-03 9.52859E-03 9.39573E-03 9.20054E-03 9.05171E-03 8.93659E-03 8.78148E-03 8.65828E-03 8.57217E-03 8.52958E-03 8.36978E-03 8.18443E-03 8.16040E-03 8.09455E-03 8.19873E-03 7.87890E-03 8.09641E-03 7.73871E-03 7.52336E-03 7.63328E-03 7.66833E-03 7.58262E-03 7.41614E-03 7.99293E-03 6.92295E-03
10.0 4.26425E-03 5.09475E-03 6.31269E-03 7.26733E-03 9.62676E-03 1.17262E-02 1.34769E-02 1.67510E-02 1.94702E-02 2.15774E-02 2.32807E-02 2.46782E-02 2.57497E-02 2.65504E-02 2.70201E-02 2.75550E-02 2.78009E-02 2.80521E-02 2.80442E-02 2.81020E-02 2.80117E-02 2.79940E-02 2.80884E-02 2.79387E-02 2.76094E-02 2.76209E-02 2.75259E-02 2.73799E-02 2.67830E-02 2.67118E-02 2.64076E-02 2.61877E-02 2.58370E-02 2.59613E-02 2.54167E-02 2.54027E-02 2.53270E-02 2.50683E-02 2.52736E-02 2.52076E-02 2.53474E-02 2.53694E-02 2.62648E-02 2.51504E-02 2.61235E-02 2.44890E-02 2.58431E-02
30.0 9.28168E-03 1.10664E-02 1.35941E-02 1.57971E-02 2.08735E-02 2.53072E-02 2.94104E-02 3.68224E-02 4.30918E-02 4.84819E-02 5.30259E-02 5.67733E-02 5.99880E-02 6.26427E-02 6.49726E-02 6.70304E-02 6.87323E-02 7.03665E-02 7.14024E-02 7.21922E-02 7.29704E-02 7.36782E-02 7.42327E-02 7.38010E-02 7.42173E-02 7.46966E-02 7.40464E-02 7.44158E-02 7.34012E-02 7.39219E-02 7.38299E-02 7.33813E-02 7.40160E-02 7.36109E-02 7.27968E-02 7.31474E-02 7.20661E-02 7.24048E-02 7.20161E-02 7.12942E-02 7.23572E-02 7.31367E-02 7.15507E-02 6.85208E-02 6.65868E-02 7.12014E-02 7.01736E-02
100.0 2.22762E-02 2.59694E-02 3.21035E-02 3.68969E-02 4.91160E-02 5.88237E-02 6.83354E-02 8.64318E-02 1.01990E-01 1.15255E-01 1.25717E-01 1.34883E-01 1.42927E-01 1.51394E-01 1.57904E-01 1.66297E-01 1.72030E-01 1.77069E-01 1.81748E-01 1.87532E-01 1.90280E-01 1.93335E-01 1.95103E-01 1.99289E-01 2.03418E-01 2.06019E-01 2.04927E-01 2.07281E-01 2.11819E-01 2.11635E-01 2.09938E-01 2.14658E-01 2.13537E-01 2.18752E-01 2.19290E-01 2.20898E-01 2.17287E-01 2.15034E-01 2.18649E-01 2.15638E-01 2.10491E-01 2.06883E-01 2.10483E-01 2.11468E-01 2.11956E-01 2.05985E-01 1.95603E-01
