Yield function of production of Ti44 by protons, neutrons, alphas, [(Ti44 atoms * cm2) / (g * prim. part. nucleon)] (computed with Geant4.10).
The primaries are protons.
Energy[GeV/nuc],depths[g/cm2]: 1 3 5 10 15 20 30 40 50 60 70 80 90 100 110 120 130 140 150 160 170 180 190 200 210 220 230 240 250 260 270 280 290 300 310 320 330 340 350 360 370 380 400 410 420 430 446.4
0.01 1.02091E-04 2.50340E-08 2.13318E-08 2.04602E-08 1.85789E-08 1.80169E-08 1.76749E-08 1.41961E-08 1.25228E-08 9.36647E-09 6.97876E-09 5.21447E-09 3.44499E-09 2.53839E-09 1.41452E-09 9.65318E-10 1.27931E-09 9.91507E-10 3.87884E-10 4.65856E-10 6.52678E-10 2.48600E-10 2.34059E-10 2.77817E-11 6.60892E-11 6.15205E-11 3.44105E-11 0.00000E+00 0.00000E+00 0.00000E+00 0.00000E+00 0.00000E+00 0.00000E+00 0.00000E+00 0.00000E+00 0.00000E+00 0.00000E+00 0.00000E+00 0.00000E+00 0.00000E+00 0.00000E+00 0.00000E+00 0.00000E+00 0.00000E+00 0.00000E+00 0.00000E+00 0.00000E+00
0.03 1.03520E-04 1.36798E-05 4.00493E-07 3.76450E-07 3.34424E-07 3.15966E-07 3.06768E-07 2.64581E-07 2.27891E-07 1.87740E-07 1.48443E-07 1.18918E-07 9.54242E-08 7.46396E-08 5.33032E-08 4.25308E-08 3.11539E-08 2.50281E-08 1.65097E-08 1.38115E-08 1.30251E-08 8.25952E-09 6.75909E-09 4.89147E-09 3.51221E-09 2.57436E-09 2.46677E-09 1.70121E-09 1.01744E-09 4.44766E-10 2.22504E-10 1.04477E-10 1.60325E-10 6.34303E-11 6.78653E-11 0.00000E+00 0.00000E+00 0.00000E+00 0.00000E+00 0.00000E+00 0.00000E+00 0.00000E+00 0.00000E+00 0.00000E+00 0.00000E+00 0.00000E+00 0.00000E+00
0.1 1.11079E-04 1.01158E-04 7.99841E-05 5.94938E-05 1.07023E-05 1.02420E-05 9.98083E-06 9.04610E-06 7.99687E-06 6.91345E-06 6.30612E-06 5.09667E-06 4.50891E-06 3.82234E-06 3.20670E-06 2.57502E-06 2.07953E-06 1.74695E-06 1.44576E-06 1.18987E-06 1.04299E-06 8.29565E-07 8.42494E-07 7.50742E-07 5.45645E-07 4.67651E-07 4.09959E-07 3.00220E-07 2.51033E-07 2.09814E-07 1.60470E-07 1.65562E-07 1.57520E-07 1.38190E-07 1.27814E-07 9.85697E-08 7.35890E-08 3.08496E-08 6.10479E-08 3.77502E-08 5.47454E-08 1.87541E-08 4.10926E-08 1.16157E-08 2.50926E-08 4.04520E-08 0.00000E+00
0.18 2.37297E-05 3.59573E-05 4.84673E-05 5.97771E-05 8.37005E-05 8.72255E-05 6.93299E-05 4.36658E-05 4.00109E-05 3.70036E-05 3.24480E-05 2.84222E-05 2.49417E-05 2.17952E-05 1.87973E-05 1.69261E-05 1.46222E-05 1.28865E-05 1.14312E-05 1.00666E-05 9.09482E-06 7.71605E-06 6.84871E-06 6.01931E-06 5.45765E-06 5.06449E-06 4.65175E-06 4.15400E-06 3.95892E-06 3.60795E-06 3.39206E-06 3.20311E-06 2.72449E-06 2.93763E-06 2.22081E-06 2.33506E-06 1.98551E-06 1.87428E-06 1.73910E-06 1.78453E-06 1.31535E-06 1.42947E-06 1.53896E-06 1.75530E-06 1.02115E-06 1.22610E-06 1.44392E-06
0.3 4.61740E-05 5.70972E-05 7.34477E-05 8.34766E-05 1.05008E-04 1.19998E-04 1.31695E-04 1.44085E-04 1.48759E-04 1.44317E-04 1.22336E-04 1.08502E-04 9.65159E-05 8.58759E-05 7.67682E-05 6.98065E-05 6.25185E-05 5.59976E-05 5.01244E-05 4.55263E-05 4.35802E-05 3.79853E-05 3.53124E-05 3.27770E-05 2.87116E-05 2.75828E-05 2.47600E-05 2.33689E-05 2.25404E-05 2.18599E-05 2.02408E-05 1.81485E-05 1.79069E-05 1.92508E-05 1.69256E-05 1.67445E-05 1.51302E-05 1.47543E-05 1.56529E-05 1.10794E-05 1.08658E-05 1.16099E-05 1.16945E-05 1.18927E-05 9.96774E-06 1.48557E-05 9.69802E-06
0.56 9.06633E-05 1.11426E-04 1.36036E-04 1.58939E-04 2.11290E-04 2.45816E-04 2.78604E-04 3.29911E-04 3.57537E-04 3.76346E-04 3.74480E-04 3.66023E-04 3.58194E-04 3.48604E-04 3.31097E-04 3.08942E-04 2.86816E-04 2.68725E-04 2.51325E-04 2.35918E-04 2.16400E-04 1.98069E-04 1.86203E-04 1.73573E-04 1.65278E-04 1.49396E-04 1.44495E-04 1.35630E-04 1.28383E-04 1.20275E-04 1.17423E-04 1.07696E-04 1.05357E-04 1.04524E-04 8.92697E-05 8.85973E-05 9.17667E-05 9.00696E-05 8.11471E-05 8.07637E-05 7.75057E-05 8.56984E-05 7.63196E-05 7.81303E-05 6.38276E-05 5.91368E-05 5.51240E-05
1.0 1.59968E-04 1.93037E-04 2.38171E-04 2.80193E-04 3.68726E-04 4.40028E-04 5.13533E-04 6.12899E-04 6.80072E-04 7.37980E-04 7.61506E-04 7.94957E-04 7.86042E-04 7.76607E-04 7.70514E-04 7.54501E-04 7.33944E-04 7.13491E-04 6.95345E-04 6.63382E-04 6.57801E-04 6.26129E-04 5.89208E-04 5.74854E-04 5.53169E-04 5.28140E-04 5.04766E-04 4.84909E-04 4.62443E-04 4.65615E-04 4.32142E-04 4.25755E-04 4.23503E-04 3.97932E-04 3.82904E-04 3.72682E-04 3.54869E-04 3.44381E-04 3.42505E-04 3.14419E-04 3.06683E-04 3.38236E-04 2.95060E-04 2.48037E-04 2.57142E-04 2.65778E-04 2.69611E-04
3.0 3.73708E-04 4.50727E-04 5.54668E-04 6.50510E-04 8.53190E-04 1.04462E-03 1.20756E-03 1.49828E-03 1.72592E-03 1.90584E-03 2.04541E-03 2.14440E-03 2.21375E-03 2.25866E-03 2.30360E-03 2.33408E-03 2.33095E-03 2.34506E-03 2.31330E-03 2.29880E-03 2.28022E-03 2.23754E-03 2.18815E-03 2.19900E-03 2.15325E-03 2.12750E-03 2.07160E-03 2.08408E-03 2.06300E-03 2.02020E-03 1.93111E-03 1.92130E-03 1.88653E-03 1.83438E-03 1.84013E-03 1.79985E-03 1.78046E-03 1.73154E-03 1.79540E-03 1.72251E-03 1.66587E-03 1.75994E-03 1.68938E-03 1.68329E-03 1.74442E-03 1.97037E-03 1.58750E-03
10.0 1.02050E-03 1.21126E-03 1.50698E-03 1.77010E-03 2.32154E-03 2.81269E-03 3.25900E-03 4.05493E-03 4.70757E-03 5.20277E-03 5.61324E-03 5.91228E-03 6.14425E-03 6.30608E-03 6.54358E-03 6.52049E-03 6.64388E-03 6.73682E-03 6.72421E-03 6.68221E-03 6.68372E-03 6.66354E-03 6.59927E-03 6.58776E-03 6.54850E-03 6.51298E-03 6.37838E-03 6.39155E-03 6.29882E-03 6.20666E-03 6.16064E-03 6.14179E-03 6.10631E-03 6.03291E-03 6.17448E-03 6.14328E-03 6.11048E-03 6.05779E-03 6.08165E-03 6.03105E-03 6.26372E-03 5.87909E-03 5.72246E-03 5.89375E-03 5.83079E-03 5.73841E-03 5.74815E-03
30.0 2.04055E-03 2.42353E-03 3.00329E-03 3.52399E-03 4.64366E-03 5.71274E-03 6.67401E-03 8.43294E-03 9.92086E-03 1.11374E-02 1.22286E-02 1.31224E-02 1.39451E-02 1.45924E-02 1.52002E-02 1.56696E-02 1.60985E-02 1.64022E-02 1.67035E-02 1.70228E-02 1.72347E-02 1.72402E-02 1.73629E-02 1.74954E-02 1.75236E-02 1.78021E-02 1.77892E-02 1.77468E-02 1.76594E-02 1.76839E-02 1.80240E-02 1.79975E-02 1.79748E-02 1.79891E-02 1.82189E-02 1.80967E-02 1.79304E-02 1.79993E-02 1.79088E-02 1.78674E-02 1.75945E-02 1.79162E-02 1.82420E-02 1.83115E-02 1.86090E-02 1.83832E-02 2.16828E-02
100.0 4.86611E-03 5.80506E-03 7.17922E-03 8.39040E-03 1.12216E-02 1.35674E-02 1.60466E-02 2.01984E-02 2.39405E-02 2.71475E-02 2.99951E-02 3.23572E-02 3.44999E-02 3.61097E-02 3.76749E-02 3.90003E-02 4.03165E-02 4.13826E-02 4.23267E-02 4.30764E-02 4.37340E-02 4.40327E-02 4.44003E-02 4.48813E-02 4.48950E-02 4.55565E-02 4.56153E-02 4.58058E-02 4.62361E-02 4.68285E-02 4.65757E-02 4.74723E-02 4.71766E-02 4.70718E-02 4.68149E-02 4.73750E-02 4.68649E-02 4.73548E-02 4.73004E-02 4.73661E-02 4.72080E-02 4.70347E-02 4.65114E-02 4.62203E-02 4.81082E-02 4.55447E-02 3.90674E-02
