Yield function of production of Ti44 by protons, neutrons, alphas, [(Ti44 atoms * cm2) / (g * prim. part. nucleon)] (computed with Geant4.10).
The primaries are alphas.
Energy[GeV/nuc],depths[g/cm2]: 1 3 5 10 15 20 30 40 50 60 70 80 90 100 110 120 130 140 150 160 170 180 190 200 210 220 230 240 250 260 270 280 290 300 310 320 330 340 350 360 370 380 400 410 420 430 446.4
0.01 7.33143E-07 1.11671E-12 6.04444E-13 5.20411E-13 3.75683E-13 3.39259E-13 2.79711E-13 1.61373E-13 1.13774E-13 5.49911E-14 2.71182E-14 1.31349E-14 6.24955E-15 6.76135E-15 2.12671E-15 2.56472E-15 2.76622E-15 3.34077E-15 1.20252E-15 1.28810E-15 0.00000E+00 0.00000E+00 0.00000E+00 0.00000E+00 0.00000E+00 0.00000E+00 0.00000E+00 0.00000E+00 0.00000E+00 0.00000E+00 0.00000E+00 0.00000E+00 0.00000E+00 0.00000E+00 0.00000E+00 0.00000E+00 0.00000E+00 0.00000E+00 0.00000E+00 0.00000E+00 0.00000E+00 0.00000E+00 0.00000E+00 0.00000E+00 0.00000E+00 0.00000E+00 0.00000E+00
0.03 4.12265E-07 3.94927E-08 1.05964E-09 6.66802E-10 4.82749E-10 4.05140E-10 3.42389E-10 2.81536E-10 2.00674E-10 1.60708E-10 1.37422E-10 1.11638E-10 1.01759E-10 7.86440E-11 6.96196E-11 5.83189E-11 5.15823E-11 4.97486E-11 3.38363E-11 2.86188E-11 2.72103E-11 1.97055E-11 1.51958E-11 1.44931E-11 1.62928E-11 1.46445E-11 2.04633E-11 1.13006E-11 1.12603E-11 9.94874E-12 8.57994E-12 8.12156E-12 5.37310E-12 6.02515E-12 7.24092E-12 7.40050E-12 1.77352E-12 2.14293E-12 2.70652E-12 3.06449E-12 4.18460E-12 4.92168E-12 5.63282E-12 1.31366E-11 2.18685E-11 5.72407E-11 2.29093E-10
0.1 3.06301E-07 3.46684E-07 3.07155E-07 2.47545E-07 4.94594E-08 3.54089E-08 2.82099E-08 2.09081E-08 1.75311E-08 1.48737E-08 1.30936E-08 1.11455E-08 9.75655E-09 8.45807E-09 7.41377E-09 6.49159E-09 6.01867E-09 5.39657E-09 4.70625E-09 4.32745E-09 3.97804E-09 3.54916E-09 3.27706E-09 3.13442E-09 2.77564E-09 2.37053E-09 2.46013E-09 2.09212E-09 1.92345E-09 1.97750E-09 1.54678E-09 1.47282E-09 1.46195E-09 1.21751E-09 1.40064E-09 1.27583E-09 1.24486E-09 1.37501E-09 9.32300E-10 1.70615E-09 1.09411E-09 1.01248E-09 9.76808E-10 8.95432E-10 7.06828E-10 1.82373E-09 0.00000E+00
0.18 3.32876E-07 4.25127E-07 4.55078E-07 4.66429E-07 4.23544E-07 3.51529E-07 2.68029E-07 1.35213E-07 1.06405E-07 8.87469E-08 7.76938E-08 6.71526E-08 6.10271E-08 5.33232E-08 4.90723E-08 4.32110E-08 3.88143E-08 3.51361E-08 3.24117E-08 3.07906E-08 2.69003E-08 2.61391E-08 2.39932E-08 2.15116E-08 2.02975E-08 1.93433E-08 1.76901E-08 1.76461E-08 1.54426E-08 1.44964E-08 1.30390E-08 1.30549E-08 1.17697E-08 1.05509E-08 1.07335E-08 1.05517E-08 1.01551E-08 1.03596E-08 8.47237E-09 8.56333E-09 9.53381E-09 1.10793E-08 1.05574E-08 7.96482E-09 1.23458E-08 7.94769E-09 2.07056E-08
0.3 4.43389E-07 5.64755E-07 6.48617E-07 7.15271E-07 7.69970E-07 8.40475E-07 7.79092E-07 6.73016E-07 5.67494E-07 4.57446E-07 3.63067E-07 2.92117E-07 2.62591E-07 2.36829E-07 2.15830E-07 1.93540E-07 1.79918E-07 1.60257E-07 1.49315E-07 1.43590E-07 1.29587E-07 1.21797E-07 1.17688E-07 1.09250E-07 1.05895E-07 9.70791E-08 9.00220E-08 9.56765E-08 9.10999E-08 7.66777E-08 9.02090E-08 6.83392E-08 6.74445E-08 6.83353E-08 6.27202E-08 6.32022E-08 6.13410E-08 5.37822E-08 5.60071E-08 5.51994E-08 4.64363E-08 4.48070E-08 4.15197E-08 4.31171E-08 5.35999E-08 4.71983E-08 3.67868E-08
0.56 3.56344E-06 4.72387E-06 6.17296E-06 1.02483E-05 8.57815E-06 6.61827E-06 6.22825E-06 5.55704E-06 4.78157E-06 3.79437E-06 3.86523E-06 2.93692E-06 2.50923E-06 2.61139E-06 2.24102E-06 1.79976E-06 1.53637E-06 1.49380E-06 1.42668E-06 1.34756E-06 1.10304E-06 9.75846E-07 8.08588E-07 8.47744E-07 8.69453E-07 7.54282E-07 7.67825E-07 7.22858E-07 6.45260E-07 6.89391E-07 5.76425E-07 7.14849E-07 6.17775E-07 5.08921E-07 5.45801E-07 7.70693E-07 3.83624E-07 3.62149E-07 5.20944E-07 8.36333E-07 4.99235E-07 4.03477E-07 6.52755E-07 2.60353E-07 2.37698E-07 2.03205E-07 1.52687E-07
1.0 3.00326E-05 2.37198E-05 3.33112E-05 4.07158E-05 5.34018E-05 4.47128E-05 4.42216E-05 4.47504E-05 4.27929E-05 4.92780E-05 4.33806E-05 3.77010E-05 3.14623E-05 3.50418E-05 3.20072E-05 2.50386E-05 2.18275E-05 2.00048E-05 1.84263E-05 1.51224E-05 1.45053E-05 1.44225E-05 1.37580E-05 1.13996E-05 1.06992E-05 1.11338E-05 8.00104E-06 7.55348E-06 6.79212E-06 6.40889E-06 6.05912E-06 5.52240E-06 4.86221E-06 5.60073E-06 5.27821E-06 4.43383E-06 4.85830E-06 3.07365E-06 4.11743E-06 5.19958E-06 3.13520E-06 3.61851E-06 3.95212E-06 2.98382E-06 3.36308E-06 2.35825E-06 7.27869E-06
3.0 9.17592E-05 1.20149E-04 1.36012E-04 1.70748E-04 1.85741E-04 2.12260E-04 2.39644E-04 2.45084E-04 2.46706E-04 2.61053E-04 2.56286E-04 2.56484E-04 2.60431E-04 2.36246E-04 3.02422E-04 2.27530E-04 2.45011E-04 2.00029E-04 2.01472E-04 2.06999E-04 1.74095E-04 2.09737E-04 1.64055E-04 1.63507E-04 1.77938E-04 1.51116E-04 1.34707E-04 1.56662E-04 1.63902E-04 1.65609E-04 1.15892E-04 2.03891E-04 1.09064E-04 1.07778E-04 1.06845E-04 1.00213E-04 1.13224E-04 9.06978E-05 9.28592E-05 8.08986E-05 9.22245E-05 7.38086E-05 7.15861E-05 2.36169E-04 8.10236E-05 7.14411E-05 1.51961E-04
10.0 3.82312E-04 4.56567E-04 5.81270E-04 6.08198E-04 7.84769E-04 9.16188E-04 8.60650E-04 1.03652E-03 1.12145E-03 1.11802E-03 1.08684E-03 1.10402E-03 1.12573E-03 1.04172E-03 1.05021E-03 1.11649E-03 1.04281E-03 9.86084E-04 9.45336E-04 8.74785E-04 9.36617E-04 8.71904E-04 9.31639E-04 8.34937E-04 8.29809E-04 7.99893E-04 8.83049E-04 9.26629E-04 7.48891E-04 7.26185E-04 7.68733E-04 7.02439E-04 6.35229E-04 6.25682E-04 6.34819E-04 6.52440E-04 6.34600E-04 6.02970E-04 6.02322E-04 6.42951E-04 1.23105E-03 5.40447E-04 5.22433E-04 5.91552E-04 5.99292E-04 4.92638E-04 4.19850E-04
30.0 9.97940E-04 1.19482E-03 1.46577E-03 1.50177E-03 1.86151E-03 2.07118E-03 2.08493E-03 2.39723E-03 2.68474E-03 2.78470E-03 3.03566E-03 2.83354E-03 3.09433E-03 2.92493E-03 3.24154E-03 3.20911E-03 3.28500E-03 3.11321E-03 3.17230E-03 3.26174E-03 3.08388E-03 2.99174E-03 3.17356E-03 2.97643E-03 3.13423E-03 2.98247E-03 2.77307E-03 2.96923E-03 2.56182E-03 2.61116E-03 2.79549E-03 2.46184E-03 2.92105E-03 2.55313E-03 2.44675E-03 2.43183E-03 2.32187E-03 2.37107E-03 2.85026E-03 2.53628E-03 2.78604E-03 3.05871E-03 2.07105E-03 1.87989E-03 1.99030E-03 2.19726E-03 2.11631E-03
100.0 2.80766E-03 3.09165E-03 3.52644E-03 3.89843E-03 4.58342E-03 4.86364E-03 5.16447E-03 6.22602E-03 7.05912E-03 7.24147E-03 6.84847E-03 6.93929E-03 7.49544E-03 7.68389E-03 8.16256E-03 8.46032E-03 8.25903E-03 8.09249E-03 8.39099E-03 8.68993E-03 8.40934E-03 8.42413E-03 8.92673E-03 9.31359E-03 9.36535E-03 9.93176E-03 8.62417E-03 1.02844E-02 8.49574E-03 9.29524E-03 9.11953E-03 9.32050E-03 8.74903E-03 9.98050E-03 8.98159E-03 1.01312E-02 9.79236E-03 8.27557E-03 8.57418E-03 8.29227E-03 7.61017E-03 7.29442E-03 8.77738E-03 1.06515E-02 7.49882E-03 1.11968E-02 1.23339E-02
