Yield function of production of Ti44 by protons, neutrons, alphas, [(Ti44 atoms * cm2) / (g * prim. part. nucleon)] (computed with Geant4.10).
The primaries are protons.
Energy[GeV/nuc],depths[g/cm2]: 1 3 5 10 15 20 30 40 50 60 70 80 90 100 110 120 130 140 150 160 170 180 190 200 210 220 230 240 250 260 270 280 290 300 310 320 330 340 350 360 370 380 400 410 420 430 446.4
0.01 2.68932E-06 0.00000E+00 0.00000E+00 0.00000E+00 0.00000E+00 0.00000E+00 0.00000E+00 0.00000E+00 0.00000E+00 0.00000E+00 0.00000E+00 0.00000E+00 0.00000E+00 0.00000E+00 0.00000E+00 0.00000E+00 0.00000E+00 0.00000E+00 0.00000E+00 0.00000E+00 0.00000E+00 0.00000E+00 0.00000E+00 0.00000E+00 0.00000E+00 0.00000E+00 0.00000E+00 0.00000E+00 0.00000E+00 0.00000E+00 0.00000E+00 0.00000E+00 0.00000E+00 0.00000E+00 0.00000E+00 0.00000E+00 0.00000E+00 0.00000E+00 0.00000E+00 0.00000E+00 0.00000E+00 0.00000E+00 0.00000E+00 0.00000E+00 0.00000E+00 0.00000E+00 0.00000E+00
0.03 1.82442E-06 4.21005E-07 6.21931E-13 5.00194E-13 5.61022E-13 2.69370E-13 3.68029E-13 1.45699E-13 1.16582E-13 6.75679E-14 4.23545E-14 2.24112E-14 1.70971E-14 1.72508E-14 3.98318E-15 2.19831E-15 2.50033E-15 2.80090E-15 7.11108E-16 0.00000E+00 0.00000E+00 0.00000E+00 0.00000E+00 0.00000E+00 0.00000E+00 0.00000E+00 0.00000E+00 0.00000E+00 0.00000E+00 0.00000E+00 0.00000E+00 0.00000E+00 0.00000E+00 0.00000E+00 0.00000E+00 0.00000E+00 0.00000E+00 0.00000E+00 0.00000E+00 0.00000E+00 0.00000E+00 0.00000E+00 0.00000E+00 0.00000E+00 0.00000E+00 0.00000E+00 0.00000E+00
0.1 1.16760E-06 1.13497E-06 9.51960E-07 7.36263E-07 3.06188E-09 2.19791E-09 2.00203E-09 1.49836E-09 1.19201E-09 9.74073E-10 8.28341E-10 6.83544E-10 8.57918E-10 5.21940E-10 4.04564E-10 3.40947E-10 2.85858E-10 2.42365E-10 2.25538E-10 2.07384E-10 1.79331E-10 1.62975E-10 1.25735E-10 1.06383E-10 1.09600E-10 1.74215E-10 1.06697E-10 9.29789E-11 6.67378E-11 4.84179E-11 4.16737E-11 5.18135E-11 3.32626E-11 3.21709E-11 1.78506E-11 1.44745E-11 1.32518E-11 1.29013E-11 2.75943E-11 1.20252E-11 1.79311E-11 2.39607E-11 1.26244E-11 9.86625E-12 2.13133E-11 3.43594E-11 0.00000E+00
0.18 1.14081E-06 1.14434E-06 1.02965E-06 9.45052E-07 7.34041E-07 5.46026E-07 3.58046E-07 1.32017E-08 1.07346E-08 9.26476E-09 7.76691E-09 6.78488E-09 5.99646E-09 5.33662E-09 4.84018E-09 4.26486E-09 3.99203E-09 3.36572E-09 3.08389E-09 2.92476E-09 2.39848E-09 2.22773E-09 2.08071E-09 1.94873E-09 1.86335E-09 1.61932E-09 1.62616E-09 1.48702E-09 1.26654E-09 1.31299E-09 1.14642E-09 1.04885E-09 1.00158E-09 9.36745E-10 7.72029E-10 6.65526E-10 7.21817E-10 6.49402E-10 7.04886E-10 5.97271E-10 7.42618E-10 5.60081E-10 9.22606E-10 6.74957E-10 4.63093E-10 5.99717E-10 2.95784E-10
0.3 1.20215E-06 1.22794E-06 1.14583E-06 1.09541E-06 9.47703E-07 8.42871E-07 7.50209E-07 5.64758E-07 4.00105E-07 2.49901E-07 1.12113E-07 3.11356E-08 2.87902E-08 2.52080E-08 2.15041E-08 1.98671E-08 1.82888E-08 1.77909E-08 1.57961E-08 1.49943E-08 1.41571E-08 1.27068E-08 1.14647E-08 1.28524E-08 1.05826E-08 9.73174E-09 9.20764E-09 8.86828E-09 8.51929E-09 8.56729E-09 7.62700E-09 6.75436E-09 5.86046E-09 6.07149E-09 7.89076E-09 5.63728E-09 4.39440E-09 4.58672E-09 4.66825E-09 4.80077E-09 6.60336E-09 4.77723E-09 4.22201E-09 3.46107E-09 1.95676E-09 1.93735E-09 2.66713E-09
0.56 2.14648E-06 3.33185E-06 2.85623E-06 2.70463E-06 2.67733E-06 3.08915E-06 2.32514E-06 1.99168E-06 1.48694E-06 2.00448E-06 9.08423E-07 7.42615E-07 5.91806E-07 4.87477E-07 4.03289E-07 3.40946E-07 2.84855E-07 2.86434E-07 1.91935E-07 1.52306E-07 1.27599E-07 8.27611E-08 7.60893E-08 6.45475E-08 6.08879E-08 5.51995E-08 5.13740E-08 5.33670E-08 5.32490E-08 4.89977E-08 4.42305E-08 3.99056E-08 3.83151E-08 4.86804E-08 3.57378E-08 4.81630E-08 3.83713E-08 4.59054E-08 3.33246E-08 3.23179E-08 2.93565E-08 3.37847E-08 3.45421E-08 3.07055E-08 2.62818E-08 2.95108E-08 3.99011E-08
1.0 6.37374E-06 9.23435E-06 1.03973E-05 1.08375E-05 1.21439E-05 1.38039E-05 1.77068E-05 1.26474E-05 1.22489E-05 1.20695E-05 9.03909E-06 8.08424E-06 8.07957E-06 6.98690E-06 6.52826E-06 9.84644E-06 4.27755E-06 3.55712E-06 3.21569E-06 3.11836E-06 2.51142E-06 2.12973E-06 1.78476E-06 1.81744E-06 1.36973E-06 1.27586E-06 9.34447E-07 8.42588E-07 7.58722E-07 1.00521E-06 5.61076E-07 4.63119E-07 1.67886E-06 3.81522E-07 3.38887E-07 3.55515E-07 3.95983E-07 2.66310E-07 2.82549E-07 2.40189E-07 2.21331E-07 1.48661E-07 1.20711E-07 1.06736E-07 1.42813E-07 1.10879E-07 8.72653E-08
3.0 2.66927E-05 3.64813E-05 5.05159E-05 4.88732E-05 5.44170E-05 5.90636E-05 6.22696E-05 5.84749E-05 6.24481E-05 6.36695E-05 6.12915E-05 5.90096E-05 7.54971E-05 5.70772E-05 5.39742E-05 5.61081E-05 5.58879E-05 5.41817E-05 6.27412E-05 4.72296E-05 4.22273E-05 4.45157E-05 3.85612E-05 3.77323E-05 3.53365E-05 4.38243E-05 5.03263E-05 3.26713E-05 3.74050E-05 2.98996E-05 3.08130E-05 2.61469E-05 2.37607E-05 2.36150E-05 2.22752E-05 2.30196E-05 2.36611E-05 2.58814E-05 2.23993E-05 3.49127E-05 1.93013E-05 1.64890E-05 1.44159E-05 1.84020E-05 1.54016E-05 2.48444E-05 1.43381E-05
10.0 9.44489E-05 1.10924E-04 1.32048E-04 1.66022E-04 1.94976E-04 1.98429E-04 2.23065E-04 2.36937E-04 2.55670E-04 2.67821E-04 2.47189E-04 2.53724E-04 2.53651E-04 2.74826E-04 2.68368E-04 2.58762E-04 2.45194E-04 2.26187E-04 2.33742E-04 2.54799E-04 2.38726E-04 2.01342E-04 2.06194E-04 2.01117E-04 2.09931E-04 2.10806E-04 1.81715E-04 1.85111E-04 1.76532E-04 1.81871E-04 1.63665E-04 1.69201E-04 1.66222E-04 1.81235E-04 1.66795E-04 2.62186E-04 1.65835E-04 3.13513E-04 1.41038E-04 1.65904E-04 2.88188E-04 1.25779E-04 1.62812E-04 1.18840E-04 1.16002E-04 1.23398E-04 4.33269E-05
30.0 2.56809E-04 2.87357E-04 3.35453E-04 3.63032E-04 4.70162E-04 4.83622E-04 5.14642E-04 5.72228E-04 6.44733E-04 6.67299E-04 6.90723E-04 7.27023E-04 7.05264E-04 7.21918E-04 7.33199E-04 7.18609E-04 7.36907E-04 7.58173E-04 7.75824E-04 7.71396E-04 8.15647E-04 7.19516E-04 7.35286E-04 7.10718E-04 7.59666E-04 7.33744E-04 6.52206E-04 7.41863E-04 7.22382E-04 6.55705E-04 6.64394E-04 6.77554E-04 6.59127E-04 6.76023E-04 8.72808E-04 8.07693E-04 6.29401E-04 6.49869E-04 6.55915E-04 6.35318E-04 6.36646E-04 7.14029E-04 1.27861E-03 6.02191E-04 7.13190E-04 6.46329E-04 5.26642E-04
100.0 7.11060E-04 7.66282E-04 8.40925E-04 9.04388E-04 1.19270E-03 1.18207E-03 1.38936E-03 1.43234E-03 1.59157E-03 1.89727E-03 1.86510E-03 1.99487E-03 1.90370E-03 1.99170E-03 2.12634E-03 2.15967E-03 2.13453E-03 2.01630E-03 2.10806E-03 2.21020E-03 2.41780E-03 2.21499E-03 2.04257E-03 2.11264E-03 2.07840E-03 2.00459E-03 2.01876E-03 1.96056E-03 2.14831E-03 2.07839E-03 1.99136E-03 2.54976E-03 2.12932E-03 1.94667E-03 2.00374E-03 2.00607E-03 1.97672E-03 1.87206E-03 2.03395E-03 1.83915E-03 1.71732E-03 1.71972E-03 1.88304E-03 1.87215E-03 1.81149E-03 1.72555E-03 1.78515E-03
