Yield function of production of Ti44 by protons, neutrons, alphas, [(Ti44 atoms * cm2) / (g * prim. part. nucleon)] (computed with Geant4.10).
The primaries are alphas.
Energy[GeV/nuc],depths[g/cm2]: 1 3 5 10 15 20 30 40 50 60 70 80 90 100 110 120 130 140 150 160 170 180 190 200 210 220 230 240 250 260 270 280 290 300 310 320 330 340 350 360 370 380 400 410 420 430 446.4
0.01 7.33143E-07 1.11671E-12 6.04444E-13 5.20411E-13 3.75683E-13 3.39259E-13 2.79711E-13 1.61373E-13 1.13774E-13 5.49911E-14 2.71182E-14 1.31349E-14 6.24955E-15 6.76135E-15 2.12671E-15 2.56472E-15 2.76622E-15 3.34077E-15 1.20252E-15 1.28810E-15 0.00000E+00 0.00000E+00 0.00000E+00 0.00000E+00 0.00000E+00 0.00000E+00 0.00000E+00 0.00000E+00 0.00000E+00 0.00000E+00 0.00000E+00 0.00000E+00 0.00000E+00 0.00000E+00 0.00000E+00 0.00000E+00 0.00000E+00 0.00000E+00 0.00000E+00 0.00000E+00 0.00000E+00 0.00000E+00 0.00000E+00 0.00000E+00 0.00000E+00 0.00000E+00 0.00000E+00
0.03 4.12265E-07 3.94927E-08 1.05964E-09 6.66802E-10 4.82749E-10 4.05140E-10 3.42389E-10 2.81536E-10 2.00674E-10 1.60708E-10 1.37422E-10 1.11638E-10 1.01759E-10 7.86440E-11 6.96196E-11 5.83189E-11 5.15823E-11 4.97486E-11 3.38363E-11 2.86188E-11 2.72103E-11 1.97055E-11 1.51958E-11 1.44931E-11 1.62928E-11 1.46445E-11 2.04633E-11 1.13006E-11 1.12603E-11 9.94874E-12 8.57994E-12 8.12156E-12 5.37310E-12 6.02515E-12 7.24092E-12 7.40050E-12 1.77352E-12 2.14293E-12 2.70652E-12 3.06449E-12 4.18460E-12 4.92168E-12 5.63282E-12 1.31366E-11 2.18685E-11 5.72407E-11 2.29093E-10
0.1 3.06301E-07 3.46684E-07 3.07155E-07 2.47545E-07 4.94594E-08 3.54089E-08 2.82099E-08 2.09081E-08 1.75311E-08 1.48737E-08 1.30936E-08 1.11455E-08 9.75655E-09 8.45807E-09 7.41377E-09 6.49159E-09 6.01867E-09 5.39657E-09 4.70625E-09 4.32745E-09 3.97804E-09 3.54916E-09 3.27706E-09 3.13442E-09 2.77564E-09 2.37053E-09 2.46013E-09 2.09212E-09 1.92345E-09 1.97750E-09 1.54678E-09 1.47282E-09 1.46195E-09 1.21751E-09 1.40064E-09 1.27583E-09 1.24486E-09 1.37501E-09 9.32300E-10 1.70615E-09 1.09411E-09 1.01248E-09 9.76808E-10 8.95432E-10 7.06828E-10 1.82373E-09 0.00000E+00
0.18 3.32876E-07 4.25127E-07 4.55078E-07 4.66429E-07 4.23544E-07 3.51529E-07 2.68029E-07 1.35213E-07 1.06405E-07 8.87421E-08 7.74707E-08 6.71526E-08 6.10271E-08 5.33232E-08 4.90723E-08 4.32110E-08 3.88143E-08 3.51361E-08 3.24117E-08 3.07906E-08 2.69003E-08 2.61391E-08 2.39932E-08 2.15116E-08 2.02975E-08 1.93433E-08 1.76901E-08 1.76461E-08 1.54426E-08 1.44964E-08 1.30390E-08 1.30549E-08 1.17697E-08 1.05509E-08 1.07335E-08 1.05517E-08 1.01551E-08 1.03596E-08 8.47237E-09 8.56333E-09 9.53381E-09 1.10793E-08 1.05574E-08 7.96482E-09 1.23458E-08 7.94769E-09 2.07056E-08
0.3 4.38922E-07 5.52921E-07 6.35579E-07 7.01173E-07 7.53550E-07 8.15549E-07 7.54748E-07 6.58494E-07 5.57721E-07 4.47322E-07 3.55215E-07 2.87244E-07 2.55547E-07 2.29649E-07 2.07474E-07 1.85756E-07 1.73296E-07 1.58797E-07 1.48650E-07 1.43570E-07 1.29587E-07 1.21797E-07 1.11290E-07 1.03283E-07 9.87982E-08 9.70791E-08 9.00220E-08 9.56765E-08 8.11407E-08 7.62840E-08 9.02090E-08 6.83392E-08 6.74445E-08 6.83353E-08 6.22671E-08 5.94829E-08 6.13410E-08 5.37822E-08 5.60071E-08 5.51994E-08 4.64363E-08 4.48070E-08 4.15197E-08 4.31171E-08 5.35999E-08 4.71983E-08 3.67868E-08
0.56 8.06983E-07 9.71038E-07 1.14850E-06 1.47743E-06 1.45484E-06 1.62253E-06 1.67406E-06 1.65754E-06 1.63349E-06 1.58051E-06 1.55721E-06 1.41799E-06 1.34792E-06 1.23087E-06 1.13093E-06 1.03465E-06 9.59416E-07 8.79037E-07 8.25387E-07 7.31093E-07 6.90241E-07 6.53041E-07 6.09075E-07 5.57082E-07 6.38255E-07 5.14985E-07 4.97209E-07 4.82504E-07 4.31864E-07 4.05608E-07 3.93765E-07 4.03022E-07 3.80314E-07 3.63083E-07 3.60562E-07 6.59475E-07 3.13787E-07 3.22619E-07 3.17076E-07 3.14283E-07 3.17112E-07 2.85941E-07 2.59605E-07 2.60353E-07 2.37698E-07 2.03205E-07 1.52687E-07
1.0 1.21662E-06 1.45294E-06 1.78306E-06 1.99551E-06 2.27977E-06 2.43425E-06 2.71951E-06 2.79837E-06 2.81228E-06 2.92441E-06 2.84422E-06 2.79201E-06 2.82248E-06 2.72916E-06 2.48777E-06 2.41339E-06 2.33412E-06 2.23952E-06 2.08399E-06 2.07181E-06 1.92649E-06 1.92211E-06 1.73786E-06 1.74511E-06 1.67185E-06 1.52945E-06 1.50463E-06 1.43308E-06 1.55794E-06 1.39901E-06 1.48710E-06 1.23498E-06 1.15706E-06 1.13730E-06 1.12103E-06 1.26612E-06 1.01507E-06 9.62056E-07 9.08231E-07 9.21143E-07 9.05984E-07 8.68319E-07 8.51283E-07 8.39986E-07 8.34990E-07 7.37822E-07 9.24599E-07
3.0 2.67412E-06 3.35215E-06 3.53000E-06 3.97103E-06 4.32136E-06 4.84031E-06 5.32592E-06 5.60099E-06 5.92217E-06 6.06171E-06 6.27017E-06 6.40473E-06 6.28887E-06 6.34216E-06 6.24614E-06 6.19476E-06 5.99545E-06 5.99048E-06 5.88716E-06 5.92083E-06 5.81152E-06 5.75050E-06 5.53276E-06 5.68734E-06 5.42715E-06 5.31546E-06 5.10718E-06 5.06404E-06 4.90492E-06 4.77811E-06 4.74468E-06 4.54087E-06 4.61212E-06 4.51936E-06 4.43225E-06 4.33375E-06 5.27061E-06 4.40162E-06 5.34068E-06 4.11167E-06 4.34534E-06 4.32757E-06 4.81330E-06 3.97968E-06 4.43013E-06 3.85384E-06 4.94858E-06
10.0 5.96514E-06 6.65981E-06 7.79528E-06 8.43701E-06 9.39235E-06 1.05213E-05 1.11426E-05 1.23910E-05 1.30658E-05 1.36191E-05 1.39128E-05 1.40197E-05 1.45966E-05 1.45226E-05 1.48237E-05 1.48788E-05 1.44579E-05 1.45586E-05 1.44924E-05 1.41178E-05 1.40605E-05 1.41190E-05 1.43348E-05 1.38581E-05 1.42267E-05 1.37893E-05 1.39448E-05 1.36674E-05 1.34207E-05 1.34357E-05 1.30997E-05 1.32455E-05 1.32473E-05 1.31062E-05 1.24562E-05 1.23031E-05 1.26260E-05 1.25065E-05 1.25190E-05 1.25027E-05 1.20846E-05 1.23817E-05 1.42339E-05 1.31578E-05 1.20322E-05 1.30204E-05 9.70939E-06
30.0 1.12893E-05 1.28073E-05 1.42080E-05 1.44437E-05 1.66655E-05 1.83079E-05 1.94340E-05 2.29460E-05 2.35992E-05 2.61192E-05 2.71881E-05 2.73642E-05 2.88550E-05 2.95269E-05 3.03052E-05 3.12449E-05 3.22620E-05 3.28058E-05 3.23217E-05 3.25421E-05 3.33449E-05 3.41224E-05 3.48893E-05 3.53868E-05 3.29767E-05 3.36257E-05 3.31633E-05 3.45567E-05 3.40044E-05 3.47641E-05 3.23136E-05 3.23583E-05 3.37928E-05 3.47088E-05 3.28267E-05 3.70752E-05 3.43407E-05 3.39074E-05 3.22204E-05 3.21459E-05 3.12718E-05 3.10818E-05 2.98906E-05 2.98348E-05 2.93059E-05 2.61414E-05 3.01580E-05
100.0 2.73514E-05 2.89154E-05 3.06940E-05 3.23814E-05 3.56577E-05 4.24678E-05 4.18666E-05 4.64635E-05 5.16245E-05 5.57836E-05 5.67956E-05 5.97595E-05 6.13594E-05 6.57541E-05 6.80319E-05 7.02289E-05 7.36951E-05 7.60018E-05 7.80635E-05 7.75714E-05 8.43555E-05 8.28785E-05 8.12952E-05 8.35811E-05 8.42718E-05 8.55566E-05 8.31978E-05 8.63035E-05 8.80566E-05 8.99763E-05 8.84680E-05 8.99160E-05 8.97679E-05 1.03692E-04 9.58498E-05 8.98620E-05 9.21820E-05 9.28135E-05 9.25426E-05 8.64082E-05 8.12400E-05 8.78085E-05 8.42076E-05 7.88636E-05 9.54487E-05 8.68451E-05 7.41088E-05
