Yield function of production of Ti44 by protons, neutrons, alphas, pi+ and pi-, [(Ti44 atoms * cm2) / (g * prim. part. nucleon)] (computed with Geant4.10).
The primaries are protons.
Energy[GeV/nuc],depths[g/cm2]: 1 3 5 10 15 20 30 40 50 60 70 80 90 100 110 120 130 140 150 160 170 180 190 200 210 220 230 240 250 260 270 280 290 300 310 320 330 340 350 360 370 380 400 410 420 430 446.4
0.01 1.02091E-04 2.50340E-08 2.13318E-08 2.04602E-08 1.85789E-08 1.80169E-08 1.76749E-08 1.41961E-08 1.25228E-08 9.36647E-09 6.97876E-09 5.21447E-09 3.44499E-09 2.53839E-09 1.41452E-09 9.65318E-10 1.27931E-09 9.91507E-10 3.87884E-10 4.65856E-10 6.52678E-10 2.48600E-10 2.34059E-10 2.77817E-11 6.60892E-11 6.15205E-11 3.44105E-11 0.00000E+00 0.00000E+00 0.00000E+00 0.00000E+00 0.00000E+00 0.00000E+00 0.00000E+00 0.00000E+00 0.00000E+00 0.00000E+00 0.00000E+00 0.00000E+00 0.00000E+00 0.00000E+00 0.00000E+00 0.00000E+00 0.00000E+00 0.00000E+00 0.00000E+00 0.00000E+00
0.03 1.03520E-04 1.36798E-05 4.00493E-07 3.76450E-07 3.34424E-07 3.15966E-07 3.06768E-07 2.64581E-07 2.27891E-07 1.87740E-07 1.48443E-07 1.18918E-07 9.54242E-08 7.46396E-08 5.33032E-08 4.25308E-08 3.11539E-08 2.50281E-08 1.65097E-08 1.38115E-08 1.30251E-08 8.25952E-09 6.75909E-09 4.89147E-09 3.51221E-09 2.57436E-09 2.46677E-09 1.70121E-09 1.01744E-09 4.44766E-10 2.22504E-10 1.04477E-10 1.60325E-10 6.34303E-11 6.78653E-11 0.00000E+00 0.00000E+00 0.00000E+00 0.00000E+00 0.00000E+00 0.00000E+00 0.00000E+00 0.00000E+00 0.00000E+00 0.00000E+00 0.00000E+00 0.00000E+00
0.1 1.11079E-04 1.01158E-04 7.99841E-05 5.94938E-05 1.07023E-05 1.02420E-05 9.98083E-06 9.04610E-06 7.99687E-06 6.91345E-06 6.30612E-06 5.09667E-06 4.50891E-06 3.82234E-06 3.20670E-06 2.57502E-06 2.07953E-06 1.74695E-06 1.44576E-06 1.18987E-06 1.04299E-06 8.29565E-07 8.42494E-07 7.50742E-07 5.45645E-07 4.67651E-07 4.09959E-07 3.00220E-07 2.51033E-07 2.09814E-07 1.60470E-07 1.65562E-07 1.57520E-07 1.38190E-07 1.27814E-07 9.85697E-08 7.35890E-08 3.08496E-08 6.10479E-08 3.77502E-08 5.47454E-08 1.87541E-08 4.10926E-08 1.16157E-08 2.50926E-08 4.04520E-08 0.00000E+00
0.18 2.37297E-05 3.59573E-05 4.84673E-05 5.97771E-05 8.37005E-05 8.72255E-05 6.93299E-05 4.36658E-05 4.00109E-05 3.70036E-05 3.24480E-05 2.84222E-05 2.49417E-05 2.17952E-05 1.87973E-05 1.69261E-05 1.46222E-05 1.28865E-05 1.14312E-05 1.00666E-05 9.09482E-06 7.71605E-06 6.84871E-06 6.01931E-06 5.45765E-06 5.06449E-06 4.65175E-06 4.15400E-06 3.95892E-06 3.60795E-06 3.39206E-06 3.20311E-06 2.72449E-06 2.93763E-06 2.22081E-06 2.33506E-06 1.98551E-06 1.87428E-06 1.73910E-06 1.78453E-06 1.31535E-06 1.42947E-06 1.53896E-06 1.75530E-06 1.02115E-06 1.22610E-06 1.44392E-06
0.3 4.61745E-05 5.70990E-05 7.34485E-05 8.34766E-05 1.05008E-04 1.19998E-04 1.31695E-04 1.44085E-04 1.48759E-04 1.44317E-04 1.22336E-04 1.08502E-04 9.65159E-05 8.58759E-05 7.67682E-05 6.98065E-05 6.25185E-05 5.59976E-05 5.01244E-05 4.55263E-05 4.35802E-05 3.79853E-05 3.53124E-05 3.27770E-05 2.87116E-05 2.75828E-05 2.47600E-05 2.33689E-05 2.25404E-05 2.18599E-05 2.02408E-05 1.81485E-05 1.79069E-05 1.92508E-05 1.69256E-05 1.67445E-05 1.51302E-05 1.47543E-05 1.56529E-05 1.10794E-05 1.08658E-05 1.16099E-05 1.16945E-05 1.18927E-05 9.96774E-06 1.48557E-05 9.69802E-06
0.56 9.14841E-05 1.13467E-04 1.37604E-04 1.60336E-04 2.12665E-04 2.47725E-04 2.79856E-04 3.30931E-04 3.58173E-04 3.77603E-04 3.74732E-04 3.66189E-04 3.58280E-04 3.48648E-04 3.31122E-04 3.08966E-04 2.86831E-04 2.68785E-04 2.51330E-04 2.35923E-04 2.16400E-04 1.98070E-04 1.86213E-04 1.73574E-04 1.65278E-04 1.49396E-04 1.44495E-04 1.35630E-04 1.28387E-04 1.20275E-04 1.17423E-04 1.07696E-04 1.05357E-04 1.04529E-04 8.92697E-05 8.86092E-05 9.17667E-05 9.00696E-05 8.11471E-05 8.07637E-05 7.75057E-05 8.56984E-05 7.63196E-05 7.81303E-05 6.38276E-05 5.91368E-05 5.51240E-05
1.0 1.64968E-04 2.00885E-04 2.47104E-04 2.89579E-04 3.79446E-04 4.52507E-04 5.29903E-04 6.24282E-04 6.91162E-04 7.48955E-04 7.69524E-04 8.02077E-04 7.93202E-04 7.82741E-04 7.76266E-04 7.63576E-04 7.37523E-04 7.16404E-04 6.97963E-04 6.65922E-04 6.59806E-04 6.27776E-04 5.90541E-04 5.76223E-04 5.54157E-04 5.29052E-04 5.05363E-04 4.85417E-04 4.62901E-04 4.66333E-04 4.32445E-04 4.25924E-04 4.24840E-04 3.98084E-04 3.83027E-04 3.72831E-04 3.55083E-04 3.44466E-04 3.42606E-04 3.14506E-04 3.06756E-04 3.38241E-04 2.95060E-04 2.48037E-04 2.57142E-04 2.65778E-04 2.69611E-04
3.0 3.98732E-04 4.85412E-04 6.03364E-04 6.97449E-04 9.05729E-04 1.10177E-03 1.26784E-03 1.55471E-03 1.78642E-03 1.96762E-03 2.10486E-03 2.20157E-03 2.28738E-03 2.31399E-03 2.35585E-03 2.38849E-03 2.38519E-03 2.39766E-03 2.37453E-03 2.34452E-03 2.32098E-03 2.28059E-03 2.22527E-03 2.23538E-03 2.18727E-03 2.17003E-03 2.12062E-03 2.11551E-03 2.09918E-03 2.04886E-03 1.96078E-03 1.94632E-03 1.90915E-03 1.85685E-03 1.86133E-03 1.82180E-03 1.80302E-03 1.75640E-03 1.81618E-03 1.75635E-03 1.68426E-03 1.77548E-03 1.70284E-03 1.70081E-03 1.75896E-03 1.99118E-03 1.60119E-03
10.0 1.11234E-03 1.31940E-03 1.63612E-03 1.93279E-03 2.51320E-03 3.00761E-03 3.47856E-03 4.28829E-03 4.95949E-03 5.46660E-03 5.85657E-03 6.16180E-03 6.39378E-03 6.57703E-03 6.80768E-03 6.77545E-03 6.88524E-03 6.95914E-03 6.95410E-03 6.93329E-03 6.91871E-03 6.86120E-03 6.80198E-03 6.78536E-03 6.75486E-03 6.72031E-03 6.55645E-03 6.57325E-03 6.47198E-03 6.38521E-03 6.32101E-03 6.30778E-03 6.26876E-03 6.21096E-03 6.33799E-03 6.40233E-03 6.27312E-03 6.36788E-03 6.21943E-03 6.19392E-03 6.54823E-03 6.00170E-03 5.88239E-03 6.00952E-03 5.94367E-03 5.85898E-03 5.78895E-03
30.0 2.29458E-03 2.70780E-03 3.33536E-03 3.88332E-03 5.10965E-03 6.19184E-03 7.18375E-03 8.99982E-03 1.05597E-02 1.17986E-02 1.29127E-02 1.38426E-02 1.46431E-02 1.53066E-02 1.59255E-02 1.63806E-02 1.68277E-02 1.71524E-02 1.74714E-02 1.77862E-02 1.80419E-02 1.79513E-02 1.80901E-02 1.81978E-02 1.82746E-02 1.85275E-02 1.84331E-02 1.84803E-02 1.83735E-02 1.83313E-02 1.86795E-02 1.86664E-02 1.86253E-02 1.86565E-02 1.90820E-02 1.88957E-02 1.85513E-02 1.86406E-02 1.85562E-02 1.84916E-02 1.82228E-02 1.86220E-02 1.95119E-02 1.89053E-02 1.93125E-02 1.90205E-02 2.22007E-02
100.0 5.57090E-03 6.56411E-03 8.01245E-03 9.28704E-03 1.24053E-02 1.47398E-02 1.74251E-02 2.16186E-02 2.55194E-02 2.90311E-02 3.18450E-02 3.43368E-02 3.63874E-02 3.80850E-02 3.97834E-02 4.11419E-02 4.24326E-02 4.33803E-02 4.44159E-02 4.52677E-02 4.61324E-02 4.62281E-02 4.64235E-02 4.69748E-02 4.69514E-02 4.75403E-02 4.76144E-02 4.77456E-02 4.83631E-02 4.88860E-02 4.85472E-02 5.00010E-02 4.92858E-02 4.89979E-02 4.87978E-02 4.93612E-02 4.88208E-02 4.92061E-02 4.93130E-02 4.91854E-02 4.89045E-02 4.87130E-02 4.83747E-02 4.80717E-02 4.99013E-02 4.72539E-02 4.08341E-02
