Yield function of production of Ti44 by protons, neutrons, alphas, [(Ti44 atoms * cm2) / (g * prim. part. nucleon)] (computed with Geant4.10).
The primaries are protons.
Energy[GeV/nuc],depths[g/cm2]: 1 3 5 10 15 20 30 40 50 60 70 80 90 100 110 120 130 140 150 160 170 180 190 200 210 220 230 240 250 260 270 280 290 300 310 320 330 340 350 360 370 380 400 410 420 430 446.4
0.01 2.68932E-06 0.00000E+00 0.00000E+00 0.00000E+00 0.00000E+00 0.00000E+00 0.00000E+00 0.00000E+00 0.00000E+00 0.00000E+00 0.00000E+00 0.00000E+00 0.00000E+00 0.00000E+00 0.00000E+00 0.00000E+00 0.00000E+00 0.00000E+00 0.00000E+00 0.00000E+00 0.00000E+00 0.00000E+00 0.00000E+00 0.00000E+00 0.00000E+00 0.00000E+00 0.00000E+00 0.00000E+00 0.00000E+00 0.00000E+00 0.00000E+00 0.00000E+00 0.00000E+00 0.00000E+00 0.00000E+00 0.00000E+00 0.00000E+00 0.00000E+00 0.00000E+00 0.00000E+00 0.00000E+00 0.00000E+00 0.00000E+00 0.00000E+00 0.00000E+00 0.00000E+00 0.00000E+00
0.03 1.82442E-06 4.21005E-07 6.21931E-13 5.00194E-13 5.61022E-13 2.69370E-13 3.68029E-13 1.45699E-13 1.16582E-13 6.75679E-14 4.23545E-14 2.24112E-14 1.70971E-14 1.72508E-14 3.98318E-15 2.19831E-15 2.50033E-15 2.80090E-15 7.11108E-16 0.00000E+00 0.00000E+00 0.00000E+00 0.00000E+00 0.00000E+00 0.00000E+00 0.00000E+00 0.00000E+00 0.00000E+00 0.00000E+00 0.00000E+00 0.00000E+00 0.00000E+00 0.00000E+00 0.00000E+00 0.00000E+00 0.00000E+00 0.00000E+00 0.00000E+00 0.00000E+00 0.00000E+00 0.00000E+00 0.00000E+00 0.00000E+00 0.00000E+00 0.00000E+00 0.00000E+00 0.00000E+00
0.1 1.16760E-06 1.13497E-06 9.51960E-07 7.36263E-07 3.06188E-09 2.19791E-09 2.00203E-09 1.49836E-09 1.19201E-09 9.74073E-10 8.28341E-10 6.83544E-10 8.57918E-10 5.21940E-10 4.04564E-10 3.40947E-10 2.85858E-10 2.42365E-10 2.25538E-10 2.07384E-10 1.79331E-10 1.62975E-10 1.25735E-10 1.06383E-10 1.09600E-10 1.74215E-10 1.06697E-10 9.29789E-11 6.67378E-11 4.84179E-11 4.16737E-11 5.18135E-11 3.32626E-11 3.21709E-11 1.78506E-11 1.44745E-11 1.32518E-11 1.29013E-11 2.75943E-11 1.20252E-11 1.79311E-11 2.39607E-11 1.26244E-11 9.86625E-12 2.13133E-11 3.43594E-11 0.00000E+00
0.18 1.14081E-06 1.14434E-06 1.02965E-06 9.45052E-07 7.34041E-07 5.46026E-07 3.58046E-07 1.32017E-08 1.07346E-08 9.26476E-09 7.76691E-09 6.78488E-09 5.99646E-09 5.33662E-09 4.84018E-09 4.26486E-09 3.99203E-09 3.36572E-09 3.08389E-09 2.92476E-09 2.39848E-09 2.22773E-09 2.08071E-09 1.94873E-09 1.86335E-09 1.61932E-09 1.62616E-09 1.48702E-09 1.26654E-09 1.31299E-09 1.14642E-09 1.04885E-09 1.00158E-09 9.36745E-10 7.72029E-10 6.65526E-10 7.21817E-10 6.49402E-10 7.04886E-10 5.97271E-10 7.42618E-10 5.60081E-10 9.22606E-10 6.74957E-10 4.63093E-10 5.99717E-10 2.95784E-10
0.3 1.20166E-06 1.22617E-06 1.14509E-06 1.09541E-06 9.47703E-07 8.42871E-07 7.50207E-07 5.64758E-07 4.00105E-07 2.49901E-07 1.12113E-07 3.11356E-08 2.87902E-08 2.52080E-08 2.15041E-08 1.98671E-08 1.82888E-08 1.77909E-08 1.57961E-08 1.49943E-08 1.41571E-08 1.27068E-08 1.14647E-08 1.28524E-08 1.05826E-08 9.73174E-09 9.20764E-09 8.86828E-09 8.51929E-09 8.56729E-09 7.62700E-09 6.75436E-09 5.86046E-09 6.07149E-09 7.89076E-09 5.63728E-09 4.39440E-09 4.58672E-09 4.66825E-09 4.80077E-09 6.60336E-09 4.77723E-09 4.22201E-09 3.46107E-09 1.95676E-09 1.93735E-09 2.66713E-09
0.56 1.32570E-06 1.29146E-06 1.28764E-06 1.30750E-06 1.30291E-06 1.18048E-06 1.07280E-06 9.71986E-07 8.51157E-07 7.48218E-07 6.56656E-07 5.76720E-07 5.05324E-07 4.43965E-07 3.78765E-07 3.17217E-07 2.70084E-07 2.26362E-07 1.87021E-07 1.47177E-07 1.27599E-07 8.20834E-08 6.57889E-08 6.32271E-08 6.08879E-08 5.51995E-08 5.13684E-08 5.26212E-08 4.85091E-08 4.89977E-08 4.42305E-08 3.99056E-08 3.83151E-08 4.39245E-08 3.57378E-08 3.62470E-08 3.83713E-08 4.59054E-08 3.33246E-08 3.23179E-08 2.93565E-08 3.37847E-08 3.45421E-08 3.07055E-08 2.62818E-08 2.95108E-08 3.99011E-08
1.0 1.37435E-06 1.38670E-06 1.46402E-06 1.45175E-06 1.42405E-06 1.32489E-06 1.33663E-06 1.26418E-06 1.15884E-06 1.09423E-06 1.02093E-06 9.64047E-07 9.19540E-07 8.52374E-07 7.76415E-07 7.71290E-07 6.99082E-07 6.44263E-07 5.97542E-07 5.78253E-07 5.05741E-07 4.81922E-07 4.51489E-07 4.49025E-07 3.81484E-07 3.63279E-07 3.37322E-07 3.34477E-07 3.00260E-07 2.86559E-07 2.58345E-07 2.94882E-07 3.41573E-07 2.29145E-07 2.16170E-07 2.07076E-07 1.81162E-07 1.81054E-07 1.81281E-07 1.53100E-07 1.47825E-07 1.43965E-07 1.20711E-07 1.06736E-07 1.42813E-07 1.10879E-07 8.72653E-08
3.0 1.66905E-06 1.79725E-06 1.82005E-06 1.93414E-06 1.87832E-06 1.90473E-06 1.98814E-06 2.04420E-06 1.94660E-06 1.89124E-06 1.83613E-06 1.84006E-06 1.85804E-06 1.74308E-06 1.73108E-06 1.69821E-06 1.65340E-06 1.57844E-06 1.51624E-06 1.50928E-06 1.45884E-06 1.46794E-06 1.43399E-06 1.34917E-06 1.31917E-06 1.29227E-06 1.30943E-06 1.23744E-06 1.22594E-06 1.23899E-06 1.14524E-06 1.12984E-06 1.13939E-06 1.14847E-06 1.08041E-06 1.07438E-06 1.10316E-06 1.02106E-06 1.62148E-06 1.07216E-06 9.04907E-07 9.42143E-07 9.60858E-07 8.80653E-07 8.70881E-07 4.03380E-06 6.53772E-07
10.0 2.61525E-06 2.78886E-06 2.91034E-06 3.33190E-06 3.32396E-06 3.50644E-06 3.49795E-06 3.57739E-06 3.75195E-06 3.98610E-06 3.86531E-06 4.20612E-06 4.12362E-06 3.87637E-06 4.26642E-06 3.80106E-06 3.83442E-06 3.86460E-06 3.85226E-06 3.71685E-06 3.73453E-06 3.68216E-06 3.48301E-06 3.52308E-06 3.56825E-06 3.47656E-06 3.65310E-06 3.41196E-06 3.37375E-06 3.32110E-06 3.29549E-06 3.21629E-06 3.76640E-06 3.18623E-06 3.27836E-06 3.13594E-06 3.18981E-06 3.42888E-06 3.26492E-06 3.03966E-06 3.68049E-06 3.16682E-06 2.88883E-06 3.07396E-06 3.11489E-06 2.83347E-06 2.52978E-06
30.0 2.78395E-06 3.08869E-06 3.38622E-06 3.69865E-06 4.17572E-06 4.52067E-06 4.89355E-06 5.35091E-06 5.91649E-06 6.09923E-06 6.59251E-06 6.80598E-06 7.28543E-06 7.73464E-06 7.95072E-06 7.69417E-06 7.72282E-06 7.92173E-06 7.98224E-06 8.04066E-06 8.47459E-06 8.40383E-06 8.06277E-06 8.31157E-06 8.71475E-06 8.35916E-06 8.30540E-06 8.34490E-06 8.32834E-06 8.31404E-06 8.84428E-06 8.70030E-06 8.60865E-06 8.59096E-06 9.73924E-06 8.61150E-06 8.46699E-06 8.53759E-06 8.45481E-06 1.11014E-05 8.35171E-06 8.21196E-06 8.68681E-06 8.42824E-06 9.69084E-06 9.00651E-06 8.79720E-06
100.0 6.27263E-06 7.22322E-06 7.68802E-06 7.74823E-06 9.00489E-06 9.67178E-06 1.09145E-05 1.20547E-05 1.26375E-05 1.36728E-05 1.52435E-05 1.53054E-05 1.62061E-05 1.64117E-05 1.78098E-05 1.80424E-05 1.83798E-05 1.85704E-05 1.88912E-05 1.88665E-05 1.94446E-05 1.96197E-05 1.93686E-05 1.91731E-05 2.20240E-05 2.07907E-05 1.96231E-05 2.08128E-05 2.13400E-05 2.09286E-05 1.99435E-05 2.09703E-05 2.01811E-05 2.05428E-05 2.08165E-05 1.99097E-05 2.07890E-05 2.07590E-05 2.12616E-05 1.98807E-05 2.08545E-05 4.14286E-05 1.97296E-05 2.07534E-05 1.83989E-05 1.63914E-05 1.84515E-05
