Yield function of production of Ti44 by protons, neutrons, alphas, [(Ti44 atoms * cm2) / (g * prim. part. nucleon)] (computed with Geant4.10).
The primaries are protons.
Energy[GeV/nuc],depths[g/cm2]: 1 3 5 10 15 20 30 40 50 60 70 80 90 100 110 120 130 140 150 160 170 180 190 200 210 220 230 240 250 260 270 279
0.01 7.50686E-08 0.00000E+00 0.00000E+00 0.00000E+00 0.00000E+00 0.00000E+00 0.00000E+00 0.00000E+00 0.00000E+00 0.00000E+00 0.00000E+00 0.00000E+00 0.00000E+00 0.00000E+00 0.00000E+00 0.00000E+00 0.00000E+00 0.00000E+00 0.00000E+00 0.00000E+00 0.00000E+00 0.00000E+00 0.00000E+00 0.00000E+00 0.00000E+00 0.00000E+00 0.00000E+00 0.00000E+00 0.00000E+00 0.00000E+00 0.00000E+00 0.00000E+00
0.03 1.45134E-07 3.22144E-09 6.24457E-13 5.78047E-13 3.58659E-13 2.97537E-13 2.24865E-13 1.75333E-13 1.15638E-13 8.80074E-14 4.73131E-14 3.47572E-14 2.00600E-14 1.17784E-14 1.20206E-14 9.64593E-15 1.38867E-14 8.22593E-15 4.41914E-15 3.03719E-17 3.63052E-17 0.00000E+00 0.00000E+00 0.00000E+00 0.00000E+00 0.00000E+00 0.00000E+00 0.00000E+00 0.00000E+00 0.00000E+00 0.00000E+00 0.00000E+00
0.1 3.02619E-07 3.07135E-07 2.66923E-07 1.99460E-07 2.96456E-09 2.51900E-09 2.15409E-09 1.53970E-09 1.28755E-09 1.12375E-09 9.82866E-10 8.52622E-10 7.00170E-10 5.91026E-10 4.81328E-10 4.24617E-10 3.85355E-10 3.34993E-10 3.67303E-10 2.44637E-10 3.62289E-10 1.81514E-10 2.19911E-10 2.00854E-10 2.37521E-10 1.40634E-10 1.24408E-10 2.12010E-10 1.12239E-10 1.36700E-10 2.25455E-10 0.00000E+00
0.18 2.65135E-07 2.77308E-07 2.54662E-07 2.41329E-07 2.02130E-07 1.58893E-07 1.07599E-07 1.52613E-08 1.28015E-08 1.10540E-08 9.72864E-09 8.84061E-09 7.78704E-09 6.98497E-09 6.33539E-09 5.86275E-09 5.67698E-09 4.87698E-09 4.43929E-09 4.08634E-09 4.09529E-09 3.65149E-09 3.49581E-09 3.34667E-09 3.56476E-09 2.93448E-09 3.12449E-09 2.67419E-09 3.37830E-09 3.86428E-09 1.97118E-09 2.73634E-09
0.3 2.70722E-07 2.77863E-07 2.69375E-07 2.68945E-07 2.47753E-07 2.32165E-07 2.16445E-07 1.83731E-07 1.45107E-07 1.04370E-07 6.34730E-08 3.82474E-08 3.61824E-08 3.23930E-08 2.90407E-08 2.78749E-08 2.65953E-08 2.43459E-08 2.26215E-08 2.15227E-08 2.05716E-08 2.01670E-08 1.97130E-08 1.88314E-08 1.99239E-08 1.57359E-08 1.60357E-08 1.42900E-08 1.46539E-08 1.53397E-08 1.15766E-08 8.26426E-09
0.56 2.77407E-07 2.86857E-07 3.03453E-07 3.04664E-07 3.09894E-07 3.22862E-07 3.34159E-07 3.10295E-07 2.93446E-07 2.80617E-07 2.73415E-07 2.56439E-07 2.41134E-07 2.20733E-07 2.02649E-07 1.88750E-07 1.72863E-07 1.60306E-07 1.48763E-07 1.33758E-07 1.20325E-07 1.03459E-07 9.58909E-08 9.23258E-08 1.01142E-07 9.63947E-08 9.27494E-08 9.12616E-08 8.54514E-08 8.05314E-08 8.43873E-08 1.00337E-07
1.0 3.17214E-07 3.50091E-07 3.69652E-07 3.87807E-07 4.01448E-07 4.24252E-07 4.40904E-07 4.41627E-07 4.54716E-07 4.55735E-07 4.52812E-07 4.47470E-07 4.41609E-07 4.32132E-07 4.29272E-07 4.26392E-07 4.02874E-07 3.95271E-07 3.89258E-07 3.90860E-07 3.89329E-07 3.88106E-07 3.70415E-07 3.37259E-07 3.79125E-07 3.49511E-07 3.58934E-07 3.33948E-07 3.45574E-07 3.31134E-07 3.26463E-07 2.71549E-07
3.0 5.48920E-07 5.79147E-07 6.43765E-07 6.56200E-07 7.23009E-07 7.52020E-07 7.91764E-07 8.85873E-07 8.93694E-07 9.45449E-07 9.73330E-07 9.97085E-07 9.83746E-07 1.01299E-06 1.02762E-06 1.04447E-06 1.04039E-06 1.06727E-06 1.09723E-06 1.03570E-06 1.05770E-06 1.10980E-06 1.02572E-06 1.07361E-06 1.04059E-06 1.04787E-06 1.01173E-06 1.17345E-06 1.06650E-06 1.16732E-06 1.09929E-06 1.20019E-06
10.0 1.20184E-06 1.27881E-06 1.37682E-06 1.46491E-06 1.62060E-06 1.72980E-06 1.84833E-06 1.99644E-06 2.13520E-06 2.20514E-06 2.32180E-06 2.34855E-06 2.43586E-06 2.46351E-06 2.44148E-06 2.52352E-06 2.54910E-06 2.49787E-06 2.55089E-06 2.52498E-06 2.55945E-06 2.55874E-06 2.63478E-06 2.51435E-06 2.94177E-06 2.69791E-06 2.45566E-06 2.44522E-06 2.58406E-06 2.66727E-06 2.42061E-06 2.58706E-06
30.0 2.14988E-06 2.27870E-06 2.42214E-06 2.53113E-06 2.79132E-06 3.01173E-06 3.21436E-06 3.59118E-06 3.92905E-06 4.20261E-06 4.42136E-06 4.64341E-06 4.81526E-06 5.04815E-06 5.14874E-06 5.31471E-06 5.48957E-06 5.52282E-06 5.66202E-06 5.78171E-06 5.95062E-06 5.97199E-06 6.21665E-06 6.10637E-06 6.22054E-06 6.23933E-06 6.08971E-06 6.15155E-06 6.14736E-06 6.28663E-06 5.65576E-06 6.16836E-06
100.0 4.69968E-06 4.92264E-06 5.26489E-06 5.50067E-06 6.14450E-06 6.57392E-06 7.02012E-06 7.82786E-06 8.59696E-06 9.17509E-06 9.73233E-06 1.03087E-05 1.09210E-05 1.12237E-05 1.17551E-05 1.20018E-05 1.22378E-05 1.29994E-05 1.28748E-05 1.38601E-05 1.35067E-05 1.36948E-05 1.47871E-05 1.40086E-05 1.38639E-05 1.38499E-05 1.43844E-05 1.40811E-05 1.57994E-05 1.44712E-05 1.40844E-05 1.43759E-05
