Yield function of production of Ti44 by protons, neutrons, alphas, pi+ and pi-, [(Ti44 atoms * cm2) / (g * prim. part. nucleon)] (computed with Geant4.10).
The primaries are protons.
Energy[GeV/nuc],depths[g/cm2]: 1 3 5 10 15 20 30 40 50 60 70 80 90 100 110 120 130 140 150 160 170 180 190 200 210 220 230 240 250 260 270 279
0.01 1.06308E-04 2.66645E-08 2.23848E-08 2.12364E-08 1.91254E-08 1.82036E-08 1.73169E-08 1.66922E-08 1.25731E-08 9.92316E-09 8.47132E-09 6.12549E-09 4.59989E-09 2.74789E-09 1.85763E-09 2.04182E-09 1.37146E-09 1.19873E-09 7.84569E-10 6.05920E-10 4.60878E-10 2.58320E-10 5.81511E-11 1.62787E-10 7.59482E-14 1.11187E-13 0.00000E+00 0.00000E+00 0.00000E+00 0.00000E+00 0.00000E+00 0.00000E+00
0.03 1.07948E-04 1.42944E-05 4.30317E-07 3.98827E-07 3.71188E-07 3.56587E-07 3.36519E-07 3.04326E-07 2.58537E-07 2.17888E-07 1.78182E-07 1.40469E-07 1.14534E-07 9.07018E-08 6.71483E-08 5.44623E-08 4.11019E-08 3.26259E-08 2.65465E-08 2.05074E-08 1.62600E-08 1.24391E-08 9.56221E-09 8.19682E-09 5.39375E-09 3.91630E-09 3.92807E-09 3.23061E-10 9.76149E-10 6.69190E-09 2.82989E-08 0.00000E+00
0.1 1.16667E-04 1.06813E-04 8.38754E-05 6.28100E-05 1.18445E-05 1.13080E-05 1.10784E-05 1.02497E-05 9.37041E-06 8.30690E-06 7.00440E-06 6.15911E-06 5.37786E-06 4.90841E-06 3.98369E-06 3.31849E-06 3.01747E-06 2.56621E-06 2.06210E-06 1.74420E-06 1.45768E-06 1.27075E-06 1.24808E-06 1.11179E-06 8.55309E-07 6.94379E-07 5.30960E-07 8.16359E-07 6.34227E-07 2.13554E-07 4.70434E-08 0.00000E+00
0.18 2.74428E-05 4.09510E-05 5.35019E-05 6.52443E-05 9.16760E-05 9.56177E-05 7.81197E-05 5.03744E-05 4.65469E-05 4.32137E-05 3.94978E-05 3.54771E-05 3.15547E-05 2.86351E-05 2.56869E-05 2.30705E-05 2.04527E-05 1.82925E-05 1.73239E-05 1.55625E-05 1.40387E-05 1.28631E-05 1.16934E-05 1.11588E-05 1.12755E-05 9.86854E-06 9.68310E-06 1.06676E-05 9.18654E-06 9.38919E-06 7.76566E-06 5.28957E-06
0.3 5.18314E-05 6.54736E-05 8.18605E-05 9.55442E-05 1.19021E-04 1.37112E-04 1.51355E-04 1.70591E-04 1.76359E-04 1.73028E-04 1.53119E-04 1.32633E-04 1.25062E-04 1.14579E-04 1.03866E-04 9.50274E-05 9.05842E-05 8.11614E-05 7.58574E-05 7.00870E-05 6.59152E-05 6.68857E-05 6.07144E-05 5.87333E-05 5.90097E-05 5.28806E-05 5.35312E-05 5.12511E-05 4.91679E-05 4.70717E-05 3.79487E-05 5.11077E-05
0.56 1.08013E-04 1.31535E-04 1.63109E-04 1.87875E-04 2.44979E-04 2.92013E-04 3.34793E-04 3.96506E-04 4.34991E-04 4.59976E-04 4.76815E-04 4.84379E-04 4.75168E-04 4.63797E-04 4.54137E-04 4.41878E-04 4.19190E-04 3.94476E-04 3.80074E-04 3.67800E-04 3.49069E-04 3.38733E-04 3.19558E-04 3.05591E-04 2.89288E-04 2.70555E-04 2.79376E-04 2.66002E-04 2.48062E-04 2.49125E-04 2.36171E-04 2.46187E-04
1.0 2.00827E-04 2.46741E-04 2.98139E-04 3.53156E-04 4.61788E-04 5.55292E-04 6.36355E-04 7.70717E-04 8.77338E-04 9.40479E-04 1.00831E-03 1.03220E-03 1.04284E-03 1.06308E-03 1.05206E-03 1.06710E-03 1.05936E-03 1.03180E-03 1.03809E-03 1.02068E-03 1.00797E-03 1.01039E-03 9.69160E-04 9.71571E-04 9.59805E-04 9.52520E-04 9.50290E-04 9.38930E-04 9.25198E-04 8.97873E-04 9.24594E-04 8.95823E-04
3.0 5.01060E-04 5.91311E-04 7.41302E-04 8.51594E-04 1.12694E-03 1.36057E-03 1.56067E-03 1.94251E-03 2.24507E-03 2.47572E-03 2.68176E-03 2.87097E-03 2.92837E-03 2.99126E-03 3.10857E-03 3.22364E-03 3.24296E-03 3.23271E-03 3.29722E-03 3.30455E-03 3.26552E-03 3.33262E-03 3.31482E-03 3.37402E-03 3.24645E-03 3.16663E-03 3.23286E-03 3.22509E-03 3.15963E-03 3.40241E-03 3.20948E-03 3.22815E-03
10.0 1.32205E-03 1.57857E-03 1.96065E-03 2.23541E-03 2.95414E-03 3.57382E-03 4.16385E-03 5.18804E-03 5.92576E-03 6.63794E-03 7.14592E-03 7.54279E-03 7.93435E-03 8.26014E-03 8.46069E-03 8.56295E-03 8.77455E-03 8.93870E-03 9.03376E-03 9.09743E-03 8.96744E-03 9.25483E-03 9.14028E-03 9.42884E-03 9.31289E-03 9.06245E-03 9.15453E-03 8.89023E-03 9.06927E-03 9.07825E-03 8.92054E-03 8.90191E-03
30.0 2.70074E-03 3.21143E-03 3.90383E-03 4.54732E-03 5.98549E-03 7.27657E-03 8.44792E-03 1.05511E-02 1.24500E-02 1.41194E-02 1.55181E-02 1.66488E-02 1.77194E-02 1.85752E-02 1.94506E-02 2.02124E-02 2.07633E-02 2.11415E-02 2.17678E-02 2.21894E-02 2.25081E-02 2.28067E-02 2.32741E-02 2.32957E-02 2.34911E-02 2.39387E-02 2.38691E-02 2.43233E-02 2.44499E-02 2.52277E-02 2.34829E-02 2.31578E-02
100.0 6.36466E-03 7.47418E-03 9.04235E-03 1.04416E-02 1.37689E-02 1.67238E-02 1.95193E-02 2.45414E-02 2.87211E-02 3.27243E-02 3.61174E-02 3.93565E-02 4.17293E-02 4.41806E-02 4.62111E-02 4.78815E-02 4.91938E-02 5.17905E-02 5.28720E-02 5.39016E-02 5.49545E-02 5.49192E-02 5.61927E-02 5.68649E-02 5.64356E-02 5.63259E-02 5.66940E-02 5.71292E-02 5.74752E-02 5.57144E-02 5.95850E-02 5.88904E-02
