Yield function of production of Ti44 by protons, neutrons, alphas, [(Ti44 atoms * cm2) / (g * prim. part. nucleon)] (computed with Geant4.10).
The primaries are alphas.
Energy[GeV/nuc],depths[g/cm2]: 1 3 5 10 15 20 30 40 50 60 70 80 90 100 110 120 130 140 150 160 170 180 190 200 210 220 230 240 250 260 270 279
0.01 7.92571E-07 6.27235E-13 6.45910E-13 9.05368E-13 3.49396E-13 2.95588E-13 2.86370E-13 1.78661E-13 1.74846E-13 1.10665E-13 8.19228E-14 7.92791E-14 6.31868E-14 5.37960E-14 3.39823E-14 1.73548E-14 1.97410E-14 2.22874E-14 2.58071E-14 3.02584E-14 3.60146E-14 3.00183E-14 3.67267E-14 4.56405E-14 5.09463E-14 6.81976E-14 0.00000E+00 0.00000E+00 0.00000E+00 0.00000E+00 0.00000E+00 0.00000E+00
0.03 4.43311E-07 3.85606E-08 8.20789E-10 6.92119E-10 5.56109E-10 4.59746E-10 3.80858E-10 3.02806E-10 2.45295E-10 2.12332E-10 1.93585E-10 1.47374E-10 1.18804E-10 1.00753E-10 9.69663E-11 9.26033E-11 6.54235E-11 5.93430E-11 4.98862E-11 4.26125E-11 3.22531E-11 4.00548E-11 3.02672E-11 2.71830E-11 2.22000E-11 1.31562E-11 3.84824E-11 1.26751E-11 1.49722E-11 9.29552E-12 2.18754E-11 0.00000E+00
0.1 3.05944E-07 3.05988E-07 2.69244E-07 2.18350E-07 4.07034E-08 3.46499E-08 2.96121E-08 2.39609E-08 2.07685E-08 1.79133E-08 1.58841E-08 1.39890E-08 1.27385E-08 1.13584E-08 1.05111E-08 9.22879E-09 8.15342E-09 7.81732E-09 7.18604E-09 6.94887E-09 6.19174E-09 6.14227E-09 5.53706E-09 4.91814E-09 4.77780E-09 6.12802E-09 4.09984E-09 5.03986E-09 4.52183E-09 4.16140E-09 1.98499E-09 2.15128E-09
0.18 3.03448E-07 3.38779E-07 3.48523E-07 3.43311E-07 3.26839E-07 2.83295E-07 2.32419E-07 1.33460E-07 1.14452E-07 1.00577E-07 9.33321E-08 8.02627E-08 7.29915E-08 7.05533E-08 6.19056E-08 5.67975E-08 5.46244E-08 5.27500E-08 4.71039E-08 4.59808E-08 4.42920E-08 4.02501E-08 3.79514E-08 3.80020E-08 3.35972E-08 3.21746E-08 3.19187E-08 3.14457E-08 3.18201E-08 2.45789E-08 3.23123E-08 4.69794E-08
0.3 4.05812E-07 4.38368E-07 4.68097E-07 5.04975E-07 5.33799E-07 5.38746E-07 5.28996E-07 4.99267E-07 4.55629E-07 4.06210E-07 3.58783E-07 3.11072E-07 2.87565E-07 2.78939E-07 2.59188E-07 2.35164E-07 2.20452E-07 2.09191E-07 2.05330E-07 1.88866E-07 1.84417E-07 1.77874E-07 1.69098E-07 1.75751E-07 1.58529E-07 1.54518E-07 1.62758E-07 1.57582E-07 1.72866E-07 1.52988E-07 1.69569E-07 1.89094E-07
0.56 6.52991E-07 7.13149E-07 7.90759E-07 8.30253E-07 9.25704E-07 9.95759E-07 1.03613E-06 1.06290E-06 1.08943E-06 1.11327E-06 1.09482E-06 1.05762E-06 1.04187E-06 1.02200E-06 1.00958E-06 9.87743E-07 9.70101E-07 9.08154E-07 9.00333E-07 8.61813E-07 8.93736E-07 8.18041E-07 7.97208E-07 7.61656E-07 7.45677E-07 7.38318E-07 7.56906E-07 7.61816E-07 7.35833E-07 7.78740E-07 6.80246E-07 7.44409E-07
1.0 9.97396E-07 1.08491E-06 1.18492E-06 1.25101E-06 1.39165E-06 1.52290E-06 1.58618E-06 1.70759E-06 1.81356E-06 1.89960E-06 1.86318E-06 1.88969E-06 1.92835E-06 1.88459E-06 1.89300E-06 1.86796E-06 1.85015E-06 1.84748E-06 1.79847E-06 1.78985E-06 1.73790E-06 1.73588E-06 1.72261E-06 1.82512E-06 1.85042E-06 1.77313E-06 1.71913E-06 1.63752E-06 1.60674E-06 1.55495E-06 1.70157E-06 3.34195E-06
3.0 2.02665E-06 2.16296E-06 2.39552E-06 2.51800E-06 2.78602E-06 3.02053E-06 3.21058E-06 3.54721E-06 3.67280E-06 3.92496E-06 4.00661E-06 4.14368E-06 4.19845E-06 4.35599E-06 4.22744E-06 4.36332E-06 4.27041E-06 4.39265E-06 4.33176E-06 4.67469E-06 4.45488E-06 4.55214E-06 4.45144E-06 4.34322E-06 4.39433E-06 4.39744E-06 4.49111E-06 4.52778E-06 4.61769E-06 5.01742E-06 4.89193E-06 4.03609E-06
10.0 4.38731E-06 4.73800E-06 5.05938E-06 5.35952E-06 6.00471E-06 6.48009E-06 6.86563E-06 7.70195E-06 8.27700E-06 8.76671E-06 9.15565E-06 9.50491E-06 9.98693E-06 1.00842E-05 1.03111E-05 1.03994E-05 1.05575E-05 1.08970E-05 1.10302E-05 1.12860E-05 1.10915E-05 1.08752E-05 1.11266E-05 1.11132E-05 1.10367E-05 1.14044E-05 1.11416E-05 1.13483E-05 1.16298E-05 1.08164E-05 1.12385E-05 1.38496E-05
30.0 8.79201E-06 9.26756E-06 1.00147E-05 1.04570E-05 1.16307E-05 1.27743E-05 1.34125E-05 1.51396E-05 1.63556E-05 1.76675E-05 1.88211E-05 1.96693E-05 2.05846E-05 2.12382E-05 2.18937E-05 2.26492E-05 2.28153E-05 2.33859E-05 2.38061E-05 2.45043E-05 2.54115E-05 2.49588E-05 2.52394E-05 2.52320E-05 2.53394E-05 2.58668E-05 2.56529E-05 2.68765E-05 2.67529E-05 2.59076E-05 2.64465E-05 2.74791E-05
100.0 1.90167E-05 2.01641E-05 2.14567E-05 2.26690E-05 2.49496E-05 2.69131E-05 2.87115E-05 3.22672E-05 3.54111E-05 3.77270E-05 3.87637E-05 4.12844E-05 4.26010E-05 4.41354E-05 4.52699E-05 4.81015E-05 4.79545E-05 4.85506E-05 5.06432E-05 5.06221E-05 5.11288E-05 5.10757E-05 5.22111E-05 4.95550E-05 4.91373E-05 5.14067E-05 4.73415E-05 4.94818E-05 4.88627E-05 4.86618E-05 5.11454E-05 5.81373E-05
