Yield function of production of Ti44 by protons, neutrons, alphas, [(Ti44 atoms * cm2) / (g * prim. part. nucleon)] (computed with Geant4.10).
The primaries are protons.
Energy[GeV/nuc],depths[g/cm2]: 1 3 5 10 15 20 30 40 50 60 70 80 90 100 110 120 130 140 150 160 170 180 190 200 210 220 230 240 250 260 270 279
0.01 7.50686E-08 0.00000E+00 0.00000E+00 0.00000E+00 0.00000E+00 0.00000E+00 0.00000E+00 0.00000E+00 0.00000E+00 0.00000E+00 0.00000E+00 0.00000E+00 0.00000E+00 0.00000E+00 0.00000E+00 0.00000E+00 0.00000E+00 0.00000E+00 0.00000E+00 0.00000E+00 0.00000E+00 0.00000E+00 0.00000E+00 0.00000E+00 0.00000E+00 0.00000E+00 0.00000E+00 0.00000E+00 0.00000E+00 0.00000E+00 0.00000E+00 0.00000E+00
0.03 1.45134E-07 3.22144E-09 6.24457E-13 5.78047E-13 3.58659E-13 2.97537E-13 2.24865E-13 1.75333E-13 1.15638E-13 8.80074E-14 4.73131E-14 3.47572E-14 2.00600E-14 1.17784E-14 1.20206E-14 9.64593E-15 1.38867E-14 8.22593E-15 4.41914E-15 3.03719E-17 3.63052E-17 0.00000E+00 0.00000E+00 0.00000E+00 0.00000E+00 0.00000E+00 0.00000E+00 0.00000E+00 0.00000E+00 0.00000E+00 0.00000E+00 0.00000E+00
0.1 3.02619E-07 3.07135E-07 2.66923E-07 1.99460E-07 2.96456E-09 2.51900E-09 2.15409E-09 1.53970E-09 1.28755E-09 1.12375E-09 9.82866E-10 8.52622E-10 7.00170E-10 5.91026E-10 4.81328E-10 4.24617E-10 3.85355E-10 3.34993E-10 3.67303E-10 2.44637E-10 3.62289E-10 1.81514E-10 2.19911E-10 2.00854E-10 2.37521E-10 1.40634E-10 1.24408E-10 2.12010E-10 1.12239E-10 1.36700E-10 2.25455E-10 0.00000E+00
0.18 2.65135E-07 2.77308E-07 2.54662E-07 2.41329E-07 2.02130E-07 1.58893E-07 1.07599E-07 1.52613E-08 1.28015E-08 1.10540E-08 9.72864E-09 8.84061E-09 7.78704E-09 6.98497E-09 6.33539E-09 5.86275E-09 5.67698E-09 4.87698E-09 4.43929E-09 4.08634E-09 4.09529E-09 3.65149E-09 3.49581E-09 3.34667E-09 3.56476E-09 2.93448E-09 3.12449E-09 2.67419E-09 3.37830E-09 3.86428E-09 1.97118E-09 2.73634E-09
0.3 2.71887E-07 2.81091E-07 2.73275E-07 2.69376E-07 2.47861E-07 2.32574E-07 2.16445E-07 1.83731E-07 1.45107E-07 1.04370E-07 6.34730E-08 3.82474E-08 3.61824E-08 3.23930E-08 2.90407E-08 2.78749E-08 2.65953E-08 2.43459E-08 2.26215E-08 2.15227E-08 2.05716E-08 2.01670E-08 1.97130E-08 1.88314E-08 1.99239E-08 1.57359E-08 1.60357E-08 1.42900E-08 1.46539E-08 1.53397E-08 1.15766E-08 8.26426E-09
0.56 1.27776E-06 2.68575E-06 2.09012E-06 1.99408E-06 1.90872E-06 1.97268E-06 1.92039E-06 1.26380E-06 9.82748E-07 7.57163E-07 5.48309E-07 4.41471E-07 3.50055E-07 2.85453E-07 2.54357E-07 2.12150E-07 1.90004E-07 1.80717E-07 1.58331E-07 1.38001E-07 1.22705E-07 1.04458E-07 1.01161E-07 9.23258E-08 1.01272E-07 1.01659E-07 9.27494E-08 9.12616E-08 8.54514E-08 8.05314E-08 1.03475E-07 1.00337E-07
1.0 6.44147E-06 1.04308E-05 9.84169E-06 1.37302E-05 1.62443E-05 1.56839E-05 1.42860E-05 1.30586E-05 2.27145E-05 1.27057E-05 1.71935E-05 1.59424E-05 8.44651E-06 7.85043E-06 6.80263E-06 8.14778E-06 6.57338E-06 4.79486E-06 1.21106E-05 3.74007E-06 3.43740E-06 3.09659E-06 3.43290E-06 2.48192E-06 2.01758E-06 3.24289E-06 1.93148E-06 1.34408E-06 1.08609E-06 1.04913E-06 5.59315E-07 2.71549E-07
3.0 4.43445E-05 4.42872E-05 5.21813E-05 5.89682E-05 7.29849E-05 7.84725E-05 7.48367E-05 8.01638E-05 8.29523E-05 8.80821E-05 8.19823E-05 1.07660E-04 8.41039E-05 7.58857E-05 8.58758E-05 7.71374E-05 8.13545E-05 7.38646E-05 7.32535E-05 6.98513E-05 7.19255E-05 6.29345E-05 6.37022E-05 6.62184E-05 5.80791E-05 6.26999E-05 6.77972E-05 5.92920E-05 6.00984E-05 4.92841E-05 5.18642E-05 7.68582E-05
10.0 1.32221E-04 1.60132E-04 2.07489E-04 1.97477E-04 2.38339E-04 2.44491E-04 2.80964E-04 3.09255E-04 3.10058E-04 3.43492E-04 3.39457E-04 3.58086E-04 3.35978E-04 3.63504E-04 3.80944E-04 3.36025E-04 3.46861E-04 3.49618E-04 3.23495E-04 4.31690E-04 3.38257E-04 3.26045E-04 3.33796E-04 7.25468E-04 3.97397E-04 2.68347E-04 3.04543E-04 2.66944E-04 3.35774E-04 2.01522E-04 2.31155E-04 1.52868E-04
30.0 3.67812E-04 4.27086E-04 4.60657E-04 5.06614E-04 5.78802E-04 6.17003E-04 6.61478E-04 7.28731E-04 8.26280E-04 9.20413E-04 9.00608E-04 9.31577E-04 9.76630E-04 9.87006E-04 9.74058E-04 1.01696E-03 1.04692E-03 1.00920E-03 1.09998E-03 1.00087E-03 1.02080E-03 1.03468E-03 1.04395E-03 1.08232E-03 1.06055E-03 9.65734E-04 9.70818E-04 1.17114E-03 1.01929E-03 1.10203E-03 8.93541E-04 8.12471E-04
100.0 9.72452E-04 1.07650E-03 1.14176E-03 1.20374E-03 1.46232E-03 1.57151E-03 1.71446E-03 1.87798E-03 1.99149E-03 2.05168E-03 2.27349E-03 2.51731E-03 2.39416E-03 2.62486E-03 2.55894E-03 2.62554E-03 2.60469E-03 2.72860E-03 3.01596E-03 2.84000E-03 2.90703E-03 2.70552E-03 2.81582E-03 3.14172E-03 2.68340E-03 2.73432E-03 2.53876E-03 2.57154E-03 3.20385E-03 2.51015E-03 2.32723E-03 2.56552E-03
