Yield function of production of Ti44 by protons, neutrons, alphas, [(Ti44 atoms * cm2) / (g * prim. part. nucleon)] (computed with Geant4.10).
The primaries are alphas.
Energy[GeV/nuc],depths[g/cm2]: 1 3 5 10 15 20 30 40 50 60 70 80 90 100 110 120 130 140 150 160 170 180 190 200 210 220 230 240 250 260 270 279
0.01 1.75393E-04 2.14751E-07 1.94135E-07 1.76660E-07 1.67246E-07 1.56044E-07 1.50413E-07 1.28609E-07 1.14223E-07 9.72737E-08 7.77693E-08 6.11806E-08 4.98386E-08 4.64026E-08 3.51050E-08 2.93501E-08 1.94681E-08 1.79340E-08 1.14552E-08 1.11581E-08 8.53862E-09 1.22633E-08 1.04585E-08 5.92703E-09 7.61317E-09 8.72906E-09 3.32190E-09 1.77611E-09 5.32155E-09 0.00000E+00 0.00000E+00 0.00000E+00
0.03 1.79692E-04 2.77916E-05 3.09628E-06 2.93694E-06 2.83929E-06 2.75423E-06 2.66635E-06 2.48900E-06 2.22684E-06 2.02175E-06 1.75487E-06 1.48176E-06 1.29477E-06 1.10239E-06 9.04139E-07 7.60384E-07 6.50817E-07 6.09596E-07 4.75274E-07 3.79022E-07 3.44766E-07 3.23627E-07 2.62222E-07 2.24230E-07 1.98513E-07 1.74344E-07 1.81009E-07 1.04527E-07 1.03768E-07 5.32043E-08 5.80896E-08 1.49712E-07
0.1 2.97874E-04 2.75083E-04 2.29735E-04 1.82408E-04 7.67204E-05 7.67348E-05 7.62262E-05 7.49245E-05 7.08101E-05 6.59575E-05 6.07169E-05 5.56049E-05 4.96795E-05 4.51881E-05 4.08583E-05 3.62511E-05 3.27879E-05 2.99568E-05 2.71383E-05 2.43383E-05 2.30761E-05 2.27963E-05 2.10436E-05 1.79503E-05 1.67580E-05 1.86971E-05 1.59585E-05 1.63197E-05 1.39285E-05 1.23209E-05 1.42163E-05 9.67789E-06
0.18 3.66702E-04 3.81555E-04 3.89324E-04 3.85171E-04 3.88657E-04 3.70971E-04 3.47241E-04 3.07191E-04 3.02339E-04 2.88863E-04 2.76275E-04 2.56807E-04 2.38295E-04 2.21366E-04 2.04433E-04 1.90550E-04 1.77433E-04 1.73667E-04 1.53328E-04 1.44123E-04 1.35417E-04 1.28881E-04 1.24628E-04 1.13905E-04 1.12611E-04 1.05239E-04 1.07632E-04 1.01650E-04 1.01075E-04 9.22246E-05 8.62854E-05 8.60053E-05
0.3 2.50727E-04 3.23686E-04 4.39161E-04 5.49703E-04 6.81927E-04 7.47995E-04 8.02302E-04 8.79221E-04 9.06622E-04 9.03728E-04 8.80989E-04 8.56342E-04 8.08147E-04 7.74728E-04 7.29646E-04 7.05828E-04 6.79110E-04 6.30571E-04 6.13453E-04 5.88156E-04 5.56191E-04 5.27641E-04 5.13888E-04 4.93876E-04 4.73021E-04 4.80180E-04 4.43410E-04 4.26878E-04 4.14075E-04 4.33955E-04 4.27541E-04 3.93703E-04
0.56 4.64940E-04 5.65267E-04 6.98582E-04 8.12826E-04 1.06612E-03 1.29692E-03 1.49807E-03 1.80560E-03 2.06129E-03 2.24612E-03 2.35853E-03 2.46972E-03 2.53102E-03 2.56782E-03 2.55972E-03 2.51197E-03 2.48467E-03 2.44475E-03 2.40411E-03 2.38973E-03 2.35508E-03 2.25893E-03 2.20511E-03 2.15770E-03 2.12635E-03 2.12925E-03 2.10953E-03 2.02573E-03 2.00139E-03 2.04479E-03 2.04659E-03 2.44572E-03
1.0 8.17824E-04 9.88657E-04 1.22610E-03 1.43097E-03 1.87809E-03 2.28689E-03 2.67267E-03 3.24384E-03 3.73126E-03 4.11255E-03 4.39507E-03 4.63179E-03 4.78997E-03 4.87730E-03 4.93094E-03 4.97866E-03 4.98041E-03 4.97143E-03 4.96690E-03 5.03379E-03 4.94825E-03 4.86549E-03 4.80678E-03 4.83886E-03 4.76047E-03 4.74422E-03 4.68509E-03 4.63811E-03 4.56160E-03 4.49551E-03 4.53530E-03 5.04028E-03
3.0 1.89388E-03 2.25176E-03 2.79289E-03 3.25683E-03 4.30005E-03 5.28850E-03 6.14876E-03 7.66930E-03 8.97893E-03 1.00151E-02 1.08377E-02 1.14327E-02 1.19749E-02 1.24319E-02 1.27348E-02 1.31054E-02 1.30480E-02 1.33990E-02 1.34951E-02 1.36473E-02 1.37475E-02 1.36112E-02 1.36224E-02 1.36697E-02 1.38922E-02 1.41299E-02 1.38177E-02 1.38732E-02 1.38618E-02 1.38891E-02 1.37034E-02 1.54782E-02
10.0 4.55897E-03 5.43866E-03 6.70330E-03 7.83886E-03 1.04692E-02 1.28114E-02 1.50811E-02 1.88726E-02 2.22748E-02 2.50733E-02 2.75059E-02 2.94700E-02 3.11410E-02 3.25383E-02 3.36143E-02 3.42982E-02 3.51978E-02 3.59892E-02 3.64273E-02 3.69996E-02 3.69567E-02 3.75267E-02 3.79801E-02 3.72980E-02 3.77616E-02 3.76571E-02 3.75139E-02 3.84663E-02 3.91721E-02 3.89433E-02 3.85312E-02 4.03702E-02
30.0 9.81979E-03 1.16396E-02 1.45969E-02 1.68555E-02 2.26543E-02 2.78506E-02 3.25716E-02 4.11886E-02 4.87815E-02 5.55313E-02 6.11879E-02 6.59273E-02 7.03571E-02 7.41395E-02 7.72927E-02 7.98684E-02 8.24464E-02 8.46553E-02 8.65862E-02 8.85184E-02 8.99201E-02 9.13585E-02 9.09322E-02 9.18435E-02 9.23856E-02 9.26279E-02 9.45732E-02 9.47137E-02 9.46024E-02 9.36066E-02 9.75962E-02 1.00693E-01
100.0 2.19449E-02 2.60506E-02 3.22752E-02 3.80189E-02 5.06975E-02 6.17265E-02 7.30291E-02 9.20831E-02 1.08348E-01 1.22782E-01 1.35779E-01 1.47104E-01 1.55556E-01 1.63194E-01 1.70577E-01 1.77167E-01 1.83207E-01 1.85407E-01 1.91627E-01 1.93219E-01 1.95798E-01 1.96712E-01 1.97059E-01 1.99683E-01 2.02501E-01 1.99323E-01 1.95741E-01 1.90749E-01 1.99139E-01 1.97531E-01 2.04480E-01 1.83047E-01
