Yield function of production of Ti44 by protons, neutrons, alphas, pi+ and pi-, [(Ti44 atoms * cm2) / (g * prim. part. nucleon)] (computed with Geant4.10).
The primaries are alphas.
Energy[GeV/nuc],depths[g/cm2]: 1 3 5 10 15 20 30 40 50 60 70 80 90 100 110 120 130 140 150 160 170 180 190 200 210 220 230 240 250 260 270 279
0.01 1.75393E-04 2.14751E-07 1.94135E-07 1.76660E-07 1.67246E-07 1.56044E-07 1.50413E-07 1.28609E-07 1.14223E-07 9.72737E-08 7.77693E-08 6.11806E-08 4.98386E-08 4.64026E-08 3.51050E-08 2.93501E-08 1.94681E-08 1.79340E-08 1.14552E-08 1.11581E-08 8.53862E-09 1.22633E-08 1.04585E-08 5.92703E-09 7.61317E-09 8.72906E-09 3.32190E-09 1.77611E-09 5.32155E-09 0.00000E+00 0.00000E+00 0.00000E+00
0.03 1.79692E-04 2.77916E-05 3.09628E-06 2.93694E-06 2.83929E-06 2.75423E-06 2.66635E-06 2.48900E-06 2.22684E-06 2.02175E-06 1.75487E-06 1.48176E-06 1.29477E-06 1.10239E-06 9.04139E-07 7.60384E-07 6.50817E-07 6.09596E-07 4.75274E-07 3.79022E-07 3.44766E-07 3.23627E-07 2.62222E-07 2.24230E-07 1.98513E-07 1.74344E-07 1.81009E-07 1.04527E-07 1.03768E-07 5.32043E-08 5.80896E-08 1.49712E-07
0.1 2.97874E-04 2.75083E-04 2.29735E-04 1.82408E-04 7.67204E-05 7.67348E-05 7.62262E-05 7.49245E-05 7.08101E-05 6.59575E-05 6.07169E-05 5.56049E-05 4.96795E-05 4.51881E-05 4.08583E-05 3.62511E-05 3.27879E-05 2.99568E-05 2.71383E-05 2.43383E-05 2.30761E-05 2.27963E-05 2.10436E-05 1.79503E-05 1.67580E-05 1.86971E-05 1.59585E-05 1.63197E-05 1.39285E-05 1.23209E-05 1.42163E-05 9.67789E-06
0.18 3.66702E-04 3.81555E-04 3.89324E-04 3.85171E-04 3.88657E-04 3.70971E-04 3.47241E-04 3.07191E-04 3.02339E-04 2.88863E-04 2.76275E-04 2.56807E-04 2.38295E-04 2.21366E-04 2.04433E-04 1.90550E-04 1.77433E-04 1.73667E-04 1.53328E-04 1.44123E-04 1.35417E-04 1.28881E-04 1.24628E-04 1.13905E-04 1.12611E-04 1.05239E-04 1.07632E-04 1.01650E-04 1.01075E-04 9.22246E-05 8.62854E-05 8.60053E-05
0.3 2.50738E-04 3.23705E-04 4.39180E-04 5.49756E-04 6.81953E-04 7.48017E-04 8.02327E-04 8.79235E-04 9.06653E-04 9.03751E-04 8.81020E-04 8.56362E-04 8.08174E-04 7.74741E-04 7.29656E-04 7.05846E-04 6.79114E-04 6.30571E-04 6.13462E-04 5.88156E-04 5.56200E-04 5.27650E-04 5.13901E-04 4.93876E-04 4.73021E-04 4.80180E-04 4.43410E-04 4.26878E-04 4.14079E-04 4.33955E-04 4.27541E-04 3.93703E-04
0.56 4.67996E-04 5.69174E-04 7.03376E-04 8.19512E-04 1.07198E-03 1.30285E-03 1.50316E-03 1.80995E-03 2.06476E-03 2.24894E-03 2.36071E-03 2.47162E-03 2.53254E-03 2.56921E-03 2.56079E-03 2.51299E-03 2.48558E-03 2.44555E-03 2.40481E-03 2.39105E-03 2.35554E-03 2.25970E-03 2.20540E-03 2.15791E-03 2.12667E-03 2.12960E-03 2.10999E-03 2.02645E-03 2.00165E-03 2.04508E-03 2.04659E-03 2.44572E-03
1.0 8.52272E-04 1.01707E-03 1.27139E-03 1.47916E-03 1.93000E-03 2.34176E-03 2.72372E-03 3.29800E-03 3.78183E-03 4.16198E-03 4.44170E-03 4.67469E-03 4.83234E-03 4.91584E-03 4.96314E-03 5.01560E-03 5.04112E-03 4.99784E-03 5.04858E-03 5.06578E-03 4.97697E-03 4.88275E-03 4.82381E-03 4.85410E-03 4.77667E-03 4.75938E-03 4.70105E-03 4.65241E-03 4.57445E-03 4.50502E-03 4.54817E-03 5.04597E-03
3.0 2.04103E-03 2.40932E-03 2.98399E-03 3.46413E-03 4.54367E-03 5.54742E-03 6.44406E-03 8.01760E-03 9.32732E-03 1.03335E-02 1.11538E-02 1.17640E-02 1.23077E-02 1.27719E-02 1.30415E-02 1.34210E-02 1.33282E-02 1.37283E-02 1.38067E-02 1.39745E-02 1.40120E-02 1.39071E-02 1.38749E-02 1.39392E-02 1.41535E-02 1.43890E-02 1.40641E-02 1.41409E-02 1.40868E-02 1.41017E-02 1.39428E-02 1.56391E-02
10.0 5.10385E-03 6.09124E-03 7.42819E-03 8.67815E-03 1.14088E-02 1.38798E-02 1.62156E-02 2.01462E-02 2.36604E-02 2.64552E-02 2.89169E-02 3.08702E-02 3.26216E-02 3.40416E-02 3.51993E-02 3.60055E-02 3.66566E-02 3.74284E-02 3.77895E-02 3.83595E-02 3.83107E-02 3.88546E-02 3.92857E-02 3.87776E-02 3.91467E-02 3.89727E-02 3.88183E-02 3.96991E-02 4.05335E-02 4.41813E-02 3.97230E-02 4.16068E-02
30.0 1.12967E-02 1.33179E-02 1.64963E-02 1.89414E-02 2.50796E-02 3.03378E-02 3.54167E-02 4.44524E-02 5.22659E-02 5.91311E-02 6.49884E-02 6.98051E-02 7.43222E-02 7.82391E-02 8.15523E-02 8.41469E-02 8.65967E-02 8.88214E-02 9.09281E-02 9.31203E-02 9.46512E-02 9.56550E-02 9.50711E-02 9.59045E-02 9.63599E-02 9.74755E-02 9.84409E-02 9.90825E-02 9.87324E-02 9.73992E-02 1.01457E-01 1.04691E-01
100.0 2.59619E-02 3.02670E-02 3.70040E-02 4.30238E-02 5.63880E-02 6.78733E-02 7.99481E-02 1.00381E-01 1.16738E-01 1.31810E-01 1.45464E-01 1.56730E-01 1.66051E-01 1.72662E-01 1.80599E-01 1.86641E-01 1.93195E-01 1.95649E-01 2.02018E-01 2.03710E-01 2.06389E-01 2.06915E-01 2.06751E-01 2.09374E-01 2.12673E-01 2.07490E-01 2.04998E-01 1.99080E-01 2.07556E-01 2.08706E-01 2.15647E-01 1.90158E-01
