Yield function of production of Ti44 by protons, neutrons, alphas, [(Ti44 atoms * cm2) / (g * prim. part. nucleon)] (computed with Geant4.10).
The primaries are protons.
Energy[GeV/nuc],depths[g/cm2]: 1 3 5 10 15 20 30 40 50 60 70 80 90 100 110 120 130 140 150 160 170 180 190 200 210 220 230 240 250 260 270 279
0.01 1.06308E-04 2.66645E-08 2.23848E-08 2.12364E-08 1.91254E-08 1.82036E-08 1.73169E-08 1.66922E-08 1.25731E-08 9.92316E-09 8.47132E-09 6.12549E-09 4.59989E-09 2.74789E-09 1.85763E-09 2.04182E-09 1.37146E-09 1.19873E-09 7.84569E-10 6.05920E-10 4.60878E-10 2.58320E-10 5.81511E-11 1.62787E-10 7.59482E-14 1.11187E-13 0.00000E+00 0.00000E+00 0.00000E+00 0.00000E+00 0.00000E+00 0.00000E+00
0.03 1.07948E-04 1.42944E-05 4.30317E-07 3.98827E-07 3.71188E-07 3.56587E-07 3.36519E-07 3.04326E-07 2.58537E-07 2.17888E-07 1.78182E-07 1.40469E-07 1.14534E-07 9.07018E-08 6.71483E-08 5.44623E-08 4.11019E-08 3.26259E-08 2.65465E-08 2.05074E-08 1.62600E-08 1.24391E-08 9.56221E-09 8.19682E-09 5.39375E-09 3.91630E-09 3.92807E-09 3.23061E-10 9.76149E-10 6.69190E-09 2.82989E-08 0.00000E+00
0.1 1.16667E-04 1.06813E-04 8.38754E-05 6.28100E-05 1.18445E-05 1.13080E-05 1.10784E-05 1.02497E-05 9.37041E-06 8.30690E-06 7.00440E-06 6.15911E-06 5.37786E-06 4.90841E-06 3.98369E-06 3.31849E-06 3.01747E-06 2.56621E-06 2.06210E-06 1.74420E-06 1.45768E-06 1.27075E-06 1.24808E-06 1.11179E-06 8.55309E-07 6.94379E-07 5.30960E-07 8.16359E-07 6.34227E-07 2.13554E-07 4.70434E-08 0.00000E+00
0.18 2.74428E-05 4.09510E-05 5.35019E-05 6.52443E-05 9.16760E-05 9.56177E-05 7.81197E-05 5.03744E-05 4.65469E-05 4.32137E-05 3.94978E-05 3.54771E-05 3.15547E-05 2.86351E-05 2.56869E-05 2.30705E-05 2.04527E-05 1.82925E-05 1.73239E-05 1.55625E-05 1.40387E-05 1.28631E-05 1.16934E-05 1.11588E-05 1.12755E-05 9.86854E-06 9.68310E-06 1.06676E-05 9.18654E-06 9.38919E-06 7.76566E-06 5.28957E-06
0.3 5.18303E-05 6.54703E-05 8.18566E-05 9.55438E-05 1.19021E-04 1.37111E-04 1.51355E-04 1.70591E-04 1.76359E-04 1.73028E-04 1.53119E-04 1.32633E-04 1.25062E-04 1.14579E-04 1.03866E-04 9.50274E-05 9.05842E-05 8.11614E-05 7.58574E-05 7.00870E-05 6.59152E-05 6.68857E-05 6.07144E-05 5.87333E-05 5.90097E-05 5.28806E-05 5.35312E-05 5.12511E-05 4.91679E-05 4.70717E-05 3.79487E-05 5.11077E-05
0.56 1.07013E-04 1.29136E-04 1.61322E-04 1.86185E-04 2.43380E-04 2.90363E-04 3.33207E-04 3.95552E-04 4.34302E-04 4.59499E-04 4.76540E-04 4.84194E-04 4.75059E-04 4.63732E-04 4.54085E-04 4.41854E-04 4.19173E-04 3.94456E-04 3.80064E-04 3.67796E-04 3.49067E-04 3.38732E-04 3.19553E-04 3.05591E-04 2.89288E-04 2.70550E-04 2.79376E-04 2.66002E-04 2.48062E-04 2.49125E-04 2.36152E-04 2.46187E-04
1.0 1.94702E-04 2.36660E-04 2.88667E-04 3.39814E-04 4.45945E-04 5.40032E-04 6.22510E-04 7.58100E-04 8.55078E-04 9.28229E-04 9.91572E-04 1.01671E-03 1.03484E-03 1.05567E-03 1.04569E-03 1.05938E-03 1.05319E-03 1.02740E-03 1.02636E-03 1.01733E-03 1.00492E-03 1.00768E-03 9.66098E-04 9.69427E-04 9.58167E-04 9.49626E-04 9.48717E-04 9.37920E-04 9.24458E-04 8.97155E-04 9.24361E-04 8.95823E-04
3.0 4.57264E-04 5.47603E-04 6.89765E-04 7.93282E-04 1.05468E-03 1.28285E-03 1.48662E-03 1.86323E-03 2.16302E-03 2.38859E-03 2.60075E-03 2.76430E-03 2.84525E-03 2.91638E-03 3.02372E-03 3.14754E-03 3.16264E-03 3.15991E-03 3.22506E-03 3.23573E-03 3.19465E-03 3.27079E-03 3.25215E-03 3.30888E-03 3.18942E-03 3.10497E-03 3.16607E-03 3.16697E-03 3.10060E-03 3.35429E-03 3.15872E-03 3.15249E-03
10.0 1.19103E-03 1.41972E-03 1.75454E-03 2.03939E-03 2.71742E-03 3.33106E-03 3.88474E-03 4.88079E-03 5.61784E-03 6.29665E-03 6.80879E-03 7.18705E-03 7.60081E-03 7.89910E-03 8.08219E-03 8.22945E-03 8.43023E-03 8.59158E-03 8.71281E-03 8.66827E-03 8.63174E-03 8.93134E-03 8.80912E-03 8.70589E-03 8.91843E-03 8.79680E-03 8.85244E-03 8.62573E-03 8.73608E-03 8.87939E-03 8.69180E-03 8.75163E-03
30.0 2.33507E-03 2.78662E-03 3.44559E-03 4.04324E-03 5.40948E-03 6.66257E-03 7.78965E-03 9.82598E-03 1.16277E-02 1.32032E-02 1.46219E-02 1.57218E-02 1.67476E-02 1.75933E-02 1.84817E-02 1.92007E-02 1.97218E-02 2.01378E-02 2.06735E-02 2.11943E-02 2.14932E-02 2.17780E-02 2.22364E-02 2.22195E-02 2.24368E-02 2.29792E-02 2.29044E-02 2.31583E-02 2.34367E-02 2.41320E-02 2.25950E-02 2.23515E-02
100.0 5.39691E-03 6.40260E-03 7.90585E-03 9.24336E-03 1.23127E-02 1.51589E-02 1.78119E-02 2.26712E-02 2.67382E-02 3.06818E-02 3.38537E-02 3.68495E-02 3.93460E-02 4.15669E-02 4.36639E-02 4.52680E-02 4.66014E-02 4.90749E-02 4.98689E-02 5.10754E-02 5.20610E-02 5.22273E-02 5.33916E-02 5.37372E-02 5.37661E-02 5.36054E-02 5.41696E-02 5.45718E-02 5.42871E-02 5.32188E-02 5.72719E-02 5.63393E-02
