Yield function of production of Ti44 by protons, neutrons, alphas, [(Ti44 atoms * cm2) / (g * prim. part. nucleon)] (computed with Geant4.10).
The primaries are alphas.
Energy[GeV/nuc],depths[g/cm2]: 1 3 5 10 15 20 30 40 50 60 70 80 90 100 110 120 130 140 150 160 170 180 190 200 210 220 230 240 250 260 270 279
0.01 7.92571E-07 6.27235E-13 6.45910E-13 9.05368E-13 3.49396E-13 2.95588E-13 2.86370E-13 1.78661E-13 1.74846E-13 1.10665E-13 8.19228E-14 7.92791E-14 6.31868E-14 5.37960E-14 3.39823E-14 1.73548E-14 1.97410E-14 2.22874E-14 2.58071E-14 3.02584E-14 3.60146E-14 3.00183E-14 3.67267E-14 4.56405E-14 5.09463E-14 6.81976E-14 0.00000E+00 0.00000E+00 0.00000E+00 0.00000E+00 0.00000E+00 0.00000E+00
0.03 4.43311E-07 3.85606E-08 8.20789E-10 6.92119E-10 5.56109E-10 4.59746E-10 3.80858E-10 3.02806E-10 2.45295E-10 2.12332E-10 1.93585E-10 1.47374E-10 1.18804E-10 1.00753E-10 9.69663E-11 9.26033E-11 6.54235E-11 5.93430E-11 4.98862E-11 4.26125E-11 3.22531E-11 4.00548E-11 3.02672E-11 2.71830E-11 2.22000E-11 1.31562E-11 3.84824E-11 1.26751E-11 1.49722E-11 9.29552E-12 2.18754E-11 0.00000E+00
0.1 3.05944E-07 3.05988E-07 2.69244E-07 2.18350E-07 4.07034E-08 3.46499E-08 2.96121E-08 2.39609E-08 2.07685E-08 1.79133E-08 1.58841E-08 1.39890E-08 1.27385E-08 1.13584E-08 1.05111E-08 9.22879E-09 8.15342E-09 7.81732E-09 7.18604E-09 6.94887E-09 6.19174E-09 6.14227E-09 5.53706E-09 4.91814E-09 4.77780E-09 6.12802E-09 4.09984E-09 5.03986E-09 4.52183E-09 4.16140E-09 1.98499E-09 2.15128E-09
0.18 3.03448E-07 3.38807E-07 3.48628E-07 3.43311E-07 3.26839E-07 2.83295E-07 2.32419E-07 1.33460E-07 1.14452E-07 1.00577E-07 9.33321E-08 8.02627E-08 7.29915E-08 7.05533E-08 6.19056E-08 5.67975E-08 5.46244E-08 5.27500E-08 4.71039E-08 4.59808E-08 4.42920E-08 4.02501E-08 3.79514E-08 3.80020E-08 3.35972E-08 3.21746E-08 3.19187E-08 3.14457E-08 3.18201E-08 2.45789E-08 3.23123E-08 4.69794E-08
0.3 4.16981E-07 4.57787E-07 4.86853E-07 5.57629E-07 5.59531E-07 5.60669E-07 5.54299E-07 5.13001E-07 4.86320E-07 4.29557E-07 3.90320E-07 3.31273E-07 3.14843E-07 2.92408E-07 2.68981E-07 2.53073E-07 2.24338E-07 2.09191E-07 2.14311E-07 1.88866E-07 1.94192E-07 1.86645E-07 1.81308E-07 1.75751E-07 1.58529E-07 1.54518E-07 1.62758E-07 1.57582E-07 1.77080E-07 1.52988E-07 1.69569E-07 1.89094E-07
0.56 3.70917E-06 4.62037E-06 5.58439E-06 7.51609E-06 6.78264E-06 6.91890E-06 6.12047E-06 5.41552E-06 4.55263E-06 3.92859E-06 3.27197E-06 2.95603E-06 2.56180E-06 2.41370E-06 2.07757E-06 2.01533E-06 1.88252E-06 1.71666E-06 1.60543E-06 2.18141E-06 1.36256E-06 1.59620E-06 1.08192E-06 9.67946E-07 1.06487E-06 1.09505E-06 1.21418E-06 1.47207E-06 9.88878E-07 1.06520E-06 6.80246E-07 7.44409E-07
1.0 3.54458E-05 2.94996E-05 4.64686E-05 4.94362E-05 5.32971E-05 5.63888E-05 5.26356E-05 5.58614E-05 5.23849E-05 5.13308E-05 4.84963E-05 4.47908E-05 4.43014E-05 4.04290E-05 3.40892E-05 3.88062E-05 6.25648E-05 2.82567E-05 8.34782E-05 3.37822E-05 3.04565E-05 1.89888E-05 1.87541E-05 1.70619E-05 1.80567E-05 1.69395E-05 1.76771E-05 1.59341E-05 1.44595E-05 1.10649E-05 1.45703E-05 9.03541E-06
3.0 1.49173E-04 1.59723E-04 1.93495E-04 2.09814E-04 2.46407E-04 2.61945E-04 2.98516E-04 3.51844E-04 3.52064E-04 3.22355E-04 3.20098E-04 3.35479E-04 3.36999E-04 3.44359E-04 3.10999E-04 3.19945E-04 2.84437E-04 3.33659E-04 3.15874E-04 3.31932E-04 2.68959E-04 3.00433E-04 2.56900E-04 2.73898E-04 2.65686E-04 2.63456E-04 2.50865E-04 2.72204E-04 2.29620E-04 2.17613E-04 2.44342E-04 1.64877E-04
10.0 5.49264E-04 6.57318E-04 7.29951E-04 8.44650E-04 9.45618E-04 1.07491E-03 1.14141E-03 1.28136E-03 1.39391E-03 1.39073E-03 1.42014E-03 1.40970E-03 1.49060E-03 1.51343E-03 1.59536E-03 1.71770E-03 1.46936E-03 1.45010E-03 1.37329E-03 1.37111E-03 1.36504E-03 1.33872E-03 1.31677E-03 1.49076E-03 1.39616E-03 1.32699E-03 1.31559E-03 1.24423E-03 1.37298E-03 5.24882E-03 1.20309E-03 1.25045E-03
30.0 1.48573E-03 1.68756E-03 1.90939E-03 2.09634E-03 2.43701E-03 2.49999E-03 2.85851E-03 3.27897E-03 3.50073E-03 3.61750E-03 3.81933E-03 3.89748E-03 3.98564E-03 4.12085E-03 4.28144E-03 4.30120E-03 4.17311E-03 4.18948E-03 4.36574E-03 4.62645E-03 4.75654E-03 4.32145E-03 4.16421E-03 4.08623E-03 3.99967E-03 4.87346E-03 3.89335E-03 4.39561E-03 4.15674E-03 3.81851E-03 3.88737E-03 4.02636E-03
100.0 4.03595E-03 4.23665E-03 4.75030E-03 5.02761E-03 5.71546E-03 6.17371E-03 6.94767E-03 8.33015E-03 8.42480E-03 9.06546E-03 9.72458E-03 9.66777E-03 1.05377E-02 9.51220E-03 1.00672E-02 9.52199E-03 1.00359E-02 1.02907E-02 1.04410E-02 1.05410E-02 1.06422E-02 1.02542E-02 9.74427E-03 9.74046E-03 1.02202E-02 8.21839E-03 9.30481E-03 8.38121E-03 8.46582E-03 1.12230E-02 1.12175E-02 7.16849E-03
