Yield function of production of Ti44 by protons, neutrons, alphas, pi+ and pi-, [(Ti44 atoms * cm2) / (g * prim. part. nucleon)] (computed with Geant4.10).
The primaries are alphas.
Energy[GeV/nuc],depths[g/cm2]: 1 3 5 10 15 20 30 40 50 60 70 80 90 100 110 120 130 140 150 160 170 180 190 200 210 220 230 240 250 260 270 280 290 300 310 316.2
0.01 3.62443E-06 7.36585E-15 7.57562E-15 8.37252E-15 3.34869E-15 2.84615E-15 1.12192E-15 8.95244E-16 1.01218E-15 1.18734E-15 4.48787E-16 4.91085E-16 5.40023E-16 5.97132E-16 6.64557E-16 7.45128E-16 0.00000E+00 0.00000E+00 0.00000E+00 0.00000E+00 0.00000E+00 0.00000E+00 0.00000E+00 0.00000E+00 0.00000E+00 0.00000E+00 0.00000E+00 0.00000E+00 0.00000E+00 0.00000E+00 0.00000E+00 0.00000E+00 0.00000E+00 0.00000E+00 0.00000E+00 0.00000E+00
0.03 1.34157E-05 1.93332E-07 1.05309E-10 9.68110E-11 7.23147E-11 6.22209E-11 5.19865E-11 4.00117E-11 3.24623E-11 2.51117E-11 2.18557E-11 1.87505E-11 1.57009E-11 1.38940E-11 1.16500E-11 9.83497E-12 8.56423E-12 7.52350E-12 6.91942E-12 6.08277E-12 5.28420E-12 6.43605E-12 5.13076E-12 3.89729E-12 4.67224E-12 2.92114E-12 2.12556E-12 2.02297E-12 3.52073E-12 2.36935E-12 9.43268E-13 1.56119E-12 1.56651E-12 3.76929E-12 1.26295E-11 0.00000E+00
0.1 1.54654E-05 1.39219E-05 1.03952E-05 6.90931E-06 2.81785E-08 2.35935E-08 2.05261E-08 1.79743E-08 1.46937E-08 1.36734E-08 1.22514E-08 1.05229E-08 9.74762E-09 8.67824E-09 7.71869E-09 7.11315E-09 6.52576E-09 5.71625E-09 5.30027E-09 5.05760E-09 7.28995E-09 4.49214E-09 4.03860E-09 4.20314E-09 4.52127E-09 3.49683E-09 3.40504E-09 2.85246E-09 2.18264E-09 2.21675E-09 2.73416E-09 2.09215E-09 2.98414E-09 1.64991E-09 4.29771E-10 0.00000E+00
0.18 1.21963E-05 1.18354E-05 1.04637E-05 9.73652E-06 7.76329E-06 5.62157E-06 3.31044E-06 2.26080E-07 1.90926E-07 1.72031E-07 1.48986E-07 1.35070E-07 1.23010E-07 1.16357E-07 1.08257E-07 1.00709E-07 9.08449E-08 8.22719E-08 7.87655E-08 7.62243E-08 7.48042E-08 7.03620E-08 6.55776E-08 6.29141E-08 5.52985E-08 5.86708E-08 5.58236E-08 4.93729E-08 5.38666E-08 5.53716E-08 6.18702E-08 6.23152E-08 5.45762E-08 3.59493E-08 4.01759E-08 3.30399E-08
0.3 1.24640E-05 1.26386E-05 1.21783E-05 1.09103E-05 9.50986E-06 8.27435E-06 7.29696E-06 5.61332E-06 4.29416E-06 3.03543E-06 1.71564E-06 1.10317E-06 1.02083E-06 9.39315E-07 8.59182E-07 8.21250E-07 7.56791E-07 7.10394E-07 6.33943E-07 6.10628E-07 5.60224E-07 5.55622E-07 5.21788E-07 4.78491E-07 4.47096E-07 4.39616E-07 4.37885E-07 4.10773E-07 4.37017E-07 3.96121E-07 3.88050E-07 4.02391E-07 4.46174E-07 5.71149E-07 2.73272E-07 4.58440E-07
0.56 1.53867E-05 1.55074E-05 1.57229E-05 1.56698E-05 1.54610E-05 1.52568E-05 1.46176E-05 1.38632E-05 1.27582E-05 1.20042E-05 1.11813E-05 1.01464E-05 9.38477E-06 8.71498E-06 8.07805E-06 7.50617E-06 6.84073E-06 6.29770E-06 5.97416E-06 5.54219E-06 5.17993E-06 4.81320E-06 4.65250E-06 4.56115E-06 4.22491E-06 4.13688E-06 3.91485E-06 3.85617E-06 3.67646E-06 3.82089E-06 3.29494E-06 3.67608E-06 3.89542E-06 3.66854E-06 2.63022E-06 1.63668E-06
1.0 1.96654E-05 2.03732E-05 2.13250E-05 2.18604E-05 2.27331E-05 2.41709E-05 2.42899E-05 2.45209E-05 2.44729E-05 2.43846E-05 2.40455E-05 2.26486E-05 2.18472E-05 2.14000E-05 2.06327E-05 2.02476E-05 1.99242E-05 1.85709E-05 1.77193E-05 1.76688E-05 1.71831E-05 1.60978E-05 1.60547E-05 1.55409E-05 1.52070E-05 1.46672E-05 1.47980E-05 1.96716E-05 1.41858E-05 1.36342E-05 1.33023E-05 1.21018E-05 1.22986E-05 1.31744E-05 1.48993E-05 1.16709E-05
3.0 3.17709E-05 3.24055E-05 3.43493E-05 3.61417E-05 3.87127E-05 4.06258E-05 4.15437E-05 4.37900E-05 4.54569E-05 4.69806E-05 4.87966E-05 4.81816E-05 4.72771E-05 4.95314E-05 4.94687E-05 4.83436E-05 5.02827E-05 4.72496E-05 4.83671E-05 4.63053E-05 4.66569E-05 4.52798E-05 4.61931E-05 4.46224E-05 4.47456E-05 4.51473E-05 4.40084E-05 4.44646E-05 4.45428E-05 4.14119E-05 4.34017E-05 4.39763E-05 4.42898E-05 3.71053E-05 4.08431E-05 2.13299E-05
10.0 5.03554E-05 5.23468E-05 5.66715E-05 5.92233E-05 6.32694E-05 6.78611E-05 7.08646E-05 7.74287E-05 8.24365E-05 8.46392E-05 9.00860E-05 8.97461E-05 9.22555E-05 9.34075E-05 9.45354E-05 1.00240E-04 9.70344E-05 9.88657E-05 1.00292E-04 9.95490E-05 9.83146E-05 1.00001E-04 1.04375E-04 1.02525E-04 1.01137E-04 9.82398E-05 1.08309E-04 9.52254E-05 9.82021E-05 9.59078E-05 9.15852E-05 9.64256E-05 9.55846E-05 1.16430E-04 8.86172E-05 8.45741E-05
30.0 8.56794E-05 8.86780E-05 9.49518E-05 9.61752E-05 1.10487E-04 1.14667E-04 1.20978E-04 1.30607E-04 1.38430E-04 1.44193E-04 1.49700E-04 1.64404E-04 1.69414E-04 1.74003E-04 1.74655E-04 1.76644E-04 1.80242E-04 1.88195E-04 1.89433E-04 1.93343E-04 1.93451E-04 1.98097E-04 1.97050E-04 1.93160E-04 1.94467E-04 2.01437E-04 1.93811E-04 2.05087E-04 1.88086E-04 1.87658E-04 1.75912E-04 1.90971E-04 1.79360E-04 1.75638E-04 1.84990E-04 2.30427E-04
100.0 1.53483E-04 1.62679E-04 1.72309E-04 1.78885E-04 2.12281E-04 2.15938E-04 2.33307E-04 2.42260E-04 2.62394E-04 2.79430E-04 2.80845E-04 3.05843E-04 3.48317E-04 3.27387E-04 3.39360E-04 3.48897E-04 3.70804E-04 3.62032E-04 3.69885E-04 3.69492E-04 3.69685E-04 3.73336E-04 3.90587E-04 3.97074E-04 4.01414E-04 4.09755E-04 4.13278E-04 3.95854E-04 4.32309E-04 4.43012E-04 4.33108E-04 4.42485E-04 4.18414E-04 5.39717E-04 5.79671E-04 3.61194E-04
