Yield function of production of Ti44 by protons, neutrons, alphas, pi+ and pi-, [(Ti44 atoms * cm2) / (g * prim. part. nucleon)] (computed with Geant4.10).
The primaries are protons.
Energy[GeV/nuc],depths[g/cm2]: 1 3 5 10 15 20 30 40 50 60 70 80 90 100 110 120 130 140 150 160 170 180 190 200 210 220 230 240 250 260 270 280 290 300 310 316.2
0.01 0.00000E+00 0.00000E+00 0.00000E+00 0.00000E+00 0.00000E+00 0.00000E+00 0.00000E+00 0.00000E+00 0.00000E+00 0.00000E+00 0.00000E+00 0.00000E+00 0.00000E+00 0.00000E+00 0.00000E+00 0.00000E+00 0.00000E+00 0.00000E+00 0.00000E+00 0.00000E+00 0.00000E+00 0.00000E+00 0.00000E+00 0.00000E+00 0.00000E+00 0.00000E+00 0.00000E+00 0.00000E+00 0.00000E+00 0.00000E+00 0.00000E+00 0.00000E+00 0.00000E+00 0.00000E+00 0.00000E+00 0.00000E+00
0.03 9.85736E-09 1.10296E-15 1.12503E-15 0.00000E+00 0.00000E+00 0.00000E+00 0.00000E+00 0.00000E+00 0.00000E+00 0.00000E+00 0.00000E+00 0.00000E+00 0.00000E+00 0.00000E+00 0.00000E+00 0.00000E+00 0.00000E+00 0.00000E+00 0.00000E+00 0.00000E+00 0.00000E+00 0.00000E+00 0.00000E+00 0.00000E+00 0.00000E+00 0.00000E+00 0.00000E+00 0.00000E+00 0.00000E+00 0.00000E+00 0.00000E+00 0.00000E+00 0.00000E+00 0.00000E+00 0.00000E+00 0.00000E+00
0.1 6.46072E-07 2.63450E-07 5.76255E-08 2.41708E-08 3.45658E-10 2.89639E-10 2.49168E-10 1.99316E-10 1.63053E-10 1.45663E-10 1.15919E-10 9.50062E-11 8.49577E-11 8.55400E-11 7.14954E-11 6.46242E-11 5.51495E-11 5.09882E-11 3.97709E-11 3.89457E-11 2.48938E-11 2.54169E-11 2.55763E-11 2.13912E-11 2.15429E-11 1.63294E-11 1.54532E-11 1.25666E-11 1.19771E-11 1.65463E-11 1.16657E-11 1.23041E-11 1.67194E-11 1.02269E-11 3.67501E-11 0.00000E+00
0.18 2.28461E-06 1.67521E-06 1.29123E-06 9.51266E-07 4.32221E-07 1.53323E-07 3.18013E-08 1.07447E-08 8.88970E-09 8.01558E-09 7.18055E-09 6.53756E-09 5.96183E-09 5.37603E-09 4.60586E-09 4.16874E-09 3.65994E-09 3.65063E-09 3.23443E-09 3.04169E-09 2.86309E-09 2.50214E-09 2.28515E-09 2.07861E-09 2.23336E-09 2.12497E-09 1.73505E-09 1.72411E-09 2.03766E-09 2.03872E-09 1.51318E-09 1.87292E-09 2.05063E-09 2.29430E-09 4.58308E-09 1.78269E-09
0.3 4.84432E-06 4.55350E-06 3.95945E-06 3.38897E-06 2.58544E-06 1.96783E-06 1.50186E-06 8.22803E-07 4.05305E-07 1.68826E-07 9.25780E-08 8.69650E-08 7.70292E-08 6.99754E-08 6.10102E-08 6.05408E-08 5.45515E-08 5.33904E-08 4.78307E-08 4.94124E-08 4.29229E-08 3.78277E-08 3.76587E-08 3.60724E-08 3.65620E-08 3.62716E-08 3.73458E-08 3.68804E-08 3.28659E-08 2.79107E-08 3.04260E-08 3.29483E-08 3.55571E-08 3.11347E-08 3.35779E-08 9.61056E-09
0.56 8.42706E-06 8.51730E-06 8.12176E-06 7.79340E-06 7.18536E-06 6.31961E-06 5.99786E-06 4.83326E-06 4.05319E-06 3.38520E-06 2.87110E-06 2.37625E-06 1.96212E-06 1.64222E-06 1.32436E-06 1.09835E-06 8.74041E-07 7.25393E-07 5.91059E-07 4.91645E-07 4.19220E-07 3.81102E-07 4.13418E-07 3.55789E-07 3.35778E-07 3.34773E-07 3.22196E-07 2.99685E-07 2.61994E-07 2.75279E-07 2.64534E-07 2.79887E-07 2.81414E-07 2.06460E-07 3.25883E-07 5.09484E-08
1.0 1.16616E-05 1.13174E-05 1.10072E-05 1.10409E-05 1.05484E-05 1.01751E-05 9.67531E-06 8.74349E-06 8.08855E-06 7.52355E-06 6.95862E-06 6.52091E-06 6.16440E-06 5.51667E-06 5.41409E-06 5.34595E-06 4.97190E-06 4.49834E-06 4.43227E-06 3.83038E-06 3.66657E-06 3.43126E-06 3.21701E-06 3.05469E-06 2.79051E-06 2.83167E-06 2.70104E-06 3.15190E-06 2.42191E-06 2.21191E-06 2.30452E-06 2.11788E-06 2.12442E-06 2.02846E-06 1.30881E-06 2.92190E-06
3.0 1.08479E-05 1.08904E-05 1.14175E-05 1.19002E-05 1.18177E-05 1.21163E-05 1.21395E-05 1.23972E-05 1.26171E-05 1.24084E-05 1.21924E-05 1.20781E-05 1.19173E-05 1.20237E-05 1.22425E-05 1.23268E-05 1.21951E-05 1.18789E-05 1.17174E-05 1.14045E-05 1.09952E-05 1.11239E-05 1.14323E-05 1.07855E-05 1.06152E-05 1.01104E-05 1.02248E-05 1.13275E-05 9.82364E-06 9.67894E-06 1.00757E-05 9.87088E-06 9.77791E-06 1.06177E-05 9.94202E-06 8.30198E-06
10.0 1.56718E-05 1.61678E-05 1.73271E-05 1.73722E-05 1.84318E-05 1.93775E-05 1.93358E-05 2.11710E-05 2.12232E-05 2.14510E-05 2.22083E-05 2.22030E-05 2.27887E-05 2.33488E-05 2.39837E-05 2.36840E-05 2.31786E-05 2.32481E-05 2.32074E-05 2.33147E-05 2.25327E-05 2.23248E-05 2.47121E-05 2.50323E-05 2.29250E-05 2.27392E-05 2.26840E-05 2.24894E-05 2.30707E-05 2.53401E-05 2.28179E-05 2.30793E-05 2.56172E-05 2.43333E-05 2.74183E-05 2.89778E-05
30.0 2.37167E-05 2.44586E-05 2.53973E-05 2.62261E-05 2.80523E-05 2.96769E-05 3.05167E-05 3.43377E-05 3.50515E-05 3.72059E-05 3.80843E-05 3.96590E-05 4.09271E-05 4.38096E-05 4.37558E-05 4.33588E-05 4.54525E-05 4.83582E-05 4.61130E-05 4.58765E-05 4.73403E-05 4.63490E-05 4.77167E-05 4.85461E-05 4.76942E-05 4.76059E-05 4.88894E-05 4.95404E-05 4.92908E-05 5.14116E-05 5.28334E-05 5.13733E-05 4.38627E-05 5.03275E-05 3.88797E-05 1.11047E-04
100.0 4.47254E-05 4.61270E-05 4.79785E-05 5.29871E-05 5.44810E-05 5.54141E-05 5.97560E-05 6.53280E-05 6.75042E-05 7.33643E-05 7.60813E-05 7.92685E-05 8.31747E-05 8.81934E-05 9.33324E-05 9.32597E-05 9.45423E-05 9.47572E-05 1.00018E-04 9.57331E-05 9.66985E-05 9.67737E-05 9.99692E-05 1.01482E-04 1.03616E-04 1.08372E-04 1.04046E-04 1.07943E-04 1.06087E-04 1.02279E-04 1.12736E-04 1.05888E-04 9.11280E-05 1.02764E-04 1.21320E-04 9.99890E-05
