Yield function of production of Ti44 by protons, neutrons, alphas, pi+ and pi-, [(Ti44 atoms * cm2) / (g * prim. part. nucleon)] (computed with Geant4.10).
The primaries are protons.
Energy[GeV/nuc],depths[g/cm2]: 1 3 5 10 15 20 30 40 50 60 70 80 90 100 110 120 130 140 150 160 170 180 190 200 210 220 230 240 250 260 270 280 290 300 310 316.2
0.01 2.04026E-04 2.51074E-08 2.07949E-08 1.98565E-08 1.87040E-08 1.75254E-08 1.59735E-08 1.46253E-08 1.28545E-08 8.94753E-09 5.88586E-09 5.39622E-09 3.65279E-09 3.20888E-09 2.48427E-09 1.79655E-09 1.54745E-09 1.00310E-09 8.16225E-10 6.84822E-10 2.80245E-10 7.20830E-10 1.11967E-10 1.50823E-10 1.92152E-10 5.22193E-11 9.73738E-11 6.88539E-11 3.88346E-10 1.56371E-10 0.00000E+00 0.00000E+00 0.00000E+00 0.00000E+00 0.00000E+00 0.00000E+00
0.03 2.06404E-04 2.68799E-05 4.00139E-07 3.73238E-07 3.43942E-07 3.26435E-07 3.14800E-07 2.77772E-07 2.32790E-07 1.98685E-07 1.62987E-07 1.32922E-07 1.01916E-07 8.07043E-08 6.67075E-08 5.14868E-08 3.75851E-08 2.69620E-08 2.29651E-08 1.68325E-08 1.34646E-08 1.08537E-08 1.10849E-08 5.97205E-09 5.96104E-09 4.15609E-09 3.59603E-09 1.29944E-09 2.20065E-09 1.85363E-09 6.62794E-10 8.80763E-10 3.85799E-09 2.55578E-09 0.00000E+00 0.00000E+00
0.1 2.18264E-04 1.94979E-04 1.48967E-04 1.07961E-04 1.08046E-05 1.05182E-05 9.96563E-06 9.32287E-06 8.50329E-06 7.49781E-06 6.68407E-06 5.90961E-06 4.79827E-06 4.09000E-06 3.49458E-06 2.99323E-06 2.40580E-06 2.13492E-06 1.69211E-06 1.45723E-06 1.35933E-06 1.01331E-06 8.91409E-07 7.91625E-07 6.99551E-07 6.32848E-07 6.74442E-07 5.89745E-07 4.66549E-07 4.82343E-07 3.58786E-07 2.38913E-07 3.48323E-07 4.14914E-07 1.80936E-07 0.00000E+00
0.18 2.96170E-05 4.94886E-05 6.64307E-05 8.55467E-05 1.28406E-04 1.31975E-04 9.61376E-05 4.59802E-05 4.25945E-05 3.90406E-05 3.57289E-05 3.26529E-05 2.82553E-05 2.50198E-05 2.32437E-05 2.08647E-05 1.78303E-05 1.58283E-05 1.42485E-05 1.31583E-05 1.12768E-05 1.09430E-05 9.43050E-06 8.91276E-06 8.07498E-06 7.72480E-06 7.42305E-06 7.37465E-06 6.24891E-06 7.46222E-06 5.35692E-06 6.46149E-06 7.09965E-06 7.79745E-06 9.09353E-06 4.07785E-06
0.3 5.08056E-05 6.42545E-05 8.18463E-05 9.53421E-05 1.26093E-04 1.38431E-04 1.51669E-04 1.70594E-04 1.80939E-04 1.76836E-04 1.43754E-04 1.20906E-04 1.09454E-04 1.00641E-04 9.00077E-05 7.99134E-05 7.59204E-05 6.99720E-05 6.20615E-05 5.95330E-05 5.77254E-05 5.16467E-05 4.79198E-05 4.91497E-05 4.36531E-05 4.33552E-05 3.66382E-05 3.79494E-05 3.67187E-05 3.09354E-05 3.22812E-05 3.60114E-05 3.13954E-05 3.04653E-05 2.22052E-05 4.71760E-05
0.56 1.01978E-04 1.24037E-04 1.62243E-04 1.79587E-04 2.30625E-04 2.72925E-04 3.10705E-04 3.61108E-04 4.02094E-04 4.29698E-04 4.35176E-04 4.34006E-04 4.31632E-04 4.16627E-04 4.03952E-04 3.85941E-04 3.69735E-04 3.48936E-04 3.27390E-04 3.11018E-04 2.93704E-04 2.74108E-04 2.63935E-04 2.37692E-04 2.24036E-04 2.22701E-04 2.08764E-04 2.09257E-04 1.98227E-04 1.88647E-04 1.86233E-04 1.85427E-04 1.78263E-04 1.51949E-04 1.63807E-04 2.81719E-04
1.0 1.79573E-04 2.17680E-04 2.71162E-04 3.22160E-04 4.12903E-04 4.94712E-04 5.66073E-04 6.82230E-04 7.61090E-04 8.34271E-04 8.64660E-04 9.00253E-04 9.18651E-04 9.19311E-04 9.19519E-04 9.06776E-04 9.02624E-04 9.03841E-04 8.81523E-04 8.64389E-04 8.51683E-04 8.62779E-04 8.23868E-04 8.10705E-04 8.18925E-04 7.67930E-04 7.77952E-04 7.96361E-04 7.39011E-04 7.05377E-04 7.39265E-04 7.13686E-04 7.00962E-04 6.63639E-04 7.19925E-04 1.70334E-03
3.0 4.34848E-04 5.15978E-04 6.33879E-04 7.41700E-04 9.75732E-04 1.18197E-03 1.37147E-03 1.68599E-03 1.95906E-03 2.18537E-03 2.34015E-03 2.49101E-03 2.58623E-03 2.68609E-03 2.73125E-03 2.76392E-03 2.81666E-03 2.83947E-03 2.82623E-03 2.83223E-03 2.85535E-03 2.86103E-03 2.87114E-03 2.88615E-03 2.83372E-03 2.79839E-03 2.78802E-03 2.81048E-03 2.76223E-03 2.76956E-03 2.75243E-03 2.76258E-03 2.85872E-03 2.80566E-03 2.43276E-03 2.48454E-03
10.0 1.11449E-03 1.33534E-03 1.64358E-03 1.90885E-03 2.51373E-03 3.05277E-03 3.55866E-03 4.36970E-03 5.14811E-03 5.76241E-03 6.24300E-03 6.61818E-03 6.90705E-03 7.16602E-03 7.32386E-03 7.47691E-03 7.66039E-03 7.66263E-03 7.77049E-03 7.81010E-03 7.77995E-03 7.89480E-03 8.00000E-03 7.92358E-03 7.99303E-03 8.00035E-03 7.95771E-03 7.91413E-03 7.96548E-03 7.85648E-03 7.93512E-03 7.84623E-03 8.20380E-03 7.94725E-03 8.33741E-03 8.25844E-03
30.0 2.23000E-03 2.65690E-03 3.26898E-03 3.84233E-03 5.10193E-03 6.24095E-03 7.38073E-03 9.23093E-03 1.09186E-02 1.23677E-02 1.35519E-02 1.47031E-02 1.55197E-02 1.64358E-02 1.71286E-02 1.78339E-02 1.84017E-02 1.88534E-02 1.91871E-02 1.95898E-02 1.99119E-02 2.00790E-02 2.02321E-02 2.05060E-02 2.09073E-02 2.12099E-02 2.08667E-02 2.11883E-02 2.09050E-02 2.09988E-02 2.07030E-02 2.10751E-02 2.11120E-02 2.09782E-02 2.25968E-02 1.98695E-02
100.0 5.26406E-03 6.25000E-03 7.74541E-03 8.97780E-03 1.19734E-02 1.46467E-02 1.72474E-02 2.17445E-02 2.57312E-02 2.94421E-02 3.26161E-02 3.54228E-02 3.78130E-02 3.96139E-02 4.16945E-02 4.32375E-02 4.46040E-02 4.58852E-02 4.66077E-02 4.75420E-02 4.85225E-02 4.94617E-02 5.03192E-02 5.07036E-02 5.12418E-02 5.25699E-02 5.17226E-02 5.25696E-02 5.25009E-02 5.35809E-02 5.23701E-02 5.33446E-02 5.19353E-02 5.41569E-02 5.07277E-02 5.14413E-02
