Yield function of production of Ti44 by protons, neutrons, alphas, pi+ and pi-, [(Ti44 atoms * cm2) / (g * prim. part. nucleon)] (computed with Geant4.10).
The primaries are alphas.
Energy[GeV/nuc],depths[g/cm2]: 1 3 5 10 15 20 30 40 50 60 70 80 90 100 110 120 130 140 150 160 170 180 190 200 210 220 230 240 250 260 270 280 290 300 310 316.2
0.01 3.97454E-07 2.11746E-07 1.78178E-07 1.68676E-07 1.52100E-07 1.49100E-07 1.40832E-07 1.18154E-07 1.04396E-07 8.62880E-08 7.36893E-08 6.25103E-08 4.99738E-08 4.43487E-08 3.18818E-08 2.66395E-08 1.86832E-08 1.60012E-08 1.08753E-08 9.19662E-09 8.64600E-09 5.39692E-09 3.18209E-09 2.18316E-09 2.89779E-09 4.98581E-10 0.00000E+00 0.00000E+00 0.00000E+00 0.00000E+00 0.00000E+00 0.00000E+00 0.00000E+00 0.00000E+00 0.00000E+00 0.00000E+00
0.03 3.48484E-06 3.81916E-06 2.94260E-06 2.75322E-06 2.61245E-06 2.58155E-06 2.50228E-06 2.28915E-06 2.03895E-06 1.81532E-06 1.60156E-06 1.31118E-06 1.11767E-06 9.31608E-07 8.03734E-07 6.44415E-07 5.49431E-07 4.52578E-07 4.17357E-07 3.23161E-07 2.93403E-07 2.06671E-07 2.18163E-07 1.71108E-07 1.56846E-07 1.20134E-07 9.70738E-08 8.18170E-08 5.84582E-08 4.29722E-08 3.85483E-08 4.15417E-08 1.33367E-08 3.29595E-08 1.85421E-08 0.00000E+00
0.1 4.16930E-05 5.93452E-05 7.15350E-05 7.61326E-05 7.22363E-05 7.07003E-05 7.00689E-05 6.75200E-05 6.36054E-05 5.92557E-05 5.46325E-05 4.91587E-05 4.43914E-05 3.83948E-05 3.48928E-05 3.08994E-05 2.75573E-05 2.53037E-05 2.17511E-05 1.98586E-05 1.81365E-05 1.70974E-05 1.51043E-05 1.35087E-05 1.34657E-05 1.26560E-05 1.24441E-05 1.05766E-05 1.00903E-05 1.05674E-05 9.13539E-06 9.20083E-06 9.24783E-06 1.03628E-05 1.41109E-05 6.04904E-06
0.18 1.04599E-04 1.36572E-04 1.77667E-04 2.00577E-04 2.43169E-04 2.64413E-04 2.76262E-04 2.75350E-04 2.72820E-04 2.55825E-04 2.39593E-04 2.26029E-04 2.07335E-04 1.95369E-04 1.77499E-04 1.63953E-04 1.50956E-04 1.40478E-04 1.30321E-04 1.19704E-04 1.09133E-04 1.03327E-04 9.78980E-05 9.24853E-05 8.61551E-05 8.20731E-05 8.11889E-05 7.73438E-05 7.83705E-05 7.34780E-05 6.65767E-05 6.73978E-05 6.66187E-05 6.72413E-05 5.59573E-05 9.39578E-05
0.3 2.11958E-04 2.60300E-04 3.26145E-04 3.80823E-04 4.95501E-04 5.87550E-04 6.55288E-04 7.57794E-04 7.94522E-04 8.07084E-04 7.90503E-04 7.62053E-04 7.31476E-04 6.92221E-04 6.57094E-04 6.19050E-04 5.86529E-04 5.45194E-04 5.17803E-04 4.82992E-04 4.67052E-04 4.42835E-04 4.30230E-04 4.06030E-04 4.03114E-04 3.89220E-04 3.52336E-04 3.40742E-04 3.20102E-04 3.11697E-04 3.21626E-04 2.83294E-04 3.05599E-04 3.21365E-04 3.62395E-04 2.61535E-04
0.56 4.31620E-04 5.22943E-04 6.52735E-04 7.61303E-04 9.87300E-04 1.19970E-03 1.35754E-03 1.64099E-03 1.87125E-03 2.01070E-03 2.10806E-03 2.18628E-03 2.18004E-03 2.19293E-03 2.17463E-03 2.16236E-03 2.11263E-03 2.05905E-03 2.01599E-03 1.98180E-03 1.90325E-03 1.86775E-03 1.81334E-03 1.75814E-03 1.70683E-03 1.68217E-03 1.66114E-03 1.60465E-03 1.59121E-03 1.64953E-03 1.56775E-03 1.43940E-03 1.49674E-03 1.43688E-03 1.67739E-03 1.65452E-03
1.0 7.57309E-04 9.15092E-04 1.13603E-03 1.32273E-03 1.74482E-03 2.08802E-03 2.43776E-03 2.96057E-03 3.41058E-03 3.74980E-03 3.95609E-03 4.13615E-03 4.24334E-03 4.31547E-03 4.37164E-03 4.37968E-03 4.39220E-03 4.37480E-03 4.36183E-03 4.33314E-03 4.27330E-03 4.20727E-03 4.12955E-03 4.08285E-03 4.02612E-03 3.99476E-03 3.85459E-03 3.85973E-03 3.80758E-03 3.87820E-03 3.81102E-03 4.03496E-03 3.70166E-03 3.62999E-03 3.59618E-03 3.31698E-03
3.0 1.75489E-03 2.09499E-03 2.59300E-03 3.02881E-03 4.00300E-03 4.82694E-03 5.66431E-03 6.95927E-03 8.06794E-03 9.04923E-03 9.76471E-03 1.03459E-02 1.08587E-02 1.12186E-02 1.15064E-02 1.17529E-02 1.19296E-02 1.22118E-02 1.21650E-02 1.22281E-02 1.23108E-02 1.22712E-02 1.24735E-02 1.22985E-02 1.23008E-02 1.24008E-02 1.20164E-02 1.21557E-02 1.20361E-02 1.20951E-02 1.22118E-02 1.20139E-02 1.19200E-02 1.18404E-02 1.16610E-02 1.17496E-02
10.0 4.31481E-03 5.16001E-03 6.43118E-03 7.41766E-03 9.85977E-03 1.20018E-02 1.41194E-02 1.76906E-02 2.05975E-02 2.31331E-02 2.51701E-02 2.69636E-02 2.85912E-02 2.97561E-02 3.07865E-02 3.14329E-02 3.21237E-02 3.29355E-02 3.34667E-02 3.37238E-02 3.39488E-02 3.41177E-02 3.45551E-02 3.42480E-02 3.49689E-02 3.50570E-02 3.46602E-02 3.54585E-02 3.54483E-02 3.48573E-02 3.56080E-02 3.60312E-02 3.49077E-02 3.93179E-02 3.60291E-02 3.17326E-02
30.0 9.16652E-03 1.09407E-02 1.34865E-02 1.56899E-02 2.08536E-02 2.56192E-02 2.99663E-02 3.77818E-02 4.48521E-02 5.05989E-02 5.56286E-02 6.01990E-02 6.38533E-02 6.72755E-02 7.00660E-02 7.21842E-02 7.46509E-02 7.66377E-02 7.79563E-02 7.98650E-02 8.12021E-02 8.22678E-02 8.27744E-02 8.28402E-02 8.33878E-02 8.33352E-02 8.52097E-02 8.42832E-02 8.54280E-02 8.74684E-02 8.46824E-02 8.58608E-02 8.60392E-02 8.52336E-02 8.09810E-02 8.82844E-02
100.0 2.08000E-02 2.48132E-02 3.04883E-02 3.52404E-02 4.73697E-02 5.85214E-02 6.84383E-02 8.54943E-02 1.00672E-01 1.14127E-01 1.25690E-01 1.37456E-01 1.45489E-01 1.53277E-01 1.61100E-01 1.65843E-01 1.71774E-01 1.76257E-01 1.81964E-01 1.83511E-01 1.88409E-01 1.94784E-01 1.95815E-01 1.96215E-01 1.98079E-01 2.00716E-01 2.07085E-01 2.05959E-01 2.07457E-01 2.10519E-01 2.16777E-01 2.07732E-01 2.19392E-01 2.20571E-01 2.41443E-01 2.19342E-01
