Yield function of production of Ti44 by protons, neutrons, alphas, [(Ti44 atoms * cm2) / (g * prim. part. nucleon)] (computed with Geant4.10).
The primaries are alphas.
Energy[GeV/nuc],depths[g/cm2]: 0 1 3 5 10.08 15.16 20.24 25.32 30.4 35.48 40.56 45.64 50.72 55.8 60.88 65.96 71.04 76.12 81.2 86.28 91.36 96.44 101.52 106.6
0.03 1.06435E-05 1.73923E-07 9.61177E-11 8.28471E-11 6.48958E-11 5.72082E-11 5.23698E-11 4.70525E-11 4.35337E-11 4.09016E-11 3.93976E-11 3.79363E-11 3.43836E-11 3.36329E-11 3.13198E-11 3.07197E-11 3.03816E-11 2.96279E-11 2.73542E-11 2.68924E-11 2.76723E-11 2.66538E-11 2.37045E-11 3.18185E-11
0.1 1.27356E-05 1.11760E-05 8.29021E-06 5.48509E-06 2.88251E-08 2.49285E-08 2.28278E-08 2.14557E-08 2.04544E-08 1.95750E-08 1.89328E-08 1.84464E-08 1.78617E-08 1.73236E-08 1.69549E-08 1.63752E-08 1.61629E-08 1.60446E-08 1.59752E-08 1.60180E-08 1.53553E-08 1.57861E-08 1.52683E-08 1.47558E-08
0.18 1.05206E-05 1.03311E-05 9.04271E-06 8.27206E-06 6.29768E-06 4.62302E-06 2.76131E-06 8.18102E-07 2.61950E-07 2.47869E-07 2.37915E-07 2.28459E-07 2.21772E-07 2.14796E-07 2.10865E-07 2.06372E-07 2.03048E-07 2.01543E-07 1.97432E-07 1.97032E-07 1.92509E-07 1.90314E-07 1.87579E-07 1.94498E-07
0.3 1.17026E-05 1.13981E-05 1.07037E-05 1.02993E-05 8.83308E-06 7.97730E-06 7.06255E-06 6.34268E-06 5.73306E-06 5.17062E-06 4.65163E-06 4.11090E-06 3.51002E-06 2.84078E-06 2.07515E-06 1.54830E-06 1.50494E-06 1.48519E-06 1.46539E-06 1.44144E-06 1.43911E-06 1.41737E-06 1.40771E-06 1.32680E-06
0.56 1.61066E-05 1.60727E-05 1.60101E-05 1.61645E-05 1.53691E-05 1.53874E-05 1.53176E-05 1.52287E-05 1.50862E-05 1.49321E-05 1.48237E-05 1.46609E-05 1.45061E-05 1.43637E-05 1.42237E-05 1.40905E-05 1.39801E-05 1.38638E-05 1.37323E-05 1.35845E-05 1.35878E-05 1.35352E-05 1.31634E-05 1.24865E-05
1.0 2.18357E-05 2.22031E-05 2.26829E-05 2.33797E-05 2.32280E-05 2.39079E-05 2.45809E-05 2.49371E-05 2.53256E-05 2.56247E-05 2.58181E-05 2.59792E-05 2.60416E-05 2.62345E-05 2.63207E-05 2.63292E-05 2.64344E-05 2.64042E-05 2.63721E-05 2.64759E-05 2.65528E-05 2.62426E-05 2.64931E-05 2.58165E-05
3.0 3.06861E-05 3.14934E-05 3.26468E-05 3.40235E-05 3.43581E-05 3.61721E-05 3.73886E-05 3.86115E-05 3.97372E-05 4.06888E-05 4.11245E-05 4.19267E-05 4.24764E-05 4.27781E-05 4.32162E-05 4.34109E-05 4.37985E-05 4.42487E-05 4.46882E-05 4.46923E-05 4.47616E-05 4.51122E-05 4.38296E-05 4.36500E-05
10.0 4.44532E-05 4.59868E-05 4.80159E-05 5.04742E-05 5.19477E-05 5.54331E-05 5.80403E-05 6.02627E-05 6.21402E-05 6.38734E-05 6.55848E-05 6.69306E-05 6.78838E-05 6.90996E-05 7.02167E-05 7.14955E-05 7.15221E-05 7.23611E-05 7.21555E-05 7.32860E-05 7.25348E-05 7.32390E-05 7.56883E-05 7.14456E-05
30.0 6.25148E-05 6.41688E-05 6.67842E-05 6.98797E-05 7.16036E-05 7.66991E-05 8.13867E-05 8.48140E-05 8.76629E-05 9.09426E-05 9.28690E-05 9.50147E-05 9.69767E-05 9.97322E-05 1.02235E-04 1.02520E-04 1.03230E-04 1.05901E-04 1.06432E-04 1.06589E-04 1.08211E-04 1.05810E-04 1.04696E-04 1.17389E-04
100.0 8.56459E-05 8.87169E-05 9.31435E-05 9.79864E-05 1.02802E-04 1.12349E-04 1.19529E-04 1.25740E-04 1.31413E-04 1.36593E-04 1.41585E-04 1.46333E-04 1.52050E-04 1.54756E-04 1.56848E-04 1.61442E-04 1.62635E-04 1.64940E-04 1.70316E-04 1.66657E-04 1.68101E-04 1.75980E-04 1.64604E-04 1.61080E-04
