Yield function of production of Ti44 by protons, neutrons, alphas, [(Ti44 atoms * cm2) / (g * prim. part. nucleon)] (computed with Geant4.10).
The primaries are protons.
Energy[GeV/nuc],depths[g/cm2]: 0 1 3 5 10.08 15.16 20.24 25.32 30.4 35.48 40.56 45.64 50.72 55.8 60.88 65.96 71.04 76.12 81.2 86.28 91.36 96.44 101.52 106.6
0.03 9.85710E-09 9.13094E-16 3.07875E-16 3.96546E-16 1.91226E-16 0.00000E+00 0.00000E+00 0.00000E+00 0.00000E+00 0.00000E+00 0.00000E+00 0.00000E+00 0.00000E+00 0.00000E+00 0.00000E+00 0.00000E+00 0.00000E+00 0.00000E+00 0.00000E+00 0.00000E+00 0.00000E+00 0.00000E+00 0.00000E+00 0.00000E+00
0.1 5.38663E-07 2.26847E-07 5.62159E-08 2.40393E-08 4.01500E-10 3.55655E-10 3.20598E-10 2.91874E-10 2.73776E-10 2.54717E-10 2.40640E-10 2.25385E-10 2.19599E-10 2.11067E-10 2.01440E-10 1.90810E-10 1.87045E-10 1.81256E-10 1.70728E-10 1.71626E-10 1.65924E-10 1.62992E-10 1.55344E-10 2.03893E-10
0.18 1.96317E-06 1.42799E-06 1.06458E-06 7.84997E-07 3.49814E-07 1.27883E-07 2.96469E-08 1.32727E-08 1.17360E-08 1.11852E-08 1.08280E-08 1.05095E-08 1.01721E-08 9.93832E-09 9.58175E-09 9.49165E-09 9.01653E-09 8.91691E-09 8.87722E-09 8.98733E-09 8.94821E-09 8.70255E-09 9.57486E-09 7.89106E-09
0.3 4.23842E-06 4.16398E-06 3.58940E-06 3.16504E-06 2.25620E-06 1.72003E-06 1.33805E-06 1.02270E-06 7.79923E-07 5.76086E-07 4.10053E-07 2.79274E-07 1.87132E-07 1.32516E-07 1.15845E-07 1.11246E-07 1.09118E-07 1.06648E-07 1.06224E-07 1.04869E-07 1.02941E-07 1.02111E-07 9.85337E-08 9.82518E-08
0.56 7.95210E-06 7.86808E-06 7.54982E-06 7.35685E-06 6.59477E-06 6.21006E-06 5.85097E-06 5.52588E-06 5.23017E-06 5.00747E-06 4.82669E-06 4.55973E-06 4.37612E-06 4.20695E-06 4.07247E-06 3.94094E-06 3.85658E-06 3.73168E-06 3.71112E-06 3.63861E-06 3.57135E-06 3.51958E-06 3.50804E-06 3.46610E-06
1.0 1.13468E-05 1.12456E-05 1.09270E-05 1.08039E-05 1.00580E-05 9.80649E-06 9.64487E-06 9.49592E-06 9.32146E-06 9.21783E-06 9.01074E-06 8.92048E-06 8.85517E-06 8.73679E-06 8.66223E-06 8.58515E-06 8.50302E-06 8.40150E-06 8.35012E-06 8.20486E-06 8.67549E-06 8.18885E-06 8.09688E-06 7.37720E-06
3.0 1.04924E-05 1.05140E-05 1.05603E-05 1.07636E-05 1.04399E-05 1.07268E-05 1.08700E-05 1.10478E-05 1.12791E-05 1.13245E-05 1.14152E-05 1.15697E-05 1.16556E-05 1.17329E-05 1.17291E-05 1.17025E-05 1.16373E-05 1.18368E-05 1.19145E-05 1.17046E-05 1.17036E-05 1.20895E-05 1.13689E-05 1.13716E-05
10.0 1.41469E-05 1.43822E-05 1.47697E-05 1.52487E-05 1.52350E-05 1.59689E-05 1.63955E-05 1.68504E-05 1.73171E-05 1.76741E-05 1.79524E-05 1.84247E-05 1.83993E-05 1.86467E-05 1.90175E-05 1.89051E-05 1.89220E-05 1.92911E-05 1.94737E-05 1.94576E-05 1.95251E-05 1.94729E-05 1.95838E-05 2.00393E-05
30.0 1.82454E-05 1.84516E-05 1.89529E-05 1.93608E-05 1.95899E-05 2.05193E-05 2.15984E-05 2.24488E-05 2.29361E-05 2.35788E-05 2.42446E-05 2.45526E-05 2.51475E-05 2.51470E-05 2.59219E-05 2.61378E-05 2.61114E-05 2.60510E-05 2.68934E-05 2.69793E-05 2.61632E-05 2.73099E-05 2.67028E-05 2.55004E-05
100.0 2.77061E-05 2.79912E-05 2.88937E-05 2.99854E-05 3.06099E-05 3.22866E-05 3.34997E-05 3.53470E-05 3.72187E-05 3.76062E-05 3.86152E-05 3.98613E-05 3.98430E-05 4.13353E-05 4.15732E-05 4.21421E-05 4.17129E-05 4.26577E-05 4.37346E-05 4.31118E-05 4.31132E-05 4.37653E-05 4.52005E-05 4.36479E-05
