Yield function of production of Ti44 by protons, neutrons, alphas, [(Ti44 atoms * cm2) / (g * prim. part. nucleon)] (computed with Geant4.10).
The primaries are protons.
Energy[GeV/nuc],depths[g/cm2]: 0 1 3 5 10.34 15.68 21.02 26.36 31.7 37.04 42.38 47.72 53.06 58.4 63.74 69.08
0.03 1.06771E-08 2.46382E-16 8.30144E-16 1.65987E-16 1.92193E-16 9.70090E-17 1.24199E-16 0.00000E+00 0.00000E+00 0.00000E+00 0.00000E+00 0.00000E+00 0.00000E+00 0.00000E+00 0.00000E+00 0.00000E+00
0.1 5.07469E-07 2.18992E-07 5.94089E-08 2.64445E-08 4.47068E-10 4.01170E-10 3.69987E-10 3.49462E-10 3.35446E-10 3.17124E-10 3.07590E-10 2.97634E-10 2.93543E-10 2.84854E-10 2.79931E-10 2.87079E-10
0.18 1.83003E-06 1.36039E-06 9.98859E-07 7.38023E-07 3.13322E-07 1.12146E-07 2.66656E-08 1.26276E-08 1.22743E-08 1.18467E-08 1.15189E-08 1.16452E-08 1.12014E-08 1.10877E-08 1.08159E-08 1.06578E-08
0.3 3.94834E-06 3.87588E-06 3.33534E-06 2.99255E-06 2.17965E-06 1.70301E-06 1.34885E-06 1.03453E-06 7.86813E-07 5.90922E-07 4.23937E-07 2.91763E-07 1.89516E-07 1.36633E-07 1.20813E-07 1.18450E-07
0.56 7.91196E-06 7.73499E-06 7.45129E-06 7.30908E-06 6.38990E-06 6.13755E-06 5.89018E-06 5.69046E-06 5.52370E-06 5.36701E-06 5.26310E-06 5.10565E-06 4.96133E-06 4.93137E-06 4.84676E-06 4.76963E-06
1.0 1.08948E-05 1.07090E-05 1.03685E-05 1.03385E-05 9.17805E-06 9.10746E-06 9.01890E-06 8.90682E-06 8.86325E-06 8.77088E-06 8.63524E-06 8.50658E-06 8.55738E-06 8.43837E-06 8.42403E-06 8.27571E-06
3.0 9.39094E-06 9.31199E-06 9.28241E-06 9.46020E-06 8.81459E-06 9.01820E-06 9.20991E-06 9.32032E-06 9.40053E-06 9.44557E-06 9.48443E-06 9.55538E-06 9.60661E-06 9.59555E-06 9.49954E-06 9.12445E-06
10.0 1.20192E-05 1.20758E-05 1.22406E-05 1.27034E-05 1.22403E-05 1.27345E-05 1.30369E-05 1.35208E-05 1.38314E-05 1.39518E-05 1.40821E-05 1.44148E-05 1.44889E-05 1.47438E-05 1.44447E-05 1.43863E-05
30.0 1.39239E-05 1.39665E-05 1.42825E-05 1.46196E-05 1.41897E-05 1.50214E-05 1.56263E-05 1.62079E-05 1.64690E-05 1.71109E-05 1.70500E-05 1.76045E-05 1.78142E-05 1.76979E-05 1.81523E-05 1.83329E-05
100.0 1.89742E-05 1.89396E-05 1.97756E-05 1.99893E-05 1.93169E-05 2.09985E-05 2.15186E-05 2.26529E-05 2.28270E-05 2.34664E-05 2.39313E-05 2.44362E-05 2.39531E-05 2.47648E-05 2.56120E-05 2.44506E-05
