Yield function of production of Ti44 by protons, neutrons, alphas, [(Ti44 atoms * cm2) / (g * prim. part. nucleon)] (computed with Geant4.10).
The primaries are alphas.
Energy[GeV/nuc],depths[g/cm2]: 0 1 3 5 10.34 15.68 21.02 26.36 31.7 37.04 42.38 47.72 53.06 58.4 63.74 69.08
0.03 9.53097E-06 1.57646E-07 1.07087E-10 9.39069E-11 7.20829E-11 6.64444E-11 6.11641E-11 5.71589E-11 5.37577E-11 5.24318E-11 4.82423E-11 4.67047E-11 4.82671E-11 4.53592E-11 4.47878E-11 4.88990E-11
0.1 1.17080E-05 1.01358E-05 7.48412E-06 4.99097E-06 2.80867E-08 2.48428E-08 2.31076E-08 2.20557E-08 2.12764E-08 2.07089E-08 2.02334E-08 1.96700E-08 1.92938E-08 1.91231E-08 1.87933E-08 1.76569E-08
0.18 9.83010E-06 9.58531E-06 8.74504E-06 7.92593E-06 5.72676E-06 4.18993E-06 2.39210E-06 4.76911E-07 2.61939E-07 2.50841E-07 2.42255E-07 2.36722E-07 2.32456E-07 2.26210E-07 2.27489E-07 2.21323E-07
0.3 1.13357E-05 1.09690E-05 1.02918E-05 9.99893E-06 8.34920E-06 7.75420E-06 7.20831E-06 6.72690E-06 6.29617E-06 5.72903E-06 5.25607E-06 4.80444E-06 4.22507E-06 3.36281E-06 1.92784E-06 1.70017E-06
0.56 1.57440E-05 1.56078E-05 1.54466E-05 1.56354E-05 1.43405E-05 1.44395E-05 1.44826E-05 1.45165E-05 1.44768E-05 1.44644E-05 1.44099E-05 1.44056E-05 1.43290E-05 1.42803E-05 1.44274E-05 1.40302E-05
1.0 2.03075E-05 2.03967E-05 2.07032E-05 2.13256E-05 2.03428E-05 2.10074E-05 2.16224E-05 2.19528E-05 2.22356E-05 2.24518E-05 2.26018E-05 2.28272E-05 2.30189E-05 2.30194E-05 2.28379E-05 2.26135E-05
3.0 2.64255E-05 2.68964E-05 2.76104E-05 2.88001E-05 2.81061E-05 2.93829E-05 3.06672E-05 3.13955E-05 3.20170E-05 3.27687E-05 3.32489E-05 3.37479E-05 3.41283E-05 3.40767E-05 3.45658E-05 3.38422E-05
10.0 3.57231E-05 3.67964E-05 3.80959E-05 4.01166E-05 3.97779E-05 4.21740E-05 4.42081E-05 4.60090E-05 4.74642E-05 4.85109E-05 4.95223E-05 5.01405E-05 5.08752E-05 5.10939E-05 5.14467E-05 5.06122E-05
30.0 4.55261E-05 4.66369E-05 4.83843E-05 5.04746E-05 5.00910E-05 5.36000E-05 5.69458E-05 5.89532E-05 6.08615E-05 6.25938E-05 6.43533E-05 6.57646E-05 6.63783E-05 6.61690E-05 6.83005E-05 6.92039E-05
100.0 5.18487E-05 5.40052E-05 5.68532E-05 6.11034E-05 6.31596E-05 6.87574E-05 7.25701E-05 7.70333E-05 7.98588E-05 8.44018E-05 8.51973E-05 8.87059E-05 8.94763E-05 8.97215E-05 8.80869E-05 8.52648E-05
