Yield function of production of Ti44 by protons, neutrons, alphas, [(Ti44 atoms * cm2) / (g * prim. part. nucleon)] (computed with Geant4.10).
The primaries are alphas.
Energy[GeV/nuc],depths[g/cm2]: 0 1 3 5 10.03 15.06 20.09 25.12 30.15 35.18 40.21 45.24 50.27 55.3 60.33 65.36 70.39 75.42 80.45 85.48 90.51 95.54 100.57 105.6 110.63 115.66 120.69 125.72 130.75 135.78 140.81 145.84 150.87 155.9 160.93 165.96 170.99 176.02 181.05
0.03 9.50821E-06 1.58992E-07 9.51232E-11 8.32188E-11 6.58760E-11 5.74520E-11 4.91643E-11 4.60282E-11 4.07038E-11 3.72273E-11 3.42115E-11 3.12286E-11 2.98965E-11 2.76359E-11 2.48296E-11 2.32495E-11 2.20863E-11 2.22798E-11 2.01247E-11 1.95584E-11 1.81021E-11 1.79949E-11 1.70879E-11 1.54459E-11 1.56124E-11 1.62200E-11 1.38887E-11 1.41731E-11 1.43122E-11 1.34142E-11 1.29330E-11 1.36599E-11 1.18987E-11 1.08254E-11 1.72344E-11 1.28640E-11 1.39739E-11 9.38633E-12 9.30350E-12
0.1 1.10413E-05 9.87391E-06 7.31379E-06 4.84682E-06 2.54414E-08 2.14844E-08 1.91658E-08 1.77906E-08 1.66595E-08 1.57012E-08 1.49195E-08 1.41250E-08 1.34692E-08 1.29374E-08 1.25629E-08 1.19118E-08 1.15759E-08 1.09805E-08 1.08084E-08 1.03902E-08 1.00007E-08 9.86170E-09 9.52005E-09 9.40202E-09 9.15466E-09 8.97931E-09 8.72531E-09 8.53844E-09 8.47950E-09 8.69152E-09 8.00289E-09 8.00318E-09 8.05285E-09 7.93802E-09 8.26870E-09 7.96550E-09 7.47847E-09 6.82090E-09 6.23901E-09
0.18 9.04459E-06 8.69486E-06 7.62634E-06 7.06052E-06 5.46795E-06 3.98241E-06 2.36943E-06 7.24598E-07 2.07771E-07 1.94472E-07 1.82680E-07 1.73550E-07 1.65863E-07 1.58764E-07 1.53046E-07 1.47388E-07 1.42676E-07 1.38013E-07 1.33970E-07 1.31407E-07 1.27359E-07 1.24389E-07 1.21369E-07 1.19920E-07 1.17374E-07 1.15819E-07 1.13466E-07 1.11404E-07 1.10006E-07 1.08703E-07 1.08396E-07 1.06329E-07 1.04309E-07 1.03305E-07 1.03776E-07 1.01977E-07 1.00043E-07 9.80247E-08 1.07126E-07
0.3 9.73301E-06 9.51183E-06 8.94872E-06 8.47480E-06 7.20983E-06 6.30132E-06 5.61128E-06 4.99981E-06 4.44734E-06 3.93779E-06 3.46165E-06 3.00189E-06 2.53646E-06 2.03092E-06 1.50023E-06 1.10076E-06 1.06469E-06 1.02670E-06 9.96422E-07 9.69207E-07 9.45613E-07 9.21676E-07 9.06772E-07 8.82603E-07 8.67395E-07 8.58125E-07 8.44714E-07 8.26355E-07 8.18434E-07 8.15677E-07 8.05437E-07 7.91780E-07 7.89910E-07 7.82393E-07 7.69109E-07 7.71587E-07 7.76552E-07 7.95898E-07 7.16520E-07
0.56 1.26245E-05 1.27349E-05 1.27310E-05 1.28438E-05 1.23566E-05 1.22502E-05 1.20525E-05 1.18420E-05 1.15928E-05 1.13422E-05 1.10774E-05 1.07644E-05 1.04719E-05 1.02645E-05 9.97661E-06 9.72444E-06 9.39518E-06 9.21676E-06 8.98923E-06 8.73566E-06 8.46084E-06 8.31822E-06 8.05162E-06 7.88599E-06 7.71412E-06 7.58399E-06 7.38132E-06 7.20388E-06 7.10854E-06 6.94380E-06 6.80992E-06 6.74860E-06 6.59739E-06 6.54757E-06 6.39845E-06 6.19947E-06 5.99684E-06 5.79207E-06 5.51533E-06
1.0 1.71622E-05 1.77016E-05 1.82241E-05 1.88411E-05 1.91860E-05 1.98601E-05 2.02033E-05 2.04734E-05 2.06557E-05 2.07908E-05 2.09389E-05 2.09322E-05 2.07949E-05 2.07631E-05 2.08382E-05 2.07938E-05 2.06548E-05 2.05305E-05 2.04376E-05 2.03800E-05 2.01639E-05 2.01648E-05 2.00181E-05 1.98165E-05 1.97620E-05 1.96291E-05 1.96243E-05 1.94111E-05 1.92341E-05 1.91346E-05 1.93427E-05 1.96130E-05 1.91208E-05 1.91621E-05 1.91827E-05 1.90547E-05 1.84811E-05 1.84632E-05 1.81329E-05
3.0 2.65091E-05 2.74134E-05 2.86608E-05 2.98030E-05 3.09577E-05 3.26477E-05 3.38108E-05 3.48927E-05 3.57729E-05 3.64985E-05 3.71528E-05 3.77617E-05 3.81768E-05 3.85233E-05 3.88325E-05 3.92206E-05 3.94284E-05 3.98674E-05 4.00877E-05 4.01257E-05 4.02216E-05 4.02747E-05 4.05815E-05 4.04424E-05 4.04745E-05 4.05485E-05 4.04438E-05 4.06253E-05 4.04831E-05 4.05961E-05 4.06479E-05 4.06670E-05 4.06054E-05 4.06247E-05 4.02597E-05 4.03417E-05 4.12173E-05 4.06114E-05 3.94739E-05
10.0 4.17820E-05 4.35055E-05 4.59846E-05 4.80299E-05 5.07468E-05 5.39952E-05 5.66851E-05 5.89540E-05 6.11631E-05 6.27586E-05 6.43571E-05 6.56238E-05 6.67984E-05 6.81580E-05 6.87179E-05 6.99816E-05 7.08288E-05 7.12802E-05 7.20851E-05 7.30030E-05 7.34987E-05 7.41959E-05 7.48874E-05 7.48907E-05 7.53891E-05 7.57824E-05 7.59627E-05 7.60397E-05 7.64771E-05 7.69191E-05 7.62050E-05 7.63194E-05 7.70697E-05 7.69047E-05 7.65777E-05 7.56805E-05 7.70047E-05 7.51900E-05 7.30115E-05
30.0 6.61921E-05 6.84635E-05 7.14798E-05 7.49727E-05 7.92687E-05 8.35548E-05 8.84725E-05 9.31440E-05 9.65942E-05 9.98035E-05 1.02828E-04 1.05553E-04 1.08745E-04 1.11570E-04 1.13234E-04 1.15224E-04 1.17742E-04 1.20558E-04 1.21161E-04 1.23221E-04 1.25388E-04 1.25393E-04 1.27526E-04 1.28125E-04 1.28990E-04 1.30783E-04 1.30899E-04 1.31717E-04 1.34957E-04 1.36573E-04 1.37587E-04 1.35718E-04 1.35800E-04 1.38227E-04 1.37088E-04 1.35429E-04 1.38717E-04 1.36483E-04 1.42864E-04
100.0 1.11548E-04 1.15574E-04 1.20892E-04 1.26882E-04 1.34727E-04 1.44316E-04 1.52971E-04 1.60399E-04 1.68258E-04 1.77660E-04 1.82241E-04 1.87508E-04 1.95141E-04 2.01966E-04 2.04551E-04 2.09035E-04 2.13911E-04 2.18097E-04 2.23789E-04 2.25810E-04 2.31588E-04 2.33956E-04 2.37623E-04 2.37170E-04 2.37895E-04 2.40771E-04 2.43686E-04 2.40872E-04 2.41474E-04 2.42821E-04 2.47126E-04 2.39867E-04 2.44734E-04 2.43026E-04 2.48865E-04 2.36538E-04 2.35932E-04 2.31385E-04 2.31366E-04
