Yield function of production of Ti44 by protons, neutrons, alphas, [(Ti44 atoms * cm2) / (g * prim. part. nucleon)] (computed with Geant4.10).
The primaries are protons.
Energy[GeV/nuc],depths[g/cm2]: 0 1 3 5 10.03 15.06 20.09 25.12 30.15 35.18 40.21 45.24 50.27 55.3 60.33 65.36 70.39 75.42 80.45 85.48 90.51 95.54 100.57 105.6 110.63 115.66 120.69 125.72 130.75 135.78 140.81 145.84 150.87 155.9 160.93 165.96 170.99 176.02 181.05
0.03 1.06775E-08 3.30633E-16 4.22082E-16 7.47338E-17 0.00000E+00 0.00000E+00 0.00000E+00 0.00000E+00 0.00000E+00 0.00000E+00 0.00000E+00 0.00000E+00 0.00000E+00 0.00000E+00 0.00000E+00 0.00000E+00 0.00000E+00 0.00000E+00 0.00000E+00 0.00000E+00 0.00000E+00 0.00000E+00 0.00000E+00 0.00000E+00 0.00000E+00 0.00000E+00 0.00000E+00 0.00000E+00 0.00000E+00 0.00000E+00 0.00000E+00 0.00000E+00 0.00000E+00 0.00000E+00 0.00000E+00 0.00000E+00 0.00000E+00 0.00000E+00 0.00000E+00
0.1 4.95638E-07 2.17565E-07 5.72068E-08 2.57416E-08 4.04554E-10 3.50268E-10 3.10488E-10 2.78451E-10 2.54345E-10 2.29055E-10 2.12607E-10 1.93900E-10 1.79586E-10 1.66777E-10 1.57541E-10 1.47319E-10 1.38999E-10 1.35306E-10 1.26410E-10 1.18015E-10 1.12463E-10 1.12521E-10 1.01986E-10 9.55671E-11 9.18998E-11 9.08470E-11 8.93002E-11 8.39122E-11 8.28137E-11 8.24668E-11 7.42096E-11 6.94502E-11 7.43197E-11 8.46325E-11 6.76430E-11 6.28166E-11 6.72759E-11 4.90840E-11 5.28344E-11
0.18 1.69160E-06 1.23757E-06 9.38540E-07 6.94930E-07 3.17830E-07 1.19704E-07 2.88424E-08 1.14989E-08 9.70127E-09 9.06015E-09 8.46864E-09 8.07292E-09 7.72038E-09 7.33931E-09 7.03396E-09 6.74169E-09 6.44040E-09 6.31121E-09 6.05017E-09 5.83437E-09 5.63283E-09 5.41728E-09 5.28929E-09 5.27278E-09 5.03848E-09 4.96923E-09 5.11727E-09 4.87599E-09 4.68073E-09 4.74068E-09 4.69306E-09 4.64685E-09 4.31787E-09 4.52566E-09 4.34240E-09 4.09473E-09 4.06967E-09 4.63648E-09 3.64174E-09
0.3 3.64492E-06 3.47061E-06 2.97129E-06 2.56748E-06 1.86189E-06 1.43089E-06 1.10616E-06 8.33564E-07 6.26205E-07 4.55162E-07 3.18241E-07 2.15526E-07 1.43138E-07 9.94190E-08 8.42146E-08 7.87734E-08 7.64054E-08 7.44487E-08 7.17105E-08 6.99802E-08 6.80511E-08 6.65185E-08 6.53645E-08 6.35835E-08 6.27179E-08 6.26285E-08 5.93834E-08 5.94545E-08 6.01538E-08 5.80393E-08 5.63391E-08 5.57756E-08 5.47047E-08 5.44826E-08 5.24970E-08 5.41398E-08 5.76339E-08 4.92791E-08 6.06215E-08
0.56 6.47069E-06 6.42235E-06 6.12564E-06 5.98031E-06 5.34026E-06 4.96550E-06 4.57826E-06 4.24190E-06 3.94524E-06 3.68920E-06 3.43028E-06 3.14947E-06 2.90370E-06 2.70552E-06 2.52112E-06 2.33760E-06 2.16673E-06 2.02010E-06 1.88559E-06 1.74394E-06 1.60266E-06 1.48997E-06 1.37070E-06 1.25772E-06 1.15665E-06 1.06170E-06 9.74526E-07 8.95174E-07 8.20591E-07 7.61873E-07 7.07235E-07 6.47305E-07 5.94264E-07 5.57220E-07 5.32222E-07 4.95608E-07 4.73985E-07 4.98864E-07 4.76180E-07
1.0 8.95844E-06 8.98322E-06 8.74869E-06 8.63115E-06 8.11570E-06 7.87057E-06 7.59397E-06 7.48583E-06 7.23488E-06 6.99667E-06 6.84122E-06 6.72631E-06 6.58209E-06 6.37496E-06 6.25953E-06 6.12264E-06 5.94144E-06 5.81987E-06 5.79386E-06 5.64990E-06 5.50115E-06 5.41932E-06 5.35538E-06 5.23090E-06 5.23681E-06 5.10376E-06 5.06025E-06 4.96519E-06 4.97637E-06 4.86362E-06 4.80529E-06 4.74759E-06 4.74722E-06 4.71343E-06 4.58949E-06 4.55109E-06 4.60449E-06 4.60026E-06 4.41361E-06
3.0 8.81978E-06 8.94415E-06 9.05725E-06 9.23203E-06 9.18712E-06 9.36919E-06 9.54406E-06 9.69202E-06 9.75387E-06 9.84412E-06 9.95127E-06 1.00422E-05 1.01288E-05 1.00807E-05 1.02566E-05 1.01453E-05 1.02276E-05 1.02357E-05 1.02960E-05 1.02924E-05 1.02882E-05 1.02655E-05 1.02166E-05 1.02007E-05 1.02551E-05 1.01761E-05 1.02519E-05 1.01723E-05 1.03372E-05 1.04668E-05 1.04522E-05 1.01934E-05 1.04157E-05 1.03154E-05 1.02160E-05 1.03041E-05 1.00269E-05 1.11244E-05 1.01657E-05
10.0 1.27728E-05 1.31124E-05 1.35153E-05 1.39737E-05 1.43389E-05 1.50001E-05 1.54971E-05 1.59636E-05 1.62701E-05 1.67492E-05 1.69733E-05 1.74442E-05 1.75068E-05 1.77550E-05 1.78453E-05 1.80323E-05 1.82897E-05 1.83288E-05 1.83528E-05 1.83453E-05 1.84448E-05 1.85904E-05 1.87841E-05 1.85914E-05 1.86727E-05 1.88968E-05 1.89290E-05 1.88825E-05 1.90179E-05 1.88904E-05 1.94173E-05 1.89370E-05 1.86680E-05 1.91651E-05 1.88829E-05 1.91727E-05 1.91526E-05 1.91242E-05 1.84998E-05
30.0 1.86437E-05 1.90557E-05 1.97167E-05 2.03297E-05 2.08087E-05 2.18277E-05 2.30077E-05 2.39662E-05 2.48284E-05 2.55433E-05 2.62033E-05 2.69622E-05 2.77588E-05 2.81436E-05 2.88601E-05 2.91441E-05 2.96266E-05 3.02546E-05 3.04453E-05 3.10002E-05 3.11875E-05 3.18225E-05 3.16575E-05 3.23844E-05 3.25311E-05 3.27321E-05 3.23279E-05 3.34867E-05 3.32011E-05 3.34902E-05 3.30752E-05 3.31380E-05 3.37435E-05 3.31512E-05 3.28661E-05 3.36655E-05 3.50983E-05 3.48344E-05 2.96322E-05
100.0 3.30351E-05 3.35190E-05 3.46169E-05 3.59892E-05 3.72180E-05 3.91343E-05 4.09747E-05 4.31715E-05 4.44461E-05 4.64734E-05 4.79077E-05 4.94276E-05 5.10591E-05 5.16749E-05 5.37159E-05 5.39608E-05 5.53652E-05 5.65472E-05 5.71481E-05 5.83079E-05 5.92938E-05 5.98549E-05 6.23367E-05 6.06885E-05 6.18365E-05 6.17925E-05 6.26882E-05 6.29705E-05 6.34357E-05 6.32960E-05 6.47900E-05 6.52692E-05 6.42220E-05 6.50692E-05 6.46212E-05 6.58892E-05 6.71717E-05 6.15227E-05 7.31893E-05
