Yield function of production of Ti44 by protons, neutrons, alphas, [(Ti44 atoms * cm2) / (g * prim. part. nucleon)] (computed with Geant4.10).
The primaries are alphas.
Energy[GeV/nuc],depths[g/cm2]: 1 3 5 10 15 20 30 40 50 60 70 85.56
0.01 8.07120E-07 9.51890E-13 6.74414E-13 6.23966E-13 5.11558E-13 3.83134E-13 3.41582E-13 3.27690E-13 9.58934E-14 1.05043E-13 6.21104E-13 0.00000E+00
0.03 4.52992E-07 3.94630E-08 9.44712E-10 8.35401E-10 6.99753E-10 6.33489E-10 5.92226E-10 5.14339E-10 4.25241E-10 3.96257E-10 3.41487E-10 4.00023E-10
0.1 3.41374E-07 3.35639E-07 2.95587E-07 2.42384E-07 5.18129E-08 4.60538E-08 4.22976E-08 3.83443E-08 3.47168E-08 3.24597E-08 3.09509E-08 3.17273E-08
0.18 3.85633E-07 4.22603E-07 4.33147E-07 4.42712E-07 4.13062E-07 3.74619E-07 3.15204E-07 2.01362E-07 1.88527E-07 1.74119E-07 1.79863E-07 1.57211E-07
0.3 5.43195E-07 6.09923E-07 6.47225E-07 6.84475E-07 8.17960E-07 7.79146E-07 8.41775E-07 8.11972E-07 7.44996E-07 7.17692E-07 6.61213E-07 6.71659E-07
0.56 5.11135E-06 6.91152E-06 9.75638E-06 1.04437E-05 1.05863E-05 9.44164E-06 9.11338E-06 8.89884E-06 9.51361E-06 6.33366E-06 6.75370E-06 5.27259E-06
1.0 3.84574E-05 4.92900E-05 5.46878E-05 6.12907E-05 7.33893E-05 7.61914E-05 8.09938E-05 1.01588E-04 9.20179E-05 1.41460E-04 1.04123E-04 1.05632E-04
3.0 1.74702E-04 1.97985E-04 2.42373E-04 2.62834E-04 3.14654E-04 3.27045E-04 3.83289E-04 4.87126E-04 3.79302E-04 4.14221E-04 4.14413E-04 6.04720E-04
10.0 6.45840E-04 7.58385E-04 9.75069E-04 8.89089E-04 1.06762E-03 1.27476E-03 1.35118E-03 1.46284E-03 1.44097E-03 1.63745E-03 1.60001E-03 1.63352E-03
30.0 1.46659E-03 1.64654E-03 1.91119E-03 1.94166E-03 2.23593E-03 2.55662E-03 2.83339E-03 2.87391E-03 3.02847E-03 3.07570E-03 3.00673E-03 2.96229E-03
100.0 3.04804E-03 3.32789E-03 3.75619E-03 4.20724E-03 4.56621E-03 4.97002E-03 5.53776E-03 5.94290E-03 6.32369E-03 6.54030E-03 6.96630E-03 1.02209E-02
