Yield function of production of Ti44 by protons, neutrons, alphas, [(Ti44 atoms * cm2) / (g * prim. part. nucleon)] (computed with Geant4.10).
The primaries are protons.
Energy[GeV/nuc],depths[g/cm2]: 1 3 5 10 15 20 30 40 50 60 70 85.56
0.01 7.64788E-08 0.00000E+00 0.00000E+00 0.00000E+00 0.00000E+00 0.00000E+00 0.00000E+00 0.00000E+00 0.00000E+00 0.00000E+00 0.00000E+00 0.00000E+00
0.03 1.46288E-07 3.31104E-09 1.01275E-12 6.24513E-13 5.72631E-13 3.08388E-13 2.99904E-13 2.01253E-13 1.84120E-13 1.37171E-13 1.55576E-13 6.97831E-14
0.1 3.32121E-07 3.33908E-07 2.86914E-07 2.15780E-07 3.81989E-09 3.43402E-09 3.12276E-09 2.76511E-09 2.39359E-09 2.39695E-09 2.07599E-09 2.47869E-09
0.18 3.17884E-07 3.34743E-07 3.21326E-07 2.91281E-07 2.43892E-07 1.97860E-07 1.39218E-07 2.31584E-08 2.23544E-08 2.03630E-08 1.93875E-08 1.89729E-08
0.3 3.18288E-07 3.48274E-07 3.66777E-07 3.65291E-07 3.57893E-07 3.59201E-07 3.56837E-07 2.93234E-07 2.52946E-07 2.07103E-07 1.27662E-07 8.09150E-08
0.56 3.85506E-07 4.03773E-07 4.20390E-07 4.33763E-07 4.62246E-07 4.63794E-07 4.66403E-07 4.71404E-07 4.87351E-07 4.76524E-07 5.11798E-07 4.53723E-07
1.0 3.94802E-07 4.20396E-07 4.45017E-07 4.60648E-07 4.97410E-07 5.12183E-07 5.36716E-07 5.54492E-07 5.86280E-07 5.99178E-07 6.01044E-07 6.24009E-07
3.0 5.18336E-07 5.61478E-07 5.95264E-07 6.57448E-07 6.72638E-07 7.28859E-07 7.62913E-07 8.14186E-07 9.11392E-07 8.71109E-07 9.11851E-07 9.02151E-07
10.0 9.75092E-07 1.05813E-06 1.16578E-06 1.22218E-06 1.39189E-06 1.48317E-06 1.57907E-06 1.67265E-06 1.77198E-06 2.02393E-06 1.88932E-06 1.96181E-06
30.0 1.19304E-06 1.24825E-06 1.35201E-06 1.43513E-06 1.61967E-06 1.82118E-06 1.93364E-06 2.06726E-06 2.26959E-06 2.35493E-06 2.67003E-06 2.51895E-06
100.0 1.86474E-06 2.01297E-06 2.16580E-06 2.40189E-06 2.59586E-06 2.90951E-06 3.06927E-06 3.40397E-06 3.73496E-06 3.86690E-06 3.89304E-06 3.70968E-06
