Yield function of production of Ti44 by protons, neutrons, alphas, [(Ti44 atoms * cm2) / (g * prim. part. nucleon)] (computed with Geant4.10).
The primaries are protons.
Energy[GeV/nuc],depths[g/cm2]: 1 3 5 10 15 20 30 40 50 60 70 85.56
0.01 7.64788E-08 0.00000E+00 0.00000E+00 0.00000E+00 0.00000E+00 0.00000E+00 0.00000E+00 0.00000E+00 0.00000E+00 0.00000E+00 0.00000E+00 0.00000E+00
0.03 1.46288E-07 3.31104E-09 1.01275E-12 6.24513E-13 5.72631E-13 3.08388E-13 2.99904E-13 2.01253E-13 1.84120E-13 1.37171E-13 1.55576E-13 6.97831E-14
0.1 3.32121E-07 3.33908E-07 2.86914E-07 2.15780E-07 3.81989E-09 3.43402E-09 3.12276E-09 2.76511E-09 2.39359E-09 2.39695E-09 2.07599E-09 2.47869E-09
0.18 3.17884E-07 3.34743E-07 3.21326E-07 2.91281E-07 2.43892E-07 1.97860E-07 1.39218E-07 2.31584E-08 2.23544E-08 2.03630E-08 1.93875E-08 1.89729E-08
0.3 3.21509E-07 3.50396E-07 3.67673E-07 3.67888E-07 3.58435E-07 3.59201E-07 3.56837E-07 2.93234E-07 2.52946E-07 2.07103E-07 1.27662E-07 8.09150E-08
0.56 1.60113E-06 1.89450E-06 4.14133E-06 2.56284E-06 2.56259E-06 2.58628E-06 2.57993E-06 2.19884E-06 1.54063E-06 1.49684E-06 1.66940E-06 1.02300E-06
1.0 1.06813E-05 1.38710E-05 1.64175E-05 1.71174E-05 1.84573E-05 1.95779E-05 2.42179E-05 2.72448E-05 2.85083E-05 2.25402E-05 2.30763E-05 9.82637E-05
3.0 5.01068E-05 5.50932E-05 6.52653E-05 7.39179E-05 9.23986E-05 8.80826E-05 9.22195E-05 1.50227E-04 1.08651E-04 1.06902E-04 1.23780E-04 1.08846E-04
10.0 1.60937E-04 1.80300E-04 2.14236E-04 2.34403E-04 2.85990E-04 3.10603E-04 3.25552E-04 3.41097E-04 3.88831E-04 3.72426E-04 5.06312E-04 4.08974E-04
30.0 3.23433E-04 3.49107E-04 4.11127E-04 4.36874E-04 5.30929E-04 6.23278E-04 6.19056E-04 6.85239E-04 7.24872E-04 7.09436E-04 7.73804E-04 1.07451E-03
100.0 7.10660E-04 8.38328E-04 8.23919E-04 1.24593E-03 1.02832E-03 1.34984E-03 1.32584E-03 1.31863E-03 1.44727E-03 1.40510E-03 1.47429E-03 1.43914E-03
