Yield function of production of Ti44 by protons, neutrons, alphas, pi+ and pi-, [(Ti44 atoms * cm2) / (g * prim. part. nucleon)] (computed with Geant4.10).
The primaries are protons.
Energy[GeV/nuc],depths[g/cm2]: 1 3 5 10 15 20 30 40 50 60 70 85.56
0.01 1.06967E-04 2.81376E-08 2.50065E-08 2.39335E-08 2.34826E-08 2.37789E-08 2.44650E-08 2.10583E-08 1.68549E-08 1.38833E-08 1.43952E-08 1.31208E-08
0.03 1.08939E-04 1.45206E-05 4.46629E-07 4.25676E-07 4.12878E-07 4.15312E-07 4.13160E-07 3.98488E-07 3.87190E-07 3.74285E-07 3.61947E-07 3.57441E-07
0.1 1.24876E-04 1.14386E-04 8.96056E-05 6.77377E-05 1.36951E-05 1.40406E-05 1.42228E-05 1.44143E-05 1.46477E-05 1.42334E-05 1.47697E-05 1.41259E-05
0.18 3.54047E-05 5.34269E-05 7.19828E-05 7.96866E-05 1.09591E-04 1.16013E-04 9.75473E-05 6.88131E-05 6.92776E-05 7.23342E-05 7.30112E-05 7.20407E-05
0.3 6.43545E-05 7.88188E-05 1.00656E-04 1.13288E-04 1.47387E-04 1.81420E-04 2.15103E-04 2.40898E-04 2.68602E-04 2.91339E-04 2.67461E-04 2.49307E-04
0.56 1.21010E-04 1.47856E-04 1.85027E-04 2.11876E-04 2.79766E-04 3.37561E-04 3.91607E-04 4.72466E-04 5.49293E-04 6.00662E-04 6.21790E-04 6.23266E-04
1.0 1.87964E-04 2.27177E-04 2.82147E-04 3.28992E-04 4.36505E-04 5.25880E-04 6.09604E-04 7.57136E-04 8.72706E-04 9.32321E-04 1.01254E-03 1.12861E-03
3.0 3.72178E-04 4.41973E-04 5.44532E-04 6.47516E-04 8.39286E-04 1.01459E-03 1.18838E-03 1.53034E-03 1.73380E-03 1.87267E-03 2.01410E-03 2.12949E-03
10.0 9.23606E-04 1.09541E-03 1.35512E-03 1.57948E-03 2.07488E-03 2.51060E-03 2.87029E-03 3.51908E-03 4.11148E-03 4.48599E-03 5.10164E-03 5.32989E-03
30.0 1.37743E-03 1.59086E-03 1.95052E-03 2.24863E-03 2.97826E-03 3.71013E-03 4.21386E-03 5.17693E-03 6.07838E-03 6.60740E-03 7.27404E-03 7.71948E-03
100.0 2.54663E-03 3.08749E-03 3.55099E-03 4.49883E-03 5.41714E-03 6.75606E-03 7.52054E-03 9.30517E-03 1.10042E-02 1.20518E-02 1.28829E-02 1.31530E-02
