Yield function of production of Ti44 by protons, neutrons, alphas, [(Ti44 atoms * cm2) / (g * prim. part. nucleon)] (computed with Geant4.10).
The primaries are alphas.
Energy[GeV/nuc],depths[g/cm2]: 1 3 5 10 15 20 30 40 50 60 70 85.56
0.01 1.75941E-04 2.26167E-07 1.97245E-07 1.90871E-07 1.90135E-07 1.88419E-07 1.89518E-07 1.83601E-07 1.70649E-07 1.61021E-07 1.60127E-07 2.21990E-07
0.03 1.80728E-04 2.82523E-05 3.31829E-06 3.21902E-06 3.20881E-06 3.31332E-06 3.33044E-06 3.43138E-06 3.55309E-06 3.55386E-06 3.45171E-06 3.45834E-06
0.1 3.20132E-04 2.91005E-04 2.44799E-04 1.98510E-04 8.87975E-05 9.26236E-05 9.56509E-05 1.01469E-04 1.05083E-04 1.06288E-04 1.08774E-04 1.08901E-04
0.18 4.20513E-04 4.34656E-04 4.44548E-04 4.52426E-04 4.51151E-04 4.50051E-04 4.33690E-04 4.03758E-04 4.26349E-04 4.39435E-04 4.47410E-04 4.33469E-04
0.3 3.08359E-04 4.09302E-04 5.22961E-04 6.50919E-04 8.25069E-04 9.24638E-04 1.01885E-03 1.14319E-03 1.23842E-03 1.30781E-03 1.33758E-03 1.35627E-03
0.56 4.61518E-04 5.52465E-04 6.93521E-04 7.97028E-04 1.06408E-03 1.28184E-03 1.49513E-03 1.83246E-03 2.11579E-03 2.37530E-03 2.47395E-03 2.60735E-03
1.0 6.77297E-04 8.15048E-04 1.01610E-03 1.19303E-03 1.57840E-03 1.95178E-03 2.28401E-03 2.85214E-03 3.29425E-03 3.63745E-03 3.92359E-03 4.04789E-03
3.0 1.27994E-03 1.54217E-03 1.91234E-03 2.23729E-03 2.97238E-03 3.67058E-03 4.29664E-03 5.37171E-03 6.26963E-03 6.91058E-03 7.35283E-03 7.88431E-03
10.0 2.66110E-03 3.22364E-03 3.99252E-03 4.65744E-03 6.23896E-03 7.64876E-03 9.05341E-03 1.16341E-02 1.35011E-02 1.51535E-02 1.63734E-02 1.67250E-02
30.0 4.38720E-03 5.31339E-03 6.57963E-03 7.64884E-03 1.03575E-02 1.28558E-02 1.49483E-02 1.89373E-02 2.20097E-02 2.49944E-02 2.63292E-02 2.72312E-02
100.0 8.20615E-03 9.82059E-03 1.22834E-02 1.43221E-02 1.91711E-02 2.43398E-02 2.79942E-02 3.58498E-02 4.27461E-02 4.88925E-02 5.16792E-02 5.32655E-02
