Yield function of production of Ti44 by protons, neutrons, alphas, pi+ and pi-, [(Ti44 atoms * cm2) / (g * prim. part. nucleon)] (computed with Geant4.10).
The primaries are alphas.
Energy[GeV/nuc],depths[g/cm2]: 1 3 5 10 15 20 30 40 50 60 70 85.56
0.01 1.75941E-04 2.26167E-07 1.97245E-07 1.90871E-07 1.90135E-07 1.88419E-07 1.89518E-07 1.83601E-07 1.70649E-07 1.61021E-07 1.60127E-07 2.21990E-07
0.03 1.80728E-04 2.82523E-05 3.31829E-06 3.21902E-06 3.20881E-06 3.31332E-06 3.33044E-06 3.43138E-06 3.55309E-06 3.55386E-06 3.45171E-06 3.45834E-06
0.1 3.20132E-04 2.91005E-04 2.44799E-04 1.98510E-04 8.87975E-05 9.26236E-05 9.56509E-05 1.01469E-04 1.05083E-04 1.06288E-04 1.08774E-04 1.08901E-04
0.18 4.20513E-04 4.34656E-04 4.44549E-04 4.52428E-04 4.51151E-04 4.50051E-04 4.33690E-04 4.03758E-04 4.26349E-04 4.39436E-04 4.47410E-04 4.33469E-04
0.3 3.08373E-04 4.09320E-04 5.22984E-04 6.50942E-04 8.25152E-04 9.24664E-04 1.01889E-03 1.14322E-03 1.23843E-03 1.30782E-03 1.33760E-03 1.35636E-03
0.56 4.65757E-04 5.58433E-04 7.02247E-04 8.06399E-04 1.07346E-03 1.28998E-03 1.50289E-03 1.83993E-03 2.12381E-03 2.38010E-03 2.47910E-03 2.61109E-03
1.0 7.14639E-04 8.63119E-04 1.06944E-03 1.25287E-03 1.65022E-03 2.02628E-03 2.36316E-03 2.95181E-03 3.38427E-03 3.77682E-03 4.02560E-03 4.15134E-03
3.0 1.45284E-03 1.73819E-03 2.15257E-03 2.49782E-03 3.28449E-03 3.99487E-03 4.67697E-03 5.85562E-03 6.64551E-03 7.32127E-03 7.76357E-03 8.48534E-03
10.0 3.30375E-03 3.97853E-03 4.96378E-03 5.54252E-03 7.30196E-03 8.91855E-03 1.03991E-02 1.30910E-02 1.49357E-02 1.67842E-02 1.79664E-02 1.83511E-02
30.0 5.84903E-03 6.95472E-03 8.48521E-03 9.58445E-03 1.25867E-02 1.54050E-02 1.77737E-02 2.18019E-02 2.50290E-02 2.80605E-02 2.93262E-02 3.01841E-02
100.0 1.12460E-02 1.31398E-02 1.60299E-02 1.85185E-02 2.37255E-02 2.92973E-02 3.35185E-02 4.17779E-02 4.90533E-02 5.54139E-02 5.86275E-02 6.34680E-02
