Yield function of production of Ti44 by protons, neutrons, alphas, [(Ti44 atoms * cm2) / (g * prim. part. nucleon)] (computed with Geant4.10).
The primaries are protons.
Energy[GeV/nuc],depths[g/cm2]: 1 3 5 10 15 20 30 40 50 60 70 85.56
0.01 1.06967E-04 2.81376E-08 2.50065E-08 2.39335E-08 2.34826E-08 2.37789E-08 2.44650E-08 2.10583E-08 1.68549E-08 1.38833E-08 1.43952E-08 1.31208E-08
0.03 1.08939E-04 1.45206E-05 4.46629E-07 4.25676E-07 4.12878E-07 4.15312E-07 4.13160E-07 3.98488E-07 3.87190E-07 3.74285E-07 3.61947E-07 3.57441E-07
0.1 1.24876E-04 1.14386E-04 8.96056E-05 6.77377E-05 1.36951E-05 1.40406E-05 1.42228E-05 1.44143E-05 1.46477E-05 1.42334E-05 1.47697E-05 1.41259E-05
0.18 3.54047E-05 5.34269E-05 7.19828E-05 7.96866E-05 1.09591E-04 1.16013E-04 9.75473E-05 6.88131E-05 6.92776E-05 7.23342E-05 7.30112E-05 7.20407E-05
0.3 6.43513E-05 7.88167E-05 1.00655E-04 1.13286E-04 1.47386E-04 1.81420E-04 2.15103E-04 2.40898E-04 2.68602E-04 2.91339E-04 2.67461E-04 2.49307E-04
0.56 1.19795E-04 1.46365E-04 1.81306E-04 2.09747E-04 2.77666E-04 3.35438E-04 3.89493E-04 4.70739E-04 5.48240E-04 5.99641E-04 6.20633E-04 6.22696E-04
1.0 1.77677E-04 2.13727E-04 2.66175E-04 3.12335E-04 4.18545E-04 5.06814E-04 5.85922E-04 7.30445E-04 8.44784E-04 9.10380E-04 9.90067E-04 1.03097E-03
3.0 3.22590E-04 3.87441E-04 4.79862E-04 5.74256E-04 7.47560E-04 9.27235E-04 1.09692E-03 1.38093E-03 1.62606E-03 1.76664E-03 1.89123E-03 2.02154E-03
10.0 7.63644E-04 9.16166E-04 1.14205E-03 1.34630E-03 1.79028E-03 2.20148E-03 2.54631E-03 3.17966E-03 3.72442E-03 4.11559E-03 4.59722E-03 4.92288E-03
30.0 1.05519E-03 1.24300E-03 1.54074E-03 1.81319E-03 2.44895E-03 3.08867E-03 3.59674E-03 4.49376E-03 5.35577E-03 5.90032E-03 6.50291E-03 6.64749E-03
100.0 1.83783E-03 2.25118E-03 2.72924E-03 3.25531E-03 4.39142E-03 5.40913E-03 6.19776E-03 7.98995E-03 9.56070E-03 1.06506E-02 1.14125E-02 1.17176E-02
