Yield function of production of Ti44 by protons, neutrons, alphas, [(Ti44 atoms * cm2) / (g * prim. part. nucleon)] (computed with Geant4.10).
The primaries are alphas.
Energy[GeV/nuc],depths[g/cm2]: 1 3 5 10 15 20 30 40 50 60 70 85.56
0.01 8.07120E-07 9.51890E-13 6.74414E-13 6.23966E-13 5.11558E-13 3.83134E-13 3.41582E-13 3.27690E-13 9.58934E-14 1.05043E-13 6.21104E-13 0.00000E+00
0.03 4.52992E-07 3.94630E-08 9.44712E-10 8.35401E-10 6.99753E-10 6.33489E-10 5.92226E-10 5.14339E-10 4.25241E-10 3.96257E-10 3.41487E-10 4.00023E-10
0.1 3.41374E-07 3.35639E-07 2.95587E-07 2.42384E-07 5.18129E-08 4.60538E-08 4.22976E-08 3.83443E-08 3.47168E-08 3.24597E-08 3.09509E-08 3.17273E-08
0.18 3.85275E-07 4.22248E-07 4.32197E-07 4.41082E-07 4.13062E-07 3.74619E-07 3.15204E-07 2.01362E-07 1.88527E-07 1.73473E-07 1.79863E-07 1.57211E-07
0.3 5.29084E-07 5.91455E-07 6.25156E-07 6.61829E-07 7.34600E-07 7.53148E-07 8.02119E-07 7.79163E-07 7.32948E-07 7.06965E-07 6.44104E-07 5.80492E-07
0.56 8.72368E-07 9.43175E-07 1.03047E-06 1.07273E-06 1.21306E-06 1.29910E-06 1.35497E-06 1.42791E-06 1.49322E-06 1.52761E-06 1.59489E-06 1.53645E-06
1.0 1.11615E-06 1.21908E-06 1.34607E-06 1.45370E-06 1.56884E-06 1.68758E-06 1.84206E-06 1.91487E-06 2.00447E-06 2.09401E-06 2.11539E-06 2.17962E-06
3.0 1.79791E-06 1.96593E-06 2.14314E-06 2.29909E-06 2.53867E-06 2.75830E-06 2.95879E-06 3.21807E-06 3.42827E-06 3.53375E-06 3.66703E-06 3.69043E-06
10.0 3.18684E-06 3.49886E-06 3.81018E-06 4.01257E-06 4.62200E-06 4.96520E-06 5.45011E-06 5.92276E-06 6.39190E-06 6.78305E-06 7.01019E-06 7.43417E-06
30.0 4.75734E-06 5.21212E-06 5.61315E-06 6.05601E-06 6.76605E-06 7.45750E-06 8.05027E-06 9.25221E-06 9.21385E-06 9.53383E-06 9.68974E-06 9.40710E-06
100.0 8.20020E-06 8.67752E-06 9.68753E-06 1.07904E-05 1.17542E-05 1.25996E-05 1.34726E-05 1.48584E-05 1.64985E-05 1.89526E-05 1.79589E-05 1.83722E-05
