Yield function of production of Ti44 by protons, neutrons, alphas, [(Ti44 atoms * cm2) / (g * prim. part. nucleon)] (computed with Geant4.10).
The primaries are alphas.
Energy[GeV/nuc],depths[g/cm2]: 1 3 5 10 15 20 30 40 50 60 70 80 90 100 110 120 130 140 150 160 170 180 190 200 210 220 230 240 250 260 270 280 290 300 310 320 330 340 350 360 370 380 400 410 420 430 446.4
0.01 1.75901E-04 2.20304E-07 1.92434E-07 1.84509E-07 1.72325E-07 1.68173E-07 1.46813E-07 1.24808E-07 1.08743E-07 8.98523E-08 7.13241E-08 5.84254E-08 6.11612E-08 4.05901E-08 2.79710E-08 2.12424E-08 1.61046E-08 1.31980E-08 8.20256E-09 6.26983E-09 7.38052E-09 5.10635E-09 2.24843E-09 1.06071E-09 1.66133E-09 1.71215E-09 1.83365E-09 7.91618E-10 5.02866E-11 1.02707E-10 0.00000E+00 0.00000E+00 0.00000E+00 0.00000E+00 0.00000E+00 0.00000E+00 0.00000E+00 0.00000E+00 0.00000E+00 0.00000E+00 0.00000E+00 0.00000E+00 0.00000E+00 0.00000E+00 0.00000E+00 0.00000E+00 0.00000E+00
0.03 1.79540E-04 2.78520E-05 3.07192E-06 2.88613E-06 2.76818E-06 2.65528E-06 2.55868E-06 2.38029E-06 2.10075E-06 1.80643E-06 1.59866E-06 1.40398E-06 1.13551E-06 9.33032E-07 7.50918E-07 6.19767E-07 5.08144E-07 4.19235E-07 3.39879E-07 2.86753E-07 2.33790E-07 1.81313E-07 1.54379E-07 1.22743E-07 1.11582E-07 1.06527E-07 8.04033E-08 7.70296E-08 6.03050E-08 3.58859E-08 3.52505E-08 3.16189E-08 3.73820E-08 2.15043E-08 1.10999E-08 8.59864E-09 9.74229E-09 9.44888E-09 1.67962E-08 7.00605E-09 9.77059E-09 5.43640E-09 2.30848E-09 4.22694E-09 7.12648E-09 1.43924E-08 5.72430E-08
0.1 2.94068E-04 2.72975E-04 2.26620E-04 1.79884E-04 7.39523E-05 7.29874E-05 7.25387E-05 6.92949E-05 6.46619E-05 5.87492E-05 5.27478E-05 4.69327E-05 4.15746E-05 3.67612E-05 3.23774E-05 2.86330E-05 2.43640E-05 2.16045E-05 1.94971E-05 1.67234E-05 1.53117E-05 1.35408E-05 1.21640E-05 1.08022E-05 9.74988E-06 9.53660E-06 7.67291E-06 6.73405E-06 6.48476E-06 5.73948E-06 5.75479E-06 4.66933E-06 4.38575E-06 4.06725E-06 3.88381E-06 3.74208E-06 3.23960E-06 3.88932E-06 3.19161E-06 3.02703E-06 3.25286E-06 3.03519E-06 2.89772E-06 2.97206E-06 2.36287E-06 2.31975E-06 5.61688E-06
0.18 3.60609E-04 3.73289E-04 3.75290E-04 3.77145E-04 3.69682E-04 3.49672E-04 3.22661E-04 2.78536E-04 2.72367E-04 2.55295E-04 2.36611E-04 2.19303E-04 1.98441E-04 1.80240E-04 1.65335E-04 1.50354E-04 1.33335E-04 1.20607E-04 1.10378E-04 1.00792E-04 9.05638E-05 8.51395E-05 7.63111E-05 6.95174E-05 6.37171E-05 5.71759E-05 5.40824E-05 5.20592E-05 4.47858E-05 4.53295E-05 4.29745E-05 3.69879E-05 3.58977E-05 3.21999E-05 3.09921E-05 2.93836E-05 3.01752E-05 2.93102E-05 2.85978E-05 2.90914E-05 2.69852E-05 2.94022E-05 2.73307E-05 3.19109E-05 3.51529E-05 1.89787E-05 2.65775E-05
0.3 2.15300E-04 2.93246E-04 4.07474E-04 5.03428E-04 6.41983E-04 7.08035E-04 7.43071E-04 7.93247E-04 8.17155E-04 7.95395E-04 7.57244E-04 7.19747E-04 6.72738E-04 6.37307E-04 5.95443E-04 5.49336E-04 5.08677E-04 4.70799E-04 4.40716E-04 4.09487E-04 3.81060E-04 3.55694E-04 3.28018E-04 3.07906E-04 2.81283E-04 2.62012E-04 2.56478E-04 2.45558E-04 2.22760E-04 2.17499E-04 2.00333E-04 1.89764E-04 1.90118E-04 2.01473E-04 1.72442E-04 1.72006E-04 1.75175E-04 1.60826E-04 1.49302E-04 1.38897E-04 1.28548E-04 1.25451E-04 1.39599E-04 1.37613E-04 1.12711E-04 1.12823E-04 7.18119E-05
0.56 4.20219E-04 5.19073E-04 6.30847E-04 7.38403E-04 9.72281E-04 1.17059E-03 1.33302E-03 1.59164E-03 1.78932E-03 1.92611E-03 2.01697E-03 2.04003E-03 2.03938E-03 2.03224E-03 1.98752E-03 1.93578E-03 1.86335E-03 1.80682E-03 1.74338E-03 1.66340E-03 1.58575E-03 1.50423E-03 1.44549E-03 1.37728E-03 1.30889E-03 1.26613E-03 1.22061E-03 1.18033E-03 1.12069E-03 1.06506E-03 1.03956E-03 1.01058E-03 9.70040E-04 9.43435E-04 9.21955E-04 9.09754E-04 8.62781E-04 8.36592E-04 7.94143E-04 7.59432E-04 7.86188E-04 8.01393E-04 8.22713E-04 7.40202E-04 6.86183E-04 6.95479E-04 7.37727E-04
1.0 7.19525E-04 8.76540E-04 1.07271E-03 1.24963E-03 1.65320E-03 2.00255E-03 2.32476E-03 2.83140E-03 3.22973E-03 3.53417E-03 3.71017E-03 3.87768E-03 3.94122E-03 3.92071E-03 3.92998E-03 3.90277E-03 3.87944E-03 3.82102E-03 3.71773E-03 3.63400E-03 3.52767E-03 3.42975E-03 3.35225E-03 3.25859E-03 3.16473E-03 3.06022E-03 3.00540E-03 2.87598E-03 2.79121E-03 2.68182E-03 2.66712E-03 2.60516E-03 2.54256E-03 2.46980E-03 2.41979E-03 2.34521E-03 2.43875E-03 2.20238E-03 2.20240E-03 2.29817E-03 2.12735E-03 2.15612E-03 2.04515E-03 1.99399E-03 2.09117E-03 1.89286E-03 1.87789E-03
3.0 1.66684E-03 1.99765E-03 2.46750E-03 2.90608E-03 3.83391E-03 4.64595E-03 5.42236E-03 6.71825E-03 7.73859E-03 8.59677E-03 9.22119E-03 9.74936E-03 1.02018E-02 1.04598E-02 1.06051E-02 1.06902E-02 1.08173E-02 1.08338E-02 1.07122E-02 1.06909E-02 1.05662E-02 1.04702E-02 1.03745E-02 1.01873E-02 1.00270E-02 9.84239E-03 9.69863E-03 9.55002E-03 9.37426E-03 9.23786E-03 9.19806E-03 9.05556E-03 8.98483E-03 8.78349E-03 8.75950E-03 8.69476E-03 8.79226E-03 8.46666E-03 8.70797E-03 8.32989E-03 8.07644E-03 8.22244E-03 8.26161E-03 7.97725E-03 7.97120E-03 8.62297E-03 7.34557E-03
10.0 4.17529E-03 4.99625E-03 6.18418E-03 7.19162E-03 9.56808E-03 1.17128E-02 1.36794E-02 1.70573E-02 1.99310E-02 2.22319E-02 2.41232E-02 2.56306E-02 2.67748E-02 2.77417E-02 2.82425E-02 2.87543E-02 2.91041E-02 2.94401E-02 2.94731E-02 2.96202E-02 2.94502E-02 2.94993E-02 2.95384E-02 2.94820E-02 2.91276E-02 2.91719E-02 2.89807E-02 2.87756E-02 2.83185E-02 2.82665E-02 2.78837E-02 2.77217E-02 2.74091E-02 2.75554E-02 2.69560E-02 2.69143E-02 2.68574E-02 2.66071E-02 2.68406E-02 2.67198E-02 2.62301E-02 2.70048E-02 2.80115E-02 2.67115E-02 2.77901E-02 2.61064E-02 2.76873E-02
30.0 8.91219E-03 1.06367E-02 1.30881E-02 1.54486E-02 2.05786E-02 2.51842E-02 2.96400E-02 3.73802E-02 4.39043E-02 4.96669E-02 5.43460E-02 5.86507E-02 6.18648E-02 6.49435E-02 6.71322E-02 6.94115E-02 7.11763E-02 7.31502E-02 7.42159E-02 7.49772E-02 7.60222E-02 7.68975E-02 7.73001E-02 7.70335E-02 7.73235E-02 7.80162E-02 7.75383E-02 7.77255E-02 7.70537E-02 7.75671E-02 7.72718E-02 7.71378E-02 7.73250E-02 7.72845E-02 7.65248E-02 7.69253E-02 7.58554E-02 7.61862E-02 7.52377E-02 7.47946E-02 7.56895E-02 7.62589E-02 7.55982E-02 7.24718E-02 7.02196E-02 7.51372E-02 7.40769E-02
100.0 2.09458E-02 2.46487E-02 3.08435E-02 3.56565E-02 4.82086E-02 5.84768E-02 6.85205E-02 8.70797E-02 1.03141E-01 1.17407E-01 1.29247E-01 1.39135E-01 1.47287E-01 1.56300E-01 1.62852E-01 1.71698E-01 1.78162E-01 1.83790E-01 1.88574E-01 1.94568E-01 1.97855E-01 2.01154E-01 2.02529E-01 2.06642E-01 2.11101E-01 2.13362E-01 2.13573E-01 2.14289E-01 2.21231E-01 2.20155E-01 2.18436E-01 2.23388E-01 2.22762E-01 2.27093E-01 2.28819E-01 2.29310E-01 2.25666E-01 2.24880E-01 2.28596E-01 2.25662E-01 2.20731E-01 2.17151E-01 2.19491E-01 2.18387E-01 2.22350E-01 2.11794E-01 1.99459E-01
