Yield function of production of Ti44 by protons, neutrons, alphas, [(Ti44 atoms * cm2) / (g * prim. part. nucleon)] (computed with Geant4.10).
The primaries are protons.
Energy[GeV/nuc],depths[g/cm2]: 1 3 5 10 15 20 30 40 50 60 70 80 90 100 110 120 130 140 150 160 170 180 190 200 210 220 230 240 250 260 270 280 290 300 310 320 330 340 350 360 370 380 400 410 420 430 446.4
0.01 1.06978E-04 2.71909E-08 2.32159E-08 2.23231E-08 2.03039E-08 1.97271E-08 1.93652E-08 1.55675E-08 1.37381E-08 1.02759E-08 7.65596E-09 5.71709E-09 3.78114E-09 2.78553E-09 1.54497E-09 1.05710E-09 1.40639E-09 1.09043E-09 4.25741E-10 5.10031E-10 7.18949E-10 2.70793E-10 2.56868E-10 3.01209E-11 7.28911E-11 6.77911E-11 3.76872E-11 0.00000E+00 0.00000E+00 0.00000E+00 0.00000E+00 0.00000E+00 0.00000E+00 0.00000E+00 0.00000E+00 0.00000E+00 0.00000E+00 0.00000E+00 0.00000E+00 0.00000E+00 0.00000E+00 0.00000E+00 0.00000E+00 0.00000E+00 0.00000E+00 0.00000E+00 0.00000E+00
0.03 1.08488E-04 1.43767E-05 4.30708E-07 4.05767E-07 3.61895E-07 3.42700E-07 3.33542E-07 2.88344E-07 2.48698E-07 2.05040E-07 1.62180E-07 1.29980E-07 1.04364E-07 8.16202E-08 5.83065E-08 4.65123E-08 3.40847E-08 2.73789E-08 1.80282E-08 1.50824E-08 1.42515E-08 9.02411E-09 7.40904E-09 5.35599E-09 3.84627E-09 2.81596E-09 2.70041E-09 1.86891E-09 1.11524E-09 4.87219E-10 2.42848E-10 1.15408E-10 1.77106E-10 6.93130E-11 7.13391E-11 0.00000E+00 0.00000E+00 0.00000E+00 0.00000E+00 0.00000E+00 0.00000E+00 0.00000E+00 0.00000E+00 0.00000E+00 0.00000E+00 0.00000E+00 0.00000E+00
0.1 1.16550E-04 1.06196E-04 8.40539E-05 6.26163E-05 1.15126E-05 1.10511E-05 1.07964E-05 9.81131E-06 8.68732E-06 7.51862E-06 6.86493E-06 5.55030E-06 4.91265E-06 4.16462E-06 3.49523E-06 2.80638E-06 2.26650E-06 1.90358E-06 1.57578E-06 1.29570E-06 1.13683E-06 9.04405E-07 9.20722E-07 8.19391E-07 5.94684E-07 5.07611E-07 4.46891E-07 3.26739E-07 2.73213E-07 2.28000E-07 1.74203E-07 1.80166E-07 1.70959E-07 1.49564E-07 1.38931E-07 1.07244E-07 8.04453E-08 3.29243E-08 6.57797E-08 4.11600E-08 5.95123E-08 1.98595E-08 4.37786E-08 1.21737E-08 2.62979E-08 4.23951E-08 0.00000E+00
0.18 2.53156E-05 3.82584E-05 5.15537E-05 6.35666E-05 8.88862E-05 9.27740E-05 7.41055E-05 4.73084E-05 4.34161E-05 4.02001E-05 3.52789E-05 3.09060E-05 2.71245E-05 2.37098E-05 2.04393E-05 1.84124E-05 1.59028E-05 1.40148E-05 1.24320E-05 1.09462E-05 9.88986E-06 8.38769E-06 7.44550E-06 6.54166E-06 5.92974E-06 5.50780E-06 5.05395E-06 4.51219E-06 4.29905E-06 3.91612E-06 3.68483E-06 3.48311E-06 2.95542E-06 3.19489E-06 2.40927E-06 2.53625E-06 2.15479E-06 2.03158E-06 1.88510E-06 1.93374E-06 1.42070E-06 1.55611E-06 1.66246E-06 1.90536E-06 1.10020E-06 1.33682E-06 1.54734E-06
0.3 4.94353E-05 6.12008E-05 7.87149E-05 8.96022E-05 1.12972E-04 1.29283E-04 1.41972E-04 1.55546E-04 1.60743E-04 1.56043E-04 1.32717E-04 1.17966E-04 1.04939E-04 9.33749E-05 8.34751E-05 7.59381E-05 6.80105E-05 6.08875E-05 5.44979E-05 4.95044E-05 4.74299E-05 4.12762E-05 3.83897E-05 3.56162E-05 3.11785E-05 2.99712E-05 2.69057E-05 2.53832E-05 2.44938E-05 2.37489E-05 2.19866E-05 1.97182E-05 1.94178E-05 2.09514E-05 1.83768E-05 1.82031E-05 1.64700E-05 1.60677E-05 1.70706E-05 1.20180E-05 1.17972E-05 1.26126E-05 1.27180E-05 1.29231E-05 1.08812E-05 1.62416E-05 1.05895E-05
0.56 9.72829E-05 1.19689E-04 1.46320E-04 1.71149E-04 2.28093E-04 2.65671E-04 3.01431E-04 3.57554E-04 3.87719E-04 4.08317E-04 4.06506E-04 3.97413E-04 3.89005E-04 3.78636E-04 3.59729E-04 3.35703E-04 3.11572E-04 2.91960E-04 2.73111E-04 2.56403E-04 2.35127E-04 2.15351E-04 2.02498E-04 1.88783E-04 1.79713E-04 1.62407E-04 1.57149E-04 1.47380E-04 1.39524E-04 1.30679E-04 1.27514E-04 1.17040E-04 1.14548E-04 1.13548E-04 9.69800E-05 9.62568E-05 9.97532E-05 9.78371E-05 8.81843E-05 8.78571E-05 8.43710E-05 9.32498E-05 8.27540E-05 8.51411E-05 6.93128E-05 6.42746E-05 5.95970E-05
1.0 1.71738E-04 2.07430E-04 2.56406E-04 3.02000E-04 3.98330E-04 4.75961E-04 5.56010E-04 6.64592E-04 7.37906E-04 8.00944E-04 8.27013E-04 8.63847E-04 8.53897E-04 8.43941E-04 8.37426E-04 8.19923E-04 7.97716E-04 7.75399E-04 7.55951E-04 7.21047E-04 7.15325E-04 6.80721E-04 6.40486E-04 6.24788E-04 6.01232E-04 5.74195E-04 5.48694E-04 5.26791E-04 5.02502E-04 5.06369E-04 4.69654E-04 4.62909E-04 4.60532E-04 4.32411E-04 4.15902E-04 4.04806E-04 3.85822E-04 3.74368E-04 3.71954E-04 3.41551E-04 3.33417E-04 3.67641E-04 3.20653E-04 2.69753E-04 2.79196E-04 2.88577E-04 2.93193E-04
3.0 4.01335E-04 4.84726E-04 5.97519E-04 7.01605E-04 9.22095E-04 1.13070E-03 1.30791E-03 1.62476E-03 1.87327E-03 2.06978E-03 2.22207E-03 2.33015E-03 2.40542E-03 2.45468E-03 2.50404E-03 2.53714E-03 2.53401E-03 2.54946E-03 2.51447E-03 2.49911E-03 2.47887E-03 2.43252E-03 2.37839E-03 2.39058E-03 2.34081E-03 2.31288E-03 2.25234E-03 2.26672E-03 2.24369E-03 2.19623E-03 2.09923E-03 2.08816E-03 2.05103E-03 1.99370E-03 2.00081E-03 1.95577E-03 1.93563E-03 1.88227E-03 1.94998E-03 1.87295E-03 1.81127E-03 1.91410E-03 1.83657E-03 1.83039E-03 1.89752E-03 2.13037E-03 1.72425E-03
10.0 1.09565E-03 1.30231E-03 1.62300E-03 1.90970E-03 2.50899E-03 3.04378E-03 3.52982E-03 4.39765E-03 5.11009E-03 5.64897E-03 6.09785E-03 6.42357E-03 6.67606E-03 6.85339E-03 7.11205E-03 7.08752E-03 7.22206E-03 7.32412E-03 7.31038E-03 7.26490E-03 7.26707E-03 7.24499E-03 7.17596E-03 7.16308E-03 7.12108E-03 7.08185E-03 6.93472E-03 6.94813E-03 6.84747E-03 6.74668E-03 6.69695E-03 6.67654E-03 6.63787E-03 6.55733E-03 6.71131E-03 6.68014E-03 6.64220E-03 6.58557E-03 6.60979E-03 6.55713E-03 6.81060E-03 6.39139E-03 6.21873E-03 6.41038E-03 6.34241E-03 6.24404E-03 6.25588E-03
30.0 2.19202E-03 2.60750E-03 3.23756E-03 3.80366E-03 5.02294E-03 6.18749E-03 7.23372E-03 9.14964E-03 1.07709E-02 1.20964E-02 1.32856E-02 1.42619E-02 1.51567E-02 1.58600E-02 1.65254E-02 1.70358E-02 1.75023E-02 1.78315E-02 1.81622E-02 1.85081E-02 1.87400E-02 1.87455E-02 1.88793E-02 1.90217E-02 1.90519E-02 1.93594E-02 1.93432E-02 1.92939E-02 1.91987E-02 1.92239E-02 1.95964E-02 1.95682E-02 1.95456E-02 1.95589E-02 1.98062E-02 1.96756E-02 1.94954E-02 1.95709E-02 1.94739E-02 1.94170E-02 1.91238E-02 1.94752E-02 1.98318E-02 1.99161E-02 2.02342E-02 1.99724E-02 2.36534E-02
100.0 5.22880E-03 6.24786E-03 7.74151E-03 9.06061E-03 1.21409E-02 1.46953E-02 1.73980E-02 2.19212E-02 2.59987E-02 2.94905E-02 3.25917E-02 3.51667E-02 3.74973E-02 3.92567E-02 4.09565E-02 4.23966E-02 4.38262E-02 4.49933E-02 4.60224E-02 4.68377E-02 4.75492E-02 4.78824E-02 4.82777E-02 4.88044E-02 4.88171E-02 4.95365E-02 4.96024E-02 4.98062E-02 5.02746E-02 5.09261E-02 5.06463E-02 5.16160E-02 5.13012E-02 5.11853E-02 5.09023E-02 5.15258E-02 5.09428E-02 5.15033E-02 5.14254E-02 5.15013E-02 5.13288E-02 5.11374E-02 5.05558E-02 5.02461E-02 5.23441E-02 4.95652E-02 4.23848E-02
