Yield function of production of Ti44 by protons, neutrons, alphas, [(Ti44 atoms * cm2) / (g * prim. part. nucleon)] (computed with Geant4.10).
The primaries are protons.
Energy[GeV/nuc],depths[g/cm2]: 1 3 5 10 15 20 30 40 50 60 70 80 90 100 110 120 130 140 150 160 170 180 190 200 210 220 230 240 250 260 270 280 290 300 310 320 330 340 350 360 370 380 400 410 420 430 446.4
0.01 7.65159E-08 0.00000E+00 0.00000E+00 0.00000E+00 0.00000E+00 0.00000E+00 0.00000E+00 0.00000E+00 0.00000E+00 0.00000E+00 0.00000E+00 0.00000E+00 0.00000E+00 0.00000E+00 0.00000E+00 0.00000E+00 0.00000E+00 0.00000E+00 0.00000E+00 0.00000E+00 0.00000E+00 0.00000E+00 0.00000E+00 0.00000E+00 0.00000E+00 0.00000E+00 0.00000E+00 0.00000E+00 0.00000E+00 0.00000E+00 0.00000E+00 0.00000E+00 0.00000E+00 0.00000E+00 0.00000E+00 0.00000E+00 0.00000E+00 0.00000E+00 0.00000E+00 0.00000E+00 0.00000E+00 0.00000E+00 0.00000E+00 0.00000E+00 0.00000E+00 0.00000E+00 0.00000E+00
0.03 1.45950E-07 3.27953E-09 6.10442E-13 5.04889E-13 3.44693E-13 2.82713E-13 2.32098E-13 1.52916E-13 1.22358E-13 7.09172E-14 4.44516E-14 2.35212E-14 1.79441E-14 1.81055E-14 4.18037E-15 2.30710E-15 2.62406E-15 2.93950E-15 7.46287E-16 0.00000E+00 0.00000E+00 0.00000E+00 0.00000E+00 0.00000E+00 0.00000E+00 0.00000E+00 0.00000E+00 0.00000E+00 0.00000E+00 0.00000E+00 0.00000E+00 0.00000E+00 0.00000E+00 0.00000E+00 0.00000E+00 0.00000E+00 0.00000E+00 0.00000E+00 0.00000E+00 0.00000E+00 0.00000E+00 0.00000E+00 0.00000E+00 0.00000E+00 0.00000E+00 0.00000E+00 0.00000E+00
0.1 3.06254E-07 3.09684E-07 2.70450E-07 2.01290E-07 2.86678E-09 2.38664E-09 2.17757E-09 1.62343E-09 1.29863E-09 1.05244E-09 9.04588E-10 7.45821E-10 6.38653E-10 5.63973E-10 4.30224E-10 3.72147E-10 3.12024E-10 2.66043E-10 2.47874E-10 2.25288E-10 1.97119E-10 1.73748E-10 1.38184E-10 1.16833E-10 1.15915E-10 1.92031E-10 1.17610E-10 1.02438E-10 7.35242E-11 5.32980E-11 4.59599E-11 4.27062E-11 3.66633E-11 3.54290E-11 1.96384E-11 1.59620E-11 1.46367E-11 1.42497E-11 3.04260E-11 1.32817E-11 1.97568E-11 2.64009E-11 1.38594E-11 1.04690E-11 2.26154E-11 3.64586E-11 0.00000E+00
0.18 2.59640E-07 2.73632E-07 2.53243E-07 2.39570E-07 2.00348E-07 1.56797E-07 1.05552E-07 1.40742E-08 1.14424E-08 9.84474E-09 8.23667E-09 7.23324E-09 6.43350E-09 5.68730E-09 5.11710E-09 4.53939E-09 4.25105E-09 3.58202E-09 3.23208E-09 3.09435E-09 2.56807E-09 2.34877E-09 2.20632E-09 2.07796E-09 1.97400E-09 1.70652E-09 1.75945E-09 1.58132E-09 1.31710E-09 1.35710E-09 1.22584E-09 1.10912E-09 1.07965E-09 1.03151E-09 8.13786E-10 6.96165E-10 7.94871E-10 6.65422E-10 7.76950E-10 6.57699E-10 7.71180E-10 6.16435E-10 1.01568E-09 7.44437E-10 5.11181E-10 6.61683E-10 3.26445E-10
0.3 2.57770E-07 2.69041E-07 2.64853E-07 2.56550E-07 2.37048E-07 2.21831E-07 2.07746E-07 1.70110E-07 1.34066E-07 9.49083E-08 5.44232E-08 3.24900E-08 2.94028E-08 2.59300E-08 2.24046E-08 2.07740E-08 1.86426E-08 1.79977E-08 1.65217E-08 1.54841E-08 1.46743E-08 1.31548E-08 1.17658E-08 1.25878E-08 1.07242E-08 1.01497E-08 9.52094E-09 9.27547E-09 8.76769E-09 8.96725E-09 7.92848E-09 7.16754E-09 6.43464E-09 6.45028E-09 8.36200E-09 5.79038E-09 4.84178E-09 4.89513E-09 4.81354E-09 4.58846E-09 5.24297E-09 5.26683E-09 4.26994E-09 3.79914E-09 1.44378E-09 2.10815E-09 2.94223E-09
0.56 1.17278E-06 2.52616E-06 2.01475E-06 1.84020E-06 1.82800E-06 2.41032E-06 1.67002E-06 1.40895E-06 9.65712E-07 1.63923E-06 5.07595E-07 3.94943E-07 2.93567E-07 2.27737E-07 1.89362E-07 1.70486E-07 1.50595E-07 1.86037E-07 1.13345E-07 1.00707E-07 8.71429E-08 7.17156E-08 7.53656E-08 6.26413E-08 5.81968E-08 5.46769E-08 5.17362E-08 5.26806E-08 5.26367E-08 4.86975E-08 4.51496E-08 3.94915E-08 3.79387E-08 4.49744E-08 3.52267E-08 5.00778E-08 3.50916E-08 4.03590E-08 3.20348E-08 3.28205E-08 2.97814E-08 3.32655E-08 3.58830E-08 3.06259E-08 2.44480E-08 3.12346E-08 4.03494E-08
1.0 5.82104E-06 8.99987E-06 1.02332E-05 1.07481E-05 1.22424E-05 1.41957E-05 1.85339E-05 1.30088E-05 1.26792E-05 1.25565E-05 9.26053E-06 8.26096E-06 8.30360E-06 7.14776E-06 6.70824E-06 1.03924E-05 4.28235E-06 3.53180E-06 3.18987E-06 3.09368E-06 2.48174E-06 2.07610E-06 1.72071E-06 1.75385E-06 1.31580E-06 1.22683E-06 8.65548E-07 7.73154E-07 6.95492E-07 9.82701E-07 5.08625E-07 3.66966E-07 1.65014E-06 3.30549E-07 2.91578E-07 3.21217E-07 3.81138E-07 2.40088E-07 2.71265E-07 2.19749E-07 2.02428E-07 1.31677E-07 1.03986E-07 1.04473E-07 1.51604E-07 1.15226E-07 9.11227E-08
3.0 2.81817E-05 3.89221E-05 5.44363E-05 5.25683E-05 5.88066E-05 6.39541E-05 6.74690E-05 6.32590E-05 6.77779E-05 6.92169E-05 6.66494E-05 6.41349E-05 8.24079E-05 6.21161E-05 5.87077E-05 6.11247E-05 6.09304E-05 5.90879E-05 6.86422E-05 5.14628E-05 4.59738E-05 4.84999E-05 4.19296E-05 4.10793E-05 3.84544E-05 4.78782E-05 5.50781E-05 3.55718E-05 4.08212E-05 3.24789E-05 3.35704E-05 2.84077E-05 2.57555E-05 2.55947E-05 2.41575E-05 2.49944E-05 2.56654E-05 2.81932E-05 2.38531E-05 3.81347E-05 2.09376E-05 1.78248E-05 1.55412E-05 2.00071E-05 1.66692E-05 2.48539E-05 1.56680E-05
10.0 1.02493E-04 1.20519E-04 1.43830E-04 1.81036E-04 2.13177E-04 2.16812E-04 2.44179E-04 2.59492E-04 2.80011E-04 2.93322E-04 2.70696E-04 2.77529E-04 2.77629E-04 3.01388E-04 2.94071E-04 2.83651E-04 2.68762E-04 2.47657E-04 2.56100E-04 2.79388E-04 2.61759E-04 2.20303E-04 2.26012E-04 2.20218E-04 2.30072E-04 2.31059E-04 1.98819E-04 2.02900E-04 1.93264E-04 1.99266E-04 1.79207E-04 1.85400E-04 1.81588E-04 1.98814E-04 1.82770E-04 2.88599E-04 1.81583E-04 3.45423E-04 1.54435E-04 1.81496E-04 3.16993E-04 1.37457E-04 1.78141E-04 1.29899E-04 1.26911E-04 1.35520E-04 4.67283E-05
30.0 2.81145E-04 3.14418E-04 3.67070E-04 3.96842E-04 5.14203E-04 5.29060E-04 5.62660E-04 6.25818E-04 7.05146E-04 7.30283E-04 7.55614E-04 7.95876E-04 7.71036E-04 7.89367E-04 8.01972E-04 7.86234E-04 8.06685E-04 8.30423E-04 8.49742E-04 8.44952E-04 8.93559E-04 7.86875E-04 8.04848E-04 7.78278E-04 8.32288E-04 8.03825E-04 7.13969E-04 8.13252E-04 7.91780E-04 7.18021E-04 7.27009E-04 7.41814E-04 7.21531E-04 7.40559E-04 9.57889E-04 8.86617E-04 6.89298E-04 7.11256E-04 7.18233E-04 6.93430E-04 6.97012E-04 7.82993E-04 1.40734E-03 6.58271E-04 7.80040E-04 7.07980E-04 5.75181E-04
100.0 7.76007E-04 8.35641E-04 9.16735E-04 9.85715E-04 1.30131E-03 1.28799E-03 1.51461E-03 1.56079E-03 1.73378E-03 2.07206E-03 2.03476E-03 2.17760E-03 2.07694E-03 2.17355E-03 2.32068E-03 2.35727E-03 2.32863E-03 2.19970E-03 2.30093E-03 2.41459E-03 2.64631E-03 2.42000E-03 2.23123E-03 2.30939E-03 2.26956E-03 2.18915E-03 2.20685E-03 2.14092E-03 2.34594E-03 2.26942E-03 2.17665E-03 2.79408E-03 2.32633E-03 2.12655E-03 2.19046E-03 2.19239E-03 2.15742E-03 2.04468E-03 2.22454E-03 2.01016E-03 1.87629E-03 1.85983E-03 2.06530E-03 2.04763E-03 1.98305E-03 1.88837E-03 1.96241E-03
