Yield function of production of Ti44 by protons, neutrons, alphas, [(Ti44 atoms * cm2) / (g * prim. part. nucleon)] (computed with Geant4.10).
The primaries are alphas.
Energy[GeV/nuc],depths[g/cm2]: 1 3 5 10 15 20 30 40 50 60 70 80 90 100 110 120 130 140 150 160 170 180 190 200 210 220 230 240 250 260 270 280 290 300 310 320 330 340 350 360 370 380 400 410 420 430 446.4
0.01 8.07250E-07 7.81280E-13 6.34857E-13 5.46688E-13 3.94437E-13 3.56143E-13 2.93639E-13 1.69461E-13 1.19410E-13 5.77151E-14 2.84610E-14 1.37853E-14 6.55882E-15 7.09594E-15 2.23192E-15 2.69160E-15 2.90306E-15 3.50606E-15 1.26201E-15 1.35183E-15 0.00000E+00 0.00000E+00 0.00000E+00 0.00000E+00 0.00000E+00 0.00000E+00 0.00000E+00 0.00000E+00 0.00000E+00 0.00000E+00 0.00000E+00 0.00000E+00 0.00000E+00 0.00000E+00 0.00000E+00 0.00000E+00 0.00000E+00 0.00000E+00 0.00000E+00 0.00000E+00 0.00000E+00 0.00000E+00 0.00000E+00 0.00000E+00 0.00000E+00 0.00000E+00 0.00000E+00
0.03 4.49756E-07 3.90350E-08 8.09637E-10 6.75318E-10 5.20049E-10 4.36275E-10 3.70258E-10 2.88176E-10 2.14628E-10 1.70319E-10 1.49155E-10 1.20473E-10 1.08796E-10 8.35406E-11 7.55695E-11 6.39688E-11 5.23764E-11 5.45618E-11 3.59528E-11 3.04404E-11 2.92808E-11 2.16128E-11 1.66869E-11 1.59374E-11 1.79119E-11 1.60891E-11 2.25276E-11 1.24071E-11 1.23961E-11 1.09505E-11 9.44216E-12 8.89584E-12 5.91911E-12 6.64044E-12 7.99117E-12 8.16811E-12 1.95107E-12 2.35680E-12 2.97243E-12 3.38432E-12 4.62124E-12 5.43534E-12 6.22092E-12 1.44777E-11 2.40980E-11 6.32112E-11 2.52991E-10
0.1 3.06375E-07 3.08829E-07 2.69084E-07 2.18413E-07 3.93211E-08 3.25537E-08 2.79310E-08 2.18657E-08 1.85764E-08 1.57173E-08 1.38581E-08 1.17888E-08 1.03542E-08 9.01294E-09 7.85403E-09 6.88201E-09 6.44205E-09 5.76179E-09 5.01658E-09 4.52999E-09 4.21439E-09 3.73803E-09 3.41386E-09 3.31776E-09 2.96611E-09 2.52174E-09 2.51124E-09 2.22920E-09 2.10070E-09 2.12359E-09 1.62762E-09 1.55173E-09 1.50491E-09 1.29991E-09 1.48835E-09 1.35240E-09 1.22108E-09 1.50157E-09 1.02763E-09 1.70373E-09 1.18442E-09 1.11618E-09 1.07734E-09 9.86167E-10 7.78481E-10 1.41145E-09 0.00000E+00
0.18 3.00387E-07 3.36046E-07 3.43047E-07 3.40944E-07 3.12825E-07 2.71876E-07 2.18971E-07 1.21486E-07 1.02171E-07 8.85048E-08 7.91898E-08 6.94800E-08 6.31022E-08 5.55366E-08 5.08735E-08 4.52919E-08 4.01521E-08 3.67259E-08 3.37153E-08 3.13281E-08 2.78679E-08 2.68046E-08 2.47494E-08 2.18407E-08 2.06004E-08 2.02486E-08 1.85247E-08 1.81269E-08 1.59763E-08 1.47720E-08 1.37543E-08 1.37312E-08 1.25597E-08 1.09898E-08 1.08929E-08 1.12541E-08 9.92514E-09 9.00347E-09 8.80561E-09 8.89258E-09 9.88810E-09 1.10867E-08 1.09904E-08 8.78058E-09 1.36147E-08 8.74614E-09 2.28397E-08
0.3 3.70308E-07 4.12592E-07 4.45408E-07 4.69400E-07 5.02802E-07 5.32242E-07 5.17955E-07 4.70965E-07 4.16979E-07 3.66576E-07 3.11535E-07 2.64206E-07 2.42894E-07 2.23904E-07 2.06572E-07 1.92223E-07 1.78511E-07 1.60116E-07 1.49650E-07 1.44588E-07 1.29971E-07 1.23950E-07 1.18870E-07 1.11596E-07 1.07407E-07 9.59905E-08 9.24556E-08 9.72311E-08 9.23664E-08 7.71981E-08 7.41914E-08 6.89508E-08 6.54582E-08 6.82509E-08 6.29595E-08 6.38655E-08 6.05124E-08 5.52866E-08 5.51091E-08 5.62717E-08 4.76580E-08 4.67589E-08 4.35926E-08 4.67522E-08 5.52908E-08 4.44336E-08 4.01492E-08
0.56 3.62445E-06 4.79642E-06 6.26277E-06 1.04924E-05 8.71537E-06 6.41749E-06 5.95531E-06 5.25324E-06 4.42368E-06 3.39185E-06 3.48782E-06 2.56545E-06 2.15594E-06 2.35523E-06 2.00954E-06 1.59405E-06 1.34197E-06 1.35456E-06 1.30455E-06 1.28203E-06 1.04028E-06 9.03106E-07 7.43196E-07 8.08503E-07 7.33974E-07 7.28693E-07 7.58517E-07 6.85468E-07 6.42101E-07 6.98409E-07 5.75471E-07 7.20355E-07 6.14084E-07 5.05578E-07 5.45719E-07 5.20353E-07 3.81234E-07 3.51808E-07 5.29497E-07 8.84440E-07 5.02145E-07 4.04366E-07 6.80220E-07 2.40325E-07 2.26866E-07 1.94423E-07 1.61517E-07
1.0 3.27811E-05 2.56007E-05 3.59599E-05 4.40135E-05 5.78971E-05 4.81665E-05 4.73966E-05 4.79812E-05 4.58415E-05 5.29607E-05 4.65129E-05 4.02709E-05 3.33221E-05 3.73446E-05 3.42114E-05 2.65563E-05 2.30443E-05 2.10816E-05 1.94547E-05 1.57904E-05 1.52235E-05 1.51189E-05 1.45261E-05 1.18865E-05 1.11676E-05 1.17495E-05 8.29837E-06 7.83174E-06 6.85560E-06 6.53951E-06 6.10230E-06 5.70240E-06 5.02302E-06 5.83971E-06 5.50672E-06 4.42743E-06 5.08681E-06 3.13812E-06 4.31985E-06 5.51910E-06 3.22289E-06 3.79753E-06 4.13760E-06 3.12147E-06 3.51634E-06 2.49542E-06 7.85423E-06
3.0 1.00375E-04 1.31262E-04 1.48729E-04 1.86790E-04 2.03271E-04 2.32342E-04 2.62262E-04 2.68230E-04 2.69830E-04 2.85664E-04 2.80266E-04 2.80449E-04 2.84865E-04 2.58162E-04 3.31509E-04 2.48681E-04 2.68272E-04 2.18414E-04 2.20109E-04 2.26174E-04 1.89847E-04 2.29439E-04 1.78947E-04 1.78240E-04 1.94417E-04 1.64846E-04 1.46757E-04 1.71096E-04 1.79304E-04 1.81277E-04 1.26202E-04 2.23884E-04 1.18683E-04 1.17304E-04 1.16391E-04 1.09105E-04 1.22741E-04 9.85879E-05 1.00018E-04 8.78934E-05 1.00379E-04 7.98651E-05 7.67198E-05 2.60016E-04 8.77911E-05 7.75032E-05 1.66560E-04
10.0 4.19386E-04 5.00812E-04 6.37582E-04 6.66770E-04 8.61113E-04 1.00616E-03 9.43804E-04 1.13744E-03 1.23103E-03 1.22661E-03 1.19252E-03 1.21107E-03 1.23534E-03 1.14284E-03 1.15167E-03 1.22559E-03 1.14437E-03 1.08156E-03 1.03669E-03 9.58903E-04 1.02739E-03 9.56111E-04 1.02206E-03 9.15495E-04 9.09523E-04 8.77100E-04 9.69226E-04 1.01557E-03 8.20744E-04 7.95909E-04 8.43456E-04 7.69817E-04 6.95713E-04 6.85055E-04 6.95778E-04 7.15376E-04 6.95196E-04 6.60611E-04 6.59537E-04 7.04751E-04 1.35647E-03 5.91841E-04 5.70384E-04 6.47370E-04 6.57301E-04 5.38069E-04 4.59265E-04
30.0 1.09230E-03 1.30749E-03 1.60438E-03 1.64300E-03 2.03748E-03 2.26633E-03 2.28010E-03 2.62183E-03 2.93803E-03 3.04502E-03 3.32200E-03 3.10087E-03 3.38853E-03 3.20159E-03 3.54984E-03 3.51476E-03 3.59658E-03 3.40695E-03 3.47554E-03 3.57281E-03 3.37785E-03 3.27523E-03 3.47675E-03 3.25738E-03 3.43702E-03 3.26852E-03 3.03734E-03 3.25242E-03 2.80377E-03 2.85972E-03 3.06539E-03 2.69564E-03 3.20262E-03 2.79469E-03 2.67839E-03 2.65965E-03 2.53928E-03 2.59552E-03 3.12770E-03 2.78087E-03 3.05735E-03 3.36021E-03 2.26304E-03 2.05871E-03 2.17936E-03 2.41114E-03 2.31750E-03
100.0 3.06304E-03 3.37071E-03 3.84594E-03 4.25550E-03 5.00084E-03 5.29607E-03 5.63189E-03 6.79292E-03 7.69842E-03 7.90512E-03 7.46356E-03 7.56733E-03 8.18299E-03 8.39063E-03 8.91421E-03 9.24672E-03 9.02275E-03 8.83570E-03 9.15704E-03 9.48992E-03 9.17459E-03 9.20088E-03 9.75599E-03 1.01832E-02 1.02427E-02 1.08751E-02 9.42366E-03 1.12546E-02 9.28611E-03 1.01469E-02 9.96869E-03 1.01953E-02 9.55654E-03 1.09160E-02 9.82606E-03 1.11051E-02 1.07403E-02 9.04779E-03 9.39038E-03 9.08645E-03 8.33341E-03 7.97961E-03 9.61768E-03 1.16876E-02 8.17707E-03 1.22074E-02 1.34932E-02
