Yield function of production of Ti44 by protons, neutrons, alphas, [(Ti44 atoms * cm2) / (g * prim. part. nucleon)] (computed with Geant4.10).
The primaries are alphas.
Energy[GeV/nuc],depths[g/cm2]: 1 3 5 10 15 20 30 40 50 60 70 80 90 100 110 120 130 140 150 160 170 180 190 200 210 220 230 240 250 260 270 280 290 300 310 320 330 340 350 360 370 380 400 410 420 430 446.4
0.01 8.07250E-07 7.81280E-13 6.34857E-13 5.46688E-13 3.94437E-13 3.56143E-13 2.93639E-13 1.69461E-13 1.19410E-13 5.77151E-14 2.84610E-14 1.37853E-14 6.55882E-15 7.09594E-15 2.23192E-15 2.69160E-15 2.90306E-15 3.50606E-15 1.26201E-15 1.35183E-15 0.00000E+00 0.00000E+00 0.00000E+00 0.00000E+00 0.00000E+00 0.00000E+00 0.00000E+00 0.00000E+00 0.00000E+00 0.00000E+00 0.00000E+00 0.00000E+00 0.00000E+00 0.00000E+00 0.00000E+00 0.00000E+00 0.00000E+00 0.00000E+00 0.00000E+00 0.00000E+00 0.00000E+00 0.00000E+00 0.00000E+00 0.00000E+00 0.00000E+00 0.00000E+00 0.00000E+00
0.03 4.49756E-07 3.90350E-08 8.09637E-10 6.75318E-10 5.20049E-10 4.36275E-10 3.70258E-10 2.88176E-10 2.14628E-10 1.70319E-10 1.49155E-10 1.20473E-10 1.08796E-10 8.35406E-11 7.55695E-11 6.39688E-11 5.23764E-11 5.45618E-11 3.59528E-11 3.04404E-11 2.92808E-11 2.16128E-11 1.66869E-11 1.59374E-11 1.79119E-11 1.60891E-11 2.25276E-11 1.24071E-11 1.23961E-11 1.09505E-11 9.44216E-12 8.89584E-12 5.91911E-12 6.64044E-12 7.99117E-12 8.16811E-12 1.95107E-12 2.35680E-12 2.97243E-12 3.38432E-12 4.62124E-12 5.43534E-12 6.22092E-12 1.44777E-11 2.40980E-11 6.32112E-11 2.52991E-10
0.1 3.06375E-07 3.08829E-07 2.69084E-07 2.18413E-07 3.93211E-08 3.25537E-08 2.79310E-08 2.18657E-08 1.85764E-08 1.57173E-08 1.38581E-08 1.17888E-08 1.03542E-08 9.01294E-09 7.85403E-09 6.88201E-09 6.44205E-09 5.76179E-09 5.01658E-09 4.52999E-09 4.21439E-09 3.73803E-09 3.41386E-09 3.31776E-09 2.96611E-09 2.52174E-09 2.51124E-09 2.22920E-09 2.10070E-09 2.12359E-09 1.62762E-09 1.55173E-09 1.50491E-09 1.29991E-09 1.48835E-09 1.35240E-09 1.22108E-09 1.50157E-09 1.02763E-09 1.70373E-09 1.18442E-09 1.11618E-09 1.07734E-09 9.86167E-10 7.78481E-10 1.41145E-09 0.00000E+00
0.18 3.00387E-07 3.36046E-07 3.43047E-07 3.40944E-07 3.12825E-07 2.71876E-07 2.18971E-07 1.21486E-07 1.02171E-07 8.84995E-08 7.89423E-08 6.94800E-08 6.31022E-08 5.55366E-08 5.08735E-08 4.52919E-08 4.01521E-08 3.67259E-08 3.37153E-08 3.13281E-08 2.78679E-08 2.68046E-08 2.47494E-08 2.18407E-08 2.06004E-08 2.02486E-08 1.85247E-08 1.81269E-08 1.59763E-08 1.47720E-08 1.37543E-08 1.37312E-08 1.25597E-08 1.09898E-08 1.08929E-08 1.12541E-08 9.92514E-09 9.00347E-09 8.80561E-09 8.89258E-09 9.88810E-09 1.10867E-08 1.09904E-08 8.78058E-09 1.36147E-08 8.74614E-09 2.28397E-08
0.3 3.65356E-07 3.99473E-07 4.30958E-07 4.53768E-07 4.84597E-07 5.04598E-07 4.90968E-07 4.54859E-07 4.06142E-07 3.55350E-07 3.02826E-07 2.58801E-07 2.35081E-07 2.15941E-07 1.97302E-07 1.83588E-07 1.71166E-07 1.58497E-07 1.48912E-07 1.44566E-07 1.29971E-07 1.23950E-07 1.11776E-07 1.04975E-07 9.95347E-08 9.59905E-08 9.24556E-08 9.72311E-08 8.13201E-08 7.67620E-08 7.41914E-08 6.89508E-08 6.54582E-08 6.82509E-08 6.24579E-08 5.97404E-08 6.05124E-08 5.52866E-08 5.51091E-08 5.62717E-08 4.76580E-08 4.67589E-08 4.35926E-08 4.67522E-08 5.52908E-08 4.44336E-08 4.01492E-08
0.56 5.67915E-07 6.34964E-07 6.91148E-07 7.64544E-07 8.16561E-07 8.77719E-07 9.05161E-07 9.29022E-07 9.32910E-07 9.36895E-07 9.28694E-07 8.81002E-07 8.68211E-07 8.24106E-07 7.78458E-07 7.45530E-07 7.02102E-07 6.72728E-07 6.37680E-07 5.98318E-07 5.82445E-07 5.45076E-07 5.21914E-07 4.86114E-07 4.77558E-07 4.63311E-07 4.58351E-07 4.18879E-07 4.05408E-07 3.83645E-07 3.72881E-07 3.74479E-07 3.50728E-07 3.43847E-07 3.40236E-07 3.96988E-07 3.03787E-07 3.07972E-07 3.03364E-07 3.05362E-07 3.00168E-07 2.73992E-07 2.44138E-07 2.40325E-07 2.26866E-07 1.94423E-07 1.61517E-07
1.0 8.29328E-07 9.09593E-07 1.00036E-06 1.07688E-06 1.20570E-06 1.28655E-06 1.37840E-06 1.46282E-06 1.50807E-06 1.55698E-06 1.56167E-06 1.55996E-06 1.56356E-06 1.51020E-06 1.47708E-06 1.46647E-06 1.42737E-06 1.38110E-06 1.33189E-06 1.31815E-06 1.27388E-06 1.25570E-06 1.19558E-06 1.18053E-06 1.15630E-06 1.09809E-06 1.09365E-06 1.04396E-06 1.05104E-06 9.83547E-07 1.03229E-06 9.47999E-07 9.13929E-07 8.89680E-07 8.95943E-07 9.14146E-07 8.24173E-07 7.96288E-07 7.60549E-07 7.73953E-07 7.50361E-07 7.47164E-07 6.98295E-07 7.43850E-07 7.13257E-07 6.98712E-07 8.09522E-07
3.0 1.69050E-06 1.87781E-06 1.99712E-06 2.12672E-06 2.35894E-06 2.58417E-06 2.74498E-06 2.99981E-06 3.15774E-06 3.27630E-06 3.36705E-06 3.45969E-06 3.50850E-06 3.54769E-06 3.55267E-06 3.52843E-06 3.51561E-06 3.50317E-06 3.49432E-06 3.46720E-06 3.45778E-06 3.44900E-06 3.38210E-06 3.42959E-06 3.30358E-06 3.33325E-06 3.21199E-06 3.18697E-06 3.11414E-06 3.07667E-06 3.08904E-06 2.94142E-06 2.97449E-06 2.91894E-06 2.94867E-06 2.89414E-06 3.14848E-06 2.98179E-06 3.06862E-06 2.82526E-06 3.03581E-06 2.91520E-06 2.76874E-06 2.62011E-06 2.90896E-06 2.58506E-06 3.55565E-06
10.0 3.84078E-06 4.11435E-06 4.54559E-06 4.80859E-06 5.36806E-06 5.81653E-06 6.23504E-06 6.85268E-06 7.26537E-06 7.70769E-06 8.09577E-06 8.25653E-06 8.44720E-06 8.60893E-06 8.66555E-06 8.91961E-06 8.77687E-06 8.80590E-06 8.89421E-06 8.72442E-06 8.79534E-06 8.94658E-06 8.92593E-06 8.90098E-06 8.85793E-06 8.87635E-06 8.89877E-06 8.68890E-06 8.71688E-06 8.62313E-06 8.57462E-06 8.61137E-06 8.67561E-06 8.66187E-06 8.17272E-06 8.20351E-06 8.33235E-06 8.43499E-06 8.21767E-06 8.41821E-06 8.10830E-06 8.43187E-06 8.92163E-06 8.54115E-06 8.36050E-06 8.93130E-06 7.69591E-06
30.0 7.64019E-06 8.25787E-06 8.88351E-06 9.25419E-06 1.03958E-05 1.12080E-05 1.19835E-05 1.37555E-05 1.46513E-05 1.58228E-05 1.65607E-05 1.72207E-05 1.81635E-05 1.87666E-05 1.92734E-05 1.98348E-05 2.03459E-05 2.06761E-05 2.07935E-05 2.11640E-05 2.14159E-05 2.16317E-05 2.22437E-05 2.26821E-05 2.17986E-05 2.21429E-05 2.21094E-05 2.24748E-05 2.20749E-05 2.23802E-05 2.18612E-05 2.20771E-05 2.27169E-05 2.26288E-05 2.21131E-05 2.31514E-05 2.27906E-05 2.29478E-05 2.23390E-05 2.18686E-05 2.15260E-05 2.12099E-05 2.10121E-05 2.08988E-05 2.07905E-05 1.94606E-05 2.21531E-05
100.0 1.78718E-05 1.89226E-05 1.99773E-05 2.11401E-05 2.35921E-05 2.57414E-05 2.70502E-05 2.99915E-05 3.33367E-05 3.52441E-05 3.70907E-05 3.91007E-05 4.07167E-05 4.25311E-05 4.45088E-05 4.59630E-05 4.82340E-05 4.94226E-05 5.08377E-05 5.14340E-05 5.28011E-05 5.47159E-05 5.44907E-05 5.61854E-05 5.77407E-05 5.75195E-05 5.69008E-05 5.88525E-05 5.99393E-05 5.95042E-05 6.03221E-05 6.14953E-05 6.19174E-05 6.42289E-05 6.21220E-05 6.14196E-05 6.67397E-05 6.32086E-05 6.34785E-05 5.93969E-05 5.70915E-05 6.29823E-05 5.81013E-05 5.76771E-05 6.63409E-05 6.09034E-05 5.36596E-05
