Yield function of production of Ti44 by protons, neutrons, alphas, [(Ti44 atoms * cm2) / (g * prim. part. nucleon)] (computed with Geant4.10).
The primaries are protons.
Energy[GeV/nuc],depths[g/cm2]: 1 3 5 10 15 20 30 40 50 60 70 80 90 100 110 120 130 140 150 160 170 180 190 200 210 220 230 240 250 260 270 280 290 300 310 320 330 340 350 360 370 380 400 410 420 430 446.4
0.01 7.65159E-08 0.00000E+00 0.00000E+00 0.00000E+00 0.00000E+00 0.00000E+00 0.00000E+00 0.00000E+00 0.00000E+00 0.00000E+00 0.00000E+00 0.00000E+00 0.00000E+00 0.00000E+00 0.00000E+00 0.00000E+00 0.00000E+00 0.00000E+00 0.00000E+00 0.00000E+00 0.00000E+00 0.00000E+00 0.00000E+00 0.00000E+00 0.00000E+00 0.00000E+00 0.00000E+00 0.00000E+00 0.00000E+00 0.00000E+00 0.00000E+00 0.00000E+00 0.00000E+00 0.00000E+00 0.00000E+00 0.00000E+00 0.00000E+00 0.00000E+00 0.00000E+00 0.00000E+00 0.00000E+00 0.00000E+00 0.00000E+00 0.00000E+00 0.00000E+00 0.00000E+00 0.00000E+00
0.03 1.45950E-07 3.27953E-09 6.10442E-13 5.04889E-13 3.44693E-13 2.82713E-13 2.32098E-13 1.52916E-13 1.22358E-13 7.09172E-14 4.44516E-14 2.35212E-14 1.79441E-14 1.81055E-14 4.18037E-15 2.30710E-15 2.62406E-15 2.93950E-15 7.46287E-16 0.00000E+00 0.00000E+00 0.00000E+00 0.00000E+00 0.00000E+00 0.00000E+00 0.00000E+00 0.00000E+00 0.00000E+00 0.00000E+00 0.00000E+00 0.00000E+00 0.00000E+00 0.00000E+00 0.00000E+00 0.00000E+00 0.00000E+00 0.00000E+00 0.00000E+00 0.00000E+00 0.00000E+00 0.00000E+00 0.00000E+00 0.00000E+00 0.00000E+00 0.00000E+00 0.00000E+00 0.00000E+00
0.1 3.06254E-07 3.09684E-07 2.70450E-07 2.01290E-07 2.86678E-09 2.38664E-09 2.17757E-09 1.62343E-09 1.29863E-09 1.05244E-09 9.04588E-10 7.45821E-10 6.38653E-10 5.63973E-10 4.30224E-10 3.72147E-10 3.12024E-10 2.66043E-10 2.47874E-10 2.25288E-10 1.97119E-10 1.73748E-10 1.38184E-10 1.16833E-10 1.15915E-10 1.92031E-10 1.17610E-10 1.02438E-10 7.35242E-11 5.32980E-11 4.59599E-11 4.27062E-11 3.66633E-11 3.54290E-11 1.96384E-11 1.59620E-11 1.46367E-11 1.42497E-11 3.04260E-11 1.32817E-11 1.97568E-11 2.64009E-11 1.38594E-11 1.04690E-11 2.26154E-11 3.64586E-11 0.00000E+00
0.18 2.59640E-07 2.73632E-07 2.53243E-07 2.39570E-07 2.00348E-07 1.56797E-07 1.05552E-07 1.40742E-08 1.14424E-08 9.84474E-09 8.23667E-09 7.23324E-09 6.43350E-09 5.68730E-09 5.11710E-09 4.53939E-09 4.25105E-09 3.58202E-09 3.23208E-09 3.09435E-09 2.56807E-09 2.34877E-09 2.20632E-09 2.07796E-09 1.97400E-09 1.70652E-09 1.75945E-09 1.58132E-09 1.31710E-09 1.35710E-09 1.22584E-09 1.10912E-09 1.07965E-09 1.03151E-09 8.13786E-10 6.96165E-10 7.94871E-10 6.65422E-10 7.76950E-10 6.57699E-10 7.71180E-10 6.16435E-10 1.01568E-09 7.44437E-10 5.11181E-10 6.61683E-10 3.26445E-10
0.3 2.57232E-07 2.67074E-07 2.64034E-07 2.56550E-07 2.37048E-07 2.21831E-07 2.07743E-07 1.70110E-07 1.34066E-07 9.49083E-08 5.44232E-08 3.24900E-08 2.94028E-08 2.59300E-08 2.24046E-08 2.07740E-08 1.86426E-08 1.79977E-08 1.65217E-08 1.54841E-08 1.46743E-08 1.31548E-08 1.17658E-08 1.25878E-08 1.07242E-08 1.01497E-08 9.52094E-09 9.27547E-09 8.76769E-09 8.96725E-09 7.92848E-09 7.16754E-09 6.43464E-09 6.45028E-09 8.36200E-09 5.79038E-09 4.84178E-09 4.89513E-09 4.81354E-09 4.58846E-09 5.24297E-09 5.26683E-09 4.26994E-09 3.79914E-09 1.44378E-09 2.10815E-09 2.94223E-09
0.56 2.62853E-07 2.63394E-07 2.75796E-07 2.91328E-07 3.04190E-07 2.94595E-07 2.81567E-07 2.78423E-07 2.60844E-07 2.46286E-07 2.28453E-07 2.11030E-07 1.97691E-07 1.79495E-07 1.62176E-07 1.44171E-07 1.34218E-07 1.19400E-07 1.07896E-07 9.50176E-08 8.71429E-08 7.09640E-08 6.39393E-08 6.11777E-08 5.81968E-08 5.46769E-08 5.17300E-08 5.18536E-08 4.73794E-08 4.86975E-08 4.51496E-08 3.94915E-08 3.79387E-08 3.97088E-08 3.52267E-08 3.68601E-08 3.50916E-08 4.03590E-08 3.20348E-08 3.28205E-08 2.97814E-08 3.32655E-08 3.58830E-08 3.06259E-08 2.44480E-08 3.12346E-08 4.03494E-08
1.0 2.78299E-07 2.99014E-07 3.28347E-07 3.42113E-07 3.57703E-07 3.60621E-07 3.84725E-07 3.88627E-07 3.83908E-07 3.88050E-07 3.70788E-07 3.66813E-07 3.65175E-07 3.46403E-07 3.31104E-07 3.30205E-07 3.14754E-07 3.02202E-07 2.87017E-07 2.77255E-07 2.57934E-07 2.49064E-07 2.42384E-07 2.36472E-07 2.20029E-07 2.14881E-07 2.03452E-07 2.09710E-07 1.87110E-07 1.85908E-07 1.72948E-07 1.80398E-07 1.66823E-07 1.61535E-07 1.55454E-07 1.56556E-07 1.42835E-07 1.45512E-07 1.58974E-07 1.23221E-07 1.20886E-07 1.26480E-07 1.03986E-07 1.04473E-07 1.51604E-07 1.15226E-07 9.11227E-08
3.0 4.59776E-07 4.92398E-07 5.35381E-07 5.80213E-07 6.13823E-07 6.52548E-07 7.08639E-07 7.72091E-07 7.95063E-07 8.08216E-07 8.14240E-07 8.32357E-07 8.42923E-07 8.45494E-07 8.52279E-07 8.61989E-07 8.59155E-07 8.32761E-07 8.25904E-07 8.23714E-07 8.23136E-07 8.17323E-07 8.08250E-07 7.84598E-07 7.75943E-07 7.63680E-07 7.63612E-07 7.47910E-07 7.33771E-07 7.29343E-07 7.07685E-07 7.01323E-07 6.97097E-07 7.06711E-07 6.74918E-07 6.78934E-07 6.69986E-07 6.58982E-07 8.30343E-07 6.37971E-07 5.61744E-07 6.00621E-07 6.28484E-07 5.92425E-07 5.79293E-07 1.83054E-06 5.45733E-07
10.0 1.06268E-06 1.13191E-06 1.22564E-06 1.34172E-06 1.45205E-06 1.58555E-06 1.63913E-06 1.78274E-06 1.88250E-06 2.04344E-06 2.02933E-06 2.07145E-06 2.15410E-06 2.15250E-06 2.31770E-06 2.16757E-06 2.19968E-06 2.22572E-06 2.23793E-06 2.21641E-06 2.22629E-06 2.19986E-06 2.14282E-06 2.15814E-06 2.16101E-06 2.13587E-06 2.22207E-06 2.15676E-06 2.11497E-06 2.11500E-06 2.08527E-06 2.07162E-06 2.21641E-06 2.05142E-06 2.14461E-06 2.05315E-06 2.09654E-06 2.16962E-06 2.23675E-06 2.03965E-06 2.30209E-06 2.05151E-06 1.92065E-06 1.94602E-06 2.01800E-06 1.91580E-06 1.54136E-06
30.0 1.95923E-06 2.07053E-06 2.21954E-06 2.34809E-06 2.60303E-06 2.82901E-06 3.03050E-06 3.37372E-06 3.63104E-06 3.87487E-06 4.11178E-06 4.25647E-06 4.43490E-06 4.61646E-06 4.77201E-06 4.85983E-06 4.97593E-06 5.08610E-06 5.10715E-06 5.25130E-06 5.38684E-06 5.32575E-06 5.32025E-06 5.42958E-06 5.53257E-06 5.49203E-06 5.51760E-06 5.57369E-06 5.51241E-06 5.56921E-06 5.71434E-06 5.58763E-06 5.64785E-06 5.78859E-06 6.01537E-06 5.65393E-06 5.70978E-06 5.63620E-06 5.71928E-06 6.21035E-06 5.60086E-06 5.60031E-06 5.68192E-06 5.64836E-06 6.23482E-06 6.16200E-06 6.50515E-06
100.0 4.44670E-06 4.77610E-06 5.04830E-06 5.22171E-06 5.83115E-06 6.25903E-06 6.84372E-06 7.64412E-06 8.28464E-06 8.81901E-06 9.58328E-06 9.95315E-06 1.05195E-05 1.07453E-05 1.13182E-05 1.17441E-05 1.21720E-05 1.21353E-05 1.24277E-05 1.25544E-05 1.29801E-05 1.29861E-05 1.29830E-05 1.30384E-05 1.36913E-05 1.39714E-05 1.34342E-05 1.39831E-05 1.37232E-05 1.40018E-05 1.35867E-05 1.40454E-05 1.39106E-05 1.40362E-05 1.40982E-05 1.40963E-05 1.45763E-05 1.43528E-05 1.47260E-05 1.42514E-05 1.46621E-05 1.91397E-05 1.40388E-05 1.38690E-05 1.29697E-05 1.23224E-05 1.46072E-05
