Yield function of production of Ti44 by protons, neutrons, alphas, pi+ and pi-, [(Ti44 atoms * cm2) / (g * prim. part. nucleon)] (computed with Geant4.10).
The primaries are alphas.
Energy[GeV/nuc],depths[g/cm2]: 1 3 5 10 15 20 30 40 50 60 70 80 90 100 110 120 130 140 150 160 170 180 190 200 210 220 230 240 250 260 270 280 290 300 310 320 330 340 350 360 370 380 400 410 420 430 446.4
0.01 1.75901E-04 2.20304E-07 1.92434E-07 1.84509E-07 1.72325E-07 1.68173E-07 1.46813E-07 1.24808E-07 1.08743E-07 8.98523E-08 7.13241E-08 5.84254E-08 6.11612E-08 4.05901E-08 2.79710E-08 2.12424E-08 1.61046E-08 1.31980E-08 8.20256E-09 6.26983E-09 7.38052E-09 5.10635E-09 2.24843E-09 1.06071E-09 1.66133E-09 1.71215E-09 1.83365E-09 7.91618E-10 5.02866E-11 1.02707E-10 0.00000E+00 0.00000E+00 0.00000E+00 0.00000E+00 0.00000E+00 0.00000E+00 0.00000E+00 0.00000E+00 0.00000E+00 0.00000E+00 0.00000E+00 0.00000E+00 0.00000E+00 0.00000E+00 0.00000E+00 0.00000E+00 0.00000E+00
0.03 1.79540E-04 2.78520E-05 3.07192E-06 2.88613E-06 2.76818E-06 2.65528E-06 2.55868E-06 2.38029E-06 2.10075E-06 1.80643E-06 1.59866E-06 1.40398E-06 1.13551E-06 9.33032E-07 7.50918E-07 6.19767E-07 5.08144E-07 4.19235E-07 3.39879E-07 2.86753E-07 2.33790E-07 1.81313E-07 1.54379E-07 1.22743E-07 1.11582E-07 1.06527E-07 8.04033E-08 7.70296E-08 6.03050E-08 3.58859E-08 3.52505E-08 3.16189E-08 3.73820E-08 2.15043E-08 1.10999E-08 8.59864E-09 9.74229E-09 9.44888E-09 1.67962E-08 7.00605E-09 9.77059E-09 5.43640E-09 2.30848E-09 4.22694E-09 7.12648E-09 1.43924E-08 5.72430E-08
0.1 2.94068E-04 2.72975E-04 2.26620E-04 1.79884E-04 7.39523E-05 7.29874E-05 7.25387E-05 6.92949E-05 6.46619E-05 5.87492E-05 5.27478E-05 4.69327E-05 4.15746E-05 3.67612E-05 3.23774E-05 2.86330E-05 2.43640E-05 2.16045E-05 1.94971E-05 1.67234E-05 1.53117E-05 1.35408E-05 1.21640E-05 1.08022E-05 9.74988E-06 9.53660E-06 7.67291E-06 6.73405E-06 6.48476E-06 5.73948E-06 5.75479E-06 4.66933E-06 4.38575E-06 4.06725E-06 3.88381E-06 3.74208E-06 3.23960E-06 3.88932E-06 3.19161E-06 3.02703E-06 3.25286E-06 3.03519E-06 2.89772E-06 2.97206E-06 2.36287E-06 2.31975E-06 5.61688E-06
0.18 3.60609E-04 3.73289E-04 3.75290E-04 3.77145E-04 3.69682E-04 3.49672E-04 3.22661E-04 2.78536E-04 2.72367E-04 2.55295E-04 2.36611E-04 2.19303E-04 1.98441E-04 1.80240E-04 1.65335E-04 1.50354E-04 1.33335E-04 1.20607E-04 1.10378E-04 1.00792E-04 9.05638E-05 8.51395E-05 7.63111E-05 6.95174E-05 6.37171E-05 5.71759E-05 5.40824E-05 5.20592E-05 4.47858E-05 4.53295E-05 4.29745E-05 3.69879E-05 3.58977E-05 3.21999E-05 3.09921E-05 2.93836E-05 3.01752E-05 2.93102E-05 2.85978E-05 2.90914E-05 2.69852E-05 2.94022E-05 2.73307E-05 3.19109E-05 3.51529E-05 1.89787E-05 2.65775E-05
0.3 2.15305E-04 2.93259E-04 4.07488E-04 5.03443E-04 6.42001E-04 7.08063E-04 7.43098E-04 7.93263E-04 8.17166E-04 7.95406E-04 7.57253E-04 7.19752E-04 6.72746E-04 6.37315E-04 5.95452E-04 5.49344E-04 5.08684E-04 4.70800E-04 4.40716E-04 4.09487E-04 3.81060E-04 3.55694E-04 3.28025E-04 3.07913E-04 2.81291E-04 2.62012E-04 2.56478E-04 2.45558E-04 2.22771E-04 2.17499E-04 2.00333E-04 1.89764E-04 1.90118E-04 2.01473E-04 1.72443E-04 1.72011E-04 1.75175E-04 1.60826E-04 1.49302E-04 1.38897E-04 1.28548E-04 1.25451E-04 1.39599E-04 1.37613E-04 1.12711E-04 1.12823E-04 7.18119E-05
0.56 4.23276E-04 5.23235E-04 6.36418E-04 7.48131E-04 9.80179E-04 1.17613E-03 1.33807E-03 1.59597E-03 1.79282E-03 1.92857E-03 2.01953E-03 2.04172E-03 2.04067E-03 2.03377E-03 1.98875E-03 1.93662E-03 1.86399E-03 1.80750E-03 1.74405E-03 1.66408E-03 1.58621E-03 1.50459E-03 1.44571E-03 1.37760E-03 1.30915E-03 1.26639E-03 1.22091E-03 1.18060E-03 1.12093E-03 1.06537E-03 1.03976E-03 1.01093E-03 9.70304E-04 9.43597E-04 9.22160E-04 9.09878E-04 8.62858E-04 8.36636E-04 7.94369E-04 7.60011E-04 7.86390E-04 8.01524E-04 8.23149E-04 7.40202E-04 6.86183E-04 6.95479E-04 7.37727E-04
1.0 7.51477E-04 9.01231E-04 1.10767E-03 1.29257E-03 1.70989E-03 2.04943E-03 2.37078E-03 2.87792E-03 3.27406E-03 3.58557E-03 3.75512E-03 3.91640E-03 3.97298E-03 3.95654E-03 3.96271E-03 3.92786E-03 3.90106E-03 3.84072E-03 3.73585E-03 3.64848E-03 3.54161E-03 3.44361E-03 3.36558E-03 3.26930E-03 3.17474E-03 3.07088E-03 3.01260E-03 2.88277E-03 2.79702E-03 2.68738E-03 2.67219E-03 2.60991E-03 2.54667E-03 2.47475E-03 2.42440E-03 2.34872E-03 2.44301E-03 2.20472E-03 2.20596E-03 2.30291E-03 2.12982E-03 2.15917E-03 2.04859E-03 1.99636E-03 2.09397E-03 1.89465E-03 1.88494E-03
3.0 1.76553E-03 2.12703E-03 2.61423E-03 3.09074E-03 4.03482E-03 4.87571E-03 5.68188E-03 6.98349E-03 8.00526E-03 8.87915E-03 9.49809E-03 1.00263E-02 1.04832E-02 1.07144E-02 1.09331E-02 1.09353E-02 1.10820E-02 1.10487E-02 1.09288E-02 1.09136E-02 1.07526E-02 1.06962E-02 1.05501E-02 1.03622E-02 1.02181E-02 1.00039E-02 9.84217E-03 9.71793E-03 9.55045E-03 9.41606E-03 9.32117E-03 9.27650E-03 9.10054E-03 8.89788E-03 8.87294E-03 8.80097E-03 8.91185E-03 8.56226E-03 8.80492E-03 8.41496E-03 8.17379E-03 8.29939E-03 8.33556E-03 8.23465E-03 8.05608E-03 8.69789E-03 7.50857E-03
10.0 4.59083E-03 5.49295E-03 6.81722E-03 7.85358E-03 1.04238E-02 1.27132E-02 1.46169E-02 1.81879E-02 2.11548E-02 2.34508E-02 2.53077E-02 2.68334E-02 2.80017E-02 2.88760E-02 2.93855E-02 2.99710E-02 3.02397E-02 3.05129E-02 3.05009E-02 3.05703E-02 3.04688E-02 3.04465E-02 3.05516E-02 3.03886E-02 3.00283E-02 3.00402E-02 2.99410E-02 2.97825E-02 2.91305E-02 2.90538E-02 2.87186E-02 2.84829E-02 2.80961E-02 2.82318E-02 2.76436E-02 2.76215E-02 2.75443E-02 2.72593E-02 2.74919E-02 2.74161E-02 2.75784E-02 2.75882E-02 2.85729E-02 2.73503E-02 2.84390E-02 2.66355E-02 2.81388E-02
30.0 9.99685E-03 1.19359E-02 1.46836E-02 1.70824E-02 2.26057E-02 2.74393E-02 3.19081E-02 3.99883E-02 4.68276E-02 5.26961E-02 5.76514E-02 6.17344E-02 6.52352E-02 6.81264E-02 7.06627E-02 7.29065E-02 7.47525E-02 7.65365E-02 7.76706E-02 7.85289E-02 7.93786E-02 8.01511E-02 8.07546E-02 8.02682E-02 8.07387E-02 8.12625E-02 8.05535E-02 8.09554E-02 7.98354E-02 8.04045E-02 8.03153E-02 7.98114E-02 8.05049E-02 8.00565E-02 7.91811E-02 7.95618E-02 7.83719E-02 7.87588E-02 7.83430E-02 7.75536E-02 7.87253E-02 7.95979E-02 7.78402E-02 7.45096E-02 7.23782E-02 7.75288E-02 7.63723E-02
100.0 2.39910E-02 2.80005E-02 3.46695E-02 3.98909E-02 5.31858E-02 6.37471E-02 7.41253E-02 9.38426E-02 1.10806E-01 1.25277E-01 1.36674E-01 1.46663E-01 1.55429E-01 1.64648E-01 1.71722E-01 1.80899E-01 1.87136E-01 1.92577E-01 1.97680E-01 2.04007E-01 2.06977E-01 2.10300E-01 2.12230E-01 2.16769E-01 2.21286E-01 2.24180E-01 2.22940E-01 2.25485E-01 2.30457E-01 2.30242E-01 2.28344E-01 2.33522E-01 2.32257E-01 2.37945E-01 2.38583E-01 2.40354E-01 2.36339E-01 2.33865E-01 2.37923E-01 2.34689E-01 2.29008E-01 2.25067E-01 2.29051E-01 2.30017E-01 2.30461E-01 2.23940E-01 2.12898E-01
