Yield function of production of Ti44 by protons, neutrons, alphas, pi+ and pi-, [(Ti44 atoms * cm2) / (g * prim. part. nucleon)] (computed with Geant4.10).
The primaries are protons.
Energy[GeV/nuc],depths[g/cm2]: 1 3 5 10 15 20 30 40 50 60 70 80 90 100 110 120 130 140 150 160 170 180 190 200 210 220 230 240 250 260 270 280 290 300 310 320 330 340 350 360 370 380 400 410 420 430 446.4
0.01 1.06978E-04 2.71909E-08 2.32159E-08 2.23231E-08 2.03039E-08 1.97271E-08 1.93652E-08 1.55675E-08 1.37381E-08 1.02759E-08 7.65596E-09 5.71709E-09 3.78114E-09 2.78553E-09 1.54497E-09 1.05710E-09 1.40639E-09 1.09043E-09 4.25741E-10 5.10031E-10 7.18949E-10 2.70793E-10 2.56868E-10 3.01209E-11 7.28911E-11 6.77911E-11 3.76872E-11 0.00000E+00 0.00000E+00 0.00000E+00 0.00000E+00 0.00000E+00 0.00000E+00 0.00000E+00 0.00000E+00 0.00000E+00 0.00000E+00 0.00000E+00 0.00000E+00 0.00000E+00 0.00000E+00 0.00000E+00 0.00000E+00 0.00000E+00 0.00000E+00 0.00000E+00 0.00000E+00
0.03 1.08488E-04 1.43767E-05 4.30708E-07 4.05767E-07 3.61895E-07 3.42700E-07 3.33542E-07 2.88344E-07 2.48698E-07 2.05040E-07 1.62180E-07 1.29980E-07 1.04364E-07 8.16202E-08 5.83065E-08 4.65123E-08 3.40847E-08 2.73789E-08 1.80282E-08 1.50824E-08 1.42515E-08 9.02411E-09 7.40904E-09 5.35599E-09 3.84627E-09 2.81596E-09 2.70041E-09 1.86891E-09 1.11524E-09 4.87219E-10 2.42848E-10 1.15408E-10 1.77106E-10 6.93130E-11 7.13391E-11 0.00000E+00 0.00000E+00 0.00000E+00 0.00000E+00 0.00000E+00 0.00000E+00 0.00000E+00 0.00000E+00 0.00000E+00 0.00000E+00 0.00000E+00 0.00000E+00
0.1 1.16550E-04 1.06196E-04 8.40539E-05 6.26163E-05 1.15126E-05 1.10511E-05 1.07964E-05 9.81131E-06 8.68732E-06 7.51862E-06 6.86493E-06 5.55030E-06 4.91265E-06 4.16462E-06 3.49523E-06 2.80638E-06 2.26650E-06 1.90358E-06 1.57578E-06 1.29570E-06 1.13683E-06 9.04405E-07 9.20722E-07 8.19391E-07 5.94684E-07 5.07611E-07 4.46891E-07 3.26739E-07 2.73213E-07 2.28000E-07 1.74203E-07 1.80166E-07 1.70959E-07 1.49564E-07 1.38931E-07 1.07244E-07 8.04453E-08 3.29243E-08 6.57797E-08 4.11600E-08 5.95123E-08 1.98595E-08 4.37786E-08 1.21737E-08 2.62979E-08 4.23951E-08 0.00000E+00
0.18 2.53156E-05 3.82584E-05 5.15537E-05 6.35666E-05 8.88862E-05 9.27740E-05 7.41055E-05 4.73084E-05 4.34161E-05 4.02001E-05 3.52789E-05 3.09060E-05 2.71245E-05 2.37098E-05 2.04393E-05 1.84124E-05 1.59028E-05 1.40148E-05 1.24320E-05 1.09462E-05 9.88986E-06 8.38769E-06 7.44550E-06 6.54166E-06 5.92974E-06 5.50780E-06 5.05395E-06 4.51219E-06 4.29905E-06 3.91612E-06 3.68483E-06 3.48311E-06 2.95542E-06 3.19489E-06 2.40927E-06 2.53625E-06 2.15479E-06 2.03158E-06 1.88510E-06 1.93374E-06 1.42070E-06 1.55611E-06 1.66246E-06 1.90536E-06 1.10020E-06 1.33682E-06 1.54734E-06
0.3 4.94358E-05 6.12028E-05 7.87157E-05 8.96022E-05 1.12972E-04 1.29283E-04 1.41972E-04 1.55546E-04 1.60743E-04 1.56043E-04 1.32717E-04 1.17966E-04 1.04939E-04 9.33749E-05 8.34751E-05 7.59381E-05 6.80105E-05 6.08875E-05 5.44979E-05 4.95044E-05 4.74299E-05 4.12762E-05 3.83897E-05 3.56162E-05 3.11785E-05 2.99712E-05 2.69057E-05 2.53832E-05 2.44938E-05 2.37489E-05 2.19866E-05 1.97182E-05 1.94178E-05 2.09514E-05 1.83768E-05 1.82031E-05 1.64700E-05 1.60677E-05 1.70706E-05 1.20180E-05 1.17972E-05 1.26126E-05 1.27180E-05 1.29231E-05 1.08812E-05 1.62416E-05 1.05895E-05
0.56 9.81928E-05 1.21951E-04 1.48059E-04 1.72698E-04 2.29617E-04 2.67787E-04 3.02819E-04 3.58684E-04 3.88424E-04 4.09710E-04 4.06785E-04 3.97597E-04 3.89101E-04 3.78684E-04 3.59756E-04 3.35730E-04 3.11588E-04 2.92026E-04 2.73116E-04 2.56408E-04 2.35127E-04 2.15352E-04 2.02509E-04 1.88784E-04 1.79713E-04 1.62407E-04 1.57149E-04 1.47381E-04 1.39529E-04 1.30679E-04 1.27514E-04 1.17040E-04 1.14548E-04 1.13553E-04 9.69800E-05 9.62701E-05 9.97532E-05 9.78371E-05 8.81843E-05 8.78571E-05 8.43710E-05 9.32498E-05 8.27540E-05 8.51411E-05 6.93128E-05 6.42746E-05 5.95970E-05
1.0 1.77281E-04 2.16131E-04 2.66310E-04 3.12406E-04 4.10215E-04 4.89796E-04 5.74159E-04 6.77213E-04 7.50202E-04 8.13113E-04 8.35903E-04 8.71741E-04 8.61835E-04 8.50743E-04 8.43803E-04 8.29985E-04 8.01684E-04 7.78628E-04 7.58854E-04 7.23863E-04 7.17549E-04 6.82548E-04 6.41964E-04 6.26305E-04 6.02327E-04 5.75206E-04 5.49357E-04 5.27354E-04 5.03011E-04 5.07165E-04 4.69990E-04 4.63095E-04 4.62015E-04 4.32580E-04 4.16038E-04 4.04970E-04 3.86060E-04 3.74462E-04 3.72066E-04 3.41648E-04 3.33498E-04 3.67646E-04 3.20653E-04 2.69753E-04 2.79196E-04 2.88577E-04 2.93193E-04
3.0 4.29057E-04 5.23155E-04 6.51420E-04 7.53593E-04 9.80288E-04 1.19400E-03 1.37467E-03 1.68725E-03 1.94025E-03 2.13819E-03 2.28791E-03 2.39345E-03 2.48699E-03 2.51595E-03 2.56189E-03 2.59740E-03 2.59408E-03 2.60771E-03 2.58228E-03 2.54975E-03 2.52402E-03 2.48020E-03 2.41951E-03 2.43087E-03 2.37849E-03 2.35999E-03 2.30665E-03 2.30155E-03 2.28378E-03 2.22798E-03 2.13209E-03 2.11587E-03 2.07609E-03 2.01859E-03 2.02430E-03 1.98008E-03 1.96063E-03 1.90981E-03 1.97301E-03 1.91044E-03 1.83165E-03 1.93133E-03 1.85148E-03 1.84980E-03 1.91361E-03 2.15339E-03 1.73937E-03
10.0 1.19708E-03 1.42170E-03 1.76561E-03 2.08939E-03 2.72072E-03 3.25900E-03 3.77236E-03 4.65536E-03 5.38822E-03 5.94025E-03 6.36651E-03 6.69903E-03 6.95154E-03 7.15262E-03 7.40380E-03 7.36900E-03 7.48863E-03 7.56955E-03 7.56424E-03 7.54207E-03 7.52660E-03 7.46310E-03 7.39982E-03 7.38114E-03 7.34899E-03 7.31077E-03 7.13131E-03 7.14887E-03 7.03862E-03 6.94384E-03 6.87407E-03 6.85987E-03 6.81724E-03 6.75409E-03 6.89193E-03 6.96668E-03 6.82169E-03 6.92882E-03 6.76199E-03 6.73659E-03 7.12529E-03 6.52680E-03 6.39495E-03 6.53833E-03 6.46730E-03 6.37765E-03 6.30107E-03
30.0 2.47121E-03 2.91985E-03 3.60241E-03 4.19815E-03 5.53454E-03 6.71372E-03 7.79335E-03 9.77209E-03 1.14724E-02 1.28228E-02 1.40371E-02 1.50535E-02 1.59233E-02 1.66447E-02 1.73226E-02 1.78172E-02 1.83040E-02 1.86568E-02 1.90068E-02 1.93478E-02 1.96282E-02 1.95270E-02 1.96788E-02 1.97945E-02 1.98786E-02 2.01577E-02 2.00517E-02 2.01016E-02 1.99850E-02 1.99364E-02 2.03177E-02 2.03044E-02 2.02615E-02 2.02937E-02 2.07580E-02 2.05566E-02 2.01790E-02 2.02765E-02 2.01864E-02 2.01042E-02 1.98152E-02 2.02526E-02 2.12334E-02 2.05687E-02 2.10080E-02 2.06742E-02 2.42221E-02
100.0 6.00036E-03 7.07872E-03 8.65320E-03 1.00411E-02 1.34364E-02 1.59770E-02 1.89058E-02 2.34744E-02 2.77242E-02 3.15537E-02 3.46169E-02 3.73343E-02 3.95637E-02 4.14195E-02 4.32659E-02 4.47422E-02 4.61427E-02 4.71808E-02 4.83109E-02 4.92397E-02 5.01825E-02 5.02894E-02 5.04959E-02 5.11008E-02 5.10729E-02 5.17117E-02 5.17958E-02 5.19331E-02 5.26069E-02 5.31815E-02 5.28093E-02 5.43960E-02 5.36136E-02 5.32978E-02 5.30786E-02 5.37041E-02 5.30857E-02 5.35336E-02 5.36352E-02 5.34972E-02 5.31905E-02 5.29781E-02 5.26070E-02 5.22799E-02 5.43141E-02 5.14413E-02 4.43327E-02
