Yield function of production of Ti44 by protons, neutrons, alphas, [(Ti44 atoms * cm2) / (g * prim. part. nucleon)] (computed with Geant4.10).
The primaries are alphas.
Energy[GeV/nuc],depths[g/cm2]: 0 1 3 5 12.02 19.04 26.06 33.08 40.1 47.12 54.14 61.16 68.18 75.2 82.22 89.24 96.26 103.28 110.3 117.32 124.34 131.36 138.38 145.4 152.42 159.44 166.46 173.48 180.5 187.52 194.54 201.56 208.58 215.6 222.62 229.64 236.66 243.68 250.7 257.72 264.74 271.76 278.78 285.8 292.82 299.84 306.86 313.88 320.9 327.92
0.03 1.06326E-05 1.74935E-07 8.59315E-11 7.35044E-11 5.37625E-11 4.51592E-11 3.52005E-11 3.14275E-11 2.84787E-11 2.41510E-11 2.08786E-11 1.84422E-11 1.72171E-11 1.51293E-11 1.42011E-11 1.26086E-11 1.04974E-11 9.44937E-12 8.53049E-12 7.93814E-12 7.37187E-12 6.73301E-12 6.44372E-12 5.32636E-12 4.74543E-12 4.56838E-12 4.73791E-12 3.88777E-12 3.73443E-12 4.21521E-12 3.03927E-12 3.02651E-12 2.42065E-12 2.74744E-12 2.32917E-12 1.73944E-12 1.77179E-12 2.00464E-12 1.89851E-12 1.79288E-12 1.68065E-12 1.13469E-12 9.95682E-13 1.35755E-12 1.15340E-12 1.26362E-12 1.63884E-12 8.85095E-13 1.16157E-13 6.67582E-13
0.1 1.21331E-05 1.09603E-05 8.18678E-06 5.42511E-06 2.25909E-08 1.82741E-08 1.59436E-08 1.42163E-08 1.29348E-08 1.18058E-08 1.08373E-08 9.96573E-09 9.30530E-09 8.68626E-09 8.03760E-09 7.50983E-09 7.05909E-09 6.64379E-09 6.17779E-09 5.88010E-09 5.49680E-09 5.22094E-09 4.94695E-09 4.67253E-09 4.39206E-09 4.18566E-09 4.01498E-09 3.78874E-09 3.66086E-09 3.48818E-09 3.37933E-09 3.18950E-09 3.11767E-09 3.12839E-09 2.93749E-09 2.92740E-09 2.77920E-09 2.73123E-09 2.63427E-09 2.52315E-09 2.59590E-09 2.38540E-09 2.32141E-09 2.51088E-09 2.60026E-09 2.45032E-09 1.90466E-09 2.38221E-09 2.23566E-09 2.22532E-09
0.18 9.66257E-06 9.23470E-06 8.26613E-06 7.65789E-06 5.26478E-06 2.88892E-06 4.62364E-07 1.81587E-07 1.62780E-07 1.47922E-07 1.36713E-07 1.26980E-07 1.18123E-07 1.10393E-07 1.03108E-07 9.75868E-08 9.20109E-08 8.71811E-08 8.21982E-08 7.84715E-08 7.41159E-08 7.05664E-08 6.70165E-08 6.41322E-08 6.09836E-08 5.82986E-08 5.66791E-08 5.42967E-08 5.19989E-08 5.03898E-08 4.87887E-08 4.66556E-08 4.52705E-08 4.39612E-08 4.26578E-08 4.19530E-08 4.06921E-08 3.98085E-08 3.92825E-08 3.76685E-08 3.72902E-08 3.78142E-08 3.71663E-08 3.58387E-08 3.61491E-08 3.49628E-08 3.53085E-08 3.23619E-08 3.53114E-08 4.45119E-08
0.3 1.02393E-05 9.99773E-06 9.29791E-06 8.67166E-06 6.91277E-06 5.79921E-06 4.83854E-06 4.01995E-06 3.30822E-06 2.63897E-06 1.94292E-06 1.22459E-06 8.92123E-07 8.37259E-07 7.83555E-07 7.39993E-07 6.97101E-07 6.60864E-07 6.30394E-07 6.02390E-07 5.74855E-07 5.48628E-07 5.25987E-07 5.03765E-07 4.86909E-07 4.65872E-07 4.50803E-07 4.33138E-07 4.18446E-07 4.07238E-07 3.93687E-07 3.85502E-07 3.74219E-07 3.64376E-07 3.55069E-07 3.43574E-07 3.40911E-07 3.25665E-07 3.22032E-07 3.17061E-07 3.14489E-07 3.12454E-07 2.98991E-07 2.97631E-07 2.94390E-07 2.93212E-07 2.94288E-07 2.76900E-07 2.83092E-07 2.73582E-07
0.56 1.23321E-05 1.24741E-05 1.24684E-05 1.25245E-05 1.18941E-05 1.15021E-05 1.10243E-05 1.04796E-05 9.94196E-06 9.43253E-06 8.89694E-06 8.42067E-06 7.93513E-06 7.47066E-06 7.08432E-06 6.66354E-06 6.29027E-06 5.91284E-06 5.59021E-06 5.29080E-06 5.00241E-06 4.73089E-06 4.47444E-06 4.26995E-06 4.06818E-06 3.86781E-06 3.69396E-06 3.50391E-06 3.39164E-06 3.29472E-06 3.21923E-06 3.10155E-06 3.03226E-06 2.95562E-06 2.89991E-06 2.82908E-06 2.79232E-06 2.73488E-06 2.69037E-06 2.66414E-06 2.60583E-06 2.56822E-06 2.57178E-06 2.54383E-06 2.44396E-06 2.44818E-06 2.47284E-06 2.44105E-06 2.50112E-06 2.49058E-06
1.0 1.57261E-05 1.62902E-05 1.70388E-05 1.76499E-05 1.81654E-05 1.87010E-05 1.88367E-05 1.88521E-05 1.86695E-05 1.84469E-05 1.82740E-05 1.78184E-05 1.75547E-05 1.71375E-05 1.67459E-05 1.63918E-05 1.59051E-05 1.54613E-05 1.50990E-05 1.46713E-05 1.43483E-05 1.39675E-05 1.35661E-05 1.32204E-05 1.28305E-05 1.25554E-05 1.22433E-05 1.19045E-05 1.15967E-05 1.14315E-05 1.10490E-05 1.08470E-05 1.06504E-05 1.03768E-05 1.02175E-05 9.92115E-06 9.77619E-06 9.54824E-06 9.49387E-06 9.26947E-06 9.15788E-06 9.12404E-06 8.94605E-06 8.88664E-06 8.68443E-06 8.55309E-06 8.48427E-06 8.79431E-06 8.55941E-06 9.19296E-06
3.0 2.41243E-05 2.53105E-05 2.68424E-05 2.79519E-05 3.00096E-05 3.20395E-05 3.32895E-05 3.42589E-05 3.51165E-05 3.55423E-05 3.58966E-05 3.61915E-05 3.65323E-05 3.66731E-05 3.63637E-05 3.64749E-05 3.63852E-05 3.61698E-05 3.59800E-05 3.57010E-05 3.56291E-05 3.54427E-05 3.49504E-05 3.51123E-05 3.45549E-05 3.43273E-05 3.41942E-05 3.38587E-05 3.34163E-05 3.32382E-05 3.32247E-05 3.28782E-05 3.24631E-05 3.22508E-05 3.22041E-05 3.19511E-05 3.17590E-05 3.21376E-05 3.11255E-05 3.14514E-05 3.10709E-05 3.07363E-05 3.08015E-05 3.06132E-05 3.05049E-05 3.01332E-05 3.02499E-05 3.03813E-05 3.08752E-05 2.80851E-05
10.0 4.02073E-05 4.23165E-05 4.50105E-05 4.75313E-05 5.18801E-05 5.64877E-05 5.98886E-05 6.23633E-05 6.49628E-05 6.67326E-05 6.81411E-05 6.95434E-05 7.07489E-05 7.14510E-05 7.26934E-05 7.32855E-05 7.39220E-05 7.41754E-05 7.43257E-05 7.45413E-05 7.49478E-05 7.50722E-05 7.53969E-05 7.55328E-05 7.56395E-05 7.55532E-05 7.54736E-05 7.56341E-05 7.56787E-05 7.51621E-05 7.52983E-05 7.53586E-05 7.48941E-05 7.50759E-05 7.47930E-05 7.39568E-05 7.40972E-05 7.35193E-05 7.40011E-05 7.34847E-05 7.40504E-05 7.36190E-05 7.26417E-05 7.28549E-05 7.31639E-05 7.38311E-05 7.21373E-05 7.26710E-05 6.92775E-05 6.99572E-05
30.0 6.87810E-05 7.18650E-05 7.64699E-05 7.97303E-05 8.65958E-05 9.46614E-05 1.01493E-04 1.07304E-04 1.12952E-04 1.16969E-04 1.21353E-04 1.24584E-04 1.28431E-04 1.31014E-04 1.34118E-04 1.37367E-04 1.39472E-04 1.40383E-04 1.43350E-04 1.44721E-04 1.46247E-04 1.46957E-04 1.49043E-04 1.49674E-04 1.50704E-04 1.52279E-04 1.52842E-04 1.53458E-04 1.55251E-04 1.55430E-04 1.55375E-04 1.55563E-04 1.56636E-04 1.58608E-04 1.58753E-04 1.58558E-04 1.59684E-04 1.59619E-04 1.58472E-04 1.58107E-04 1.56638E-04 1.54962E-04 1.54553E-04 1.56132E-04 1.54276E-04 1.52045E-04 1.54382E-04 1.59736E-04 1.54338E-04 1.57603E-04
100.0 1.34279E-04 1.40054E-04 1.47533E-04 1.54924E-04 1.69600E-04 1.85712E-04 1.99744E-04 2.13959E-04 2.25393E-04 2.35674E-04 2.43674E-04 2.54166E-04 2.60511E-04 2.68408E-04 2.76030E-04 2.85207E-04 2.91141E-04 2.98051E-04 3.00839E-04 3.09448E-04 3.15581E-04 3.16385E-04 3.22150E-04 3.24741E-04 3.29709E-04 3.35200E-04 3.38194E-04 3.39801E-04 3.42970E-04 3.47898E-04 3.53058E-04 3.54476E-04 3.58158E-04 3.59669E-04 3.64443E-04 3.62334E-04 3.66885E-04 3.73176E-04 3.64287E-04 3.62237E-04 3.63761E-04 3.68108E-04 3.59705E-04 3.59557E-04 3.72585E-04 3.68730E-04 3.61095E-04 3.66547E-04 3.62091E-04 3.67566E-04
