Yield function of production of Ti44 by protons, neutrons, alphas, [(Ti44 atoms * cm2) / (g * prim. part. nucleon)] (computed with Geant4.10).
The primaries are protons.
Energy[GeV/nuc],depths[g/cm2]: 0 1 3 5 12.02 19.04 26.06 33.08 40.1 47.12 54.14 61.16 68.18 75.2 82.22 89.24 96.26 103.28 110.3 117.32 124.34 131.36 138.38 145.4 152.42 159.44 166.46 173.48 180.5 187.52 194.54 201.56 208.58 215.6 222.62 229.64 236.66 243.68 250.7 257.72 264.74 271.76 278.78 285.8 292.82 299.84 306.86 313.88 320.9 327.92
0.03 9.85779E-09 3.79354E-16 1.68885E-16 7.39796E-17 7.64210E-17 0.00000E+00 0.00000E+00 0.00000E+00 0.00000E+00 0.00000E+00 0.00000E+00 0.00000E+00 0.00000E+00 0.00000E+00 0.00000E+00 0.00000E+00 0.00000E+00 0.00000E+00 0.00000E+00 0.00000E+00 0.00000E+00 0.00000E+00 0.00000E+00 0.00000E+00 0.00000E+00 0.00000E+00 0.00000E+00 0.00000E+00 0.00000E+00 0.00000E+00 0.00000E+00 0.00000E+00 0.00000E+00 0.00000E+00 0.00000E+00 0.00000E+00 0.00000E+00 0.00000E+00 0.00000E+00 0.00000E+00 0.00000E+00 0.00000E+00 0.00000E+00 0.00000E+00 0.00000E+00 0.00000E+00 0.00000E+00 0.00000E+00 0.00000E+00 0.00000E+00
0.1 5.31923E-07 2.25967E-07 5.58508E-08 2.38986E-08 3.23207E-10 2.64076E-10 2.20678E-10 1.87589E-10 1.63189E-10 1.43217E-10 1.25527E-10 1.09452E-10 9.83657E-11 8.73658E-11 7.87089E-11 7.13187E-11 6.38043E-11 5.61012E-11 5.16101E-11 4.75604E-11 4.37946E-11 4.17530E-11 3.56944E-11 3.22784E-11 2.89532E-11 2.72853E-11 2.52375E-11 2.44927E-11 2.10696E-11 2.12923E-11 1.90240E-11 1.77245E-11 1.74363E-11 1.48223E-11 1.49851E-11 1.58983E-11 1.44418E-11 1.11475E-11 1.17289E-11 1.17770E-11 9.40916E-12 1.08919E-11 9.89678E-12 1.01823E-11 8.93050E-12 8.90306E-12 7.90371E-12 6.58934E-12 7.46694E-12 0.00000E+00
0.18 1.81692E-06 1.33835E-06 1.02920E-06 7.57551E-07 2.36937E-07 3.74410E-08 9.30525E-09 8.25016E-09 7.35590E-09 6.75472E-09 6.07296E-09 5.59440E-09 5.15312E-09 4.80886E-09 4.47949E-09 4.19248E-09 3.87743E-09 3.60797E-09 3.37410E-09 3.11119E-09 2.98094E-09 2.76708E-09 2.67964E-09 2.45885E-09 2.37162E-09 2.24381E-09 2.12407E-09 2.02027E-09 1.92852E-09 1.95113E-09 1.76649E-09 1.76569E-09 1.63594E-09 1.57115E-09 1.52406E-09 1.45188E-09 1.34121E-09 1.33508E-09 1.28918E-09 1.26634E-09 1.22638E-09 1.20612E-09 1.22529E-09 1.09058E-09 1.13623E-09 1.11728E-09 1.08426E-09 1.09912E-09 8.32195E-10 1.05777E-09
0.3 3.85688E-06 3.64545E-06 3.10032E-06 2.67704E-06 1.77557E-06 1.20811E-06 8.02918E-07 5.12183E-07 3.06396E-07 1.68342E-07 9.28527E-08 6.97007E-08 6.44046E-08 6.01443E-08 5.60521E-08 5.24334E-08 4.94262E-08 4.70314E-08 4.43027E-08 4.26025E-08 3.98123E-08 3.83111E-08 3.62643E-08 3.44345E-08 3.29916E-08 3.21135E-08 3.06158E-08 2.91938E-08 2.87835E-08 2.72499E-08 2.72070E-08 2.59490E-08 2.49709E-08 2.38452E-08 2.32508E-08 2.27311E-08 2.15638E-08 2.13702E-08 2.17627E-08 2.15946E-08 2.12066E-08 1.99622E-08 1.97468E-08 1.80139E-08 1.92600E-08 1.91725E-08 1.93541E-08 1.89546E-08 1.64879E-08 2.42619E-08
0.56 6.73757E-06 6.70509E-06 6.37211E-06 6.13910E-06 5.17544E-06 4.55633E-06 3.96313E-06 3.49298E-06 3.06122E-06 2.67960E-06 2.35179E-06 2.08033E-06 1.82377E-06 1.60083E-06 1.41348E-06 1.23598E-06 1.08144E-06 9.31294E-07 8.05233E-07 6.90456E-07 5.95094E-07 5.16708E-07 4.43206E-07 3.89370E-07 3.47891E-07 3.14376E-07 2.97401E-07 2.85644E-07 2.74809E-07 2.66108E-07 2.61876E-07 2.52886E-07 2.46412E-07 2.40034E-07 2.33627E-07 2.32314E-07 2.29645E-07 2.22201E-07 2.14235E-07 2.17785E-07 2.09214E-07 2.04758E-07 2.04755E-07 2.12110E-07 2.00930E-07 1.93336E-07 1.94900E-07 2.05525E-07 1.91294E-07 1.93994E-07
1.0 8.83836E-06 8.88219E-06 8.63969E-06 8.45426E-06 7.71394E-06 7.32606E-06 6.87286E-06 6.53385E-06 6.18238E-06 5.87240E-06 5.55760E-06 5.27281E-06 4.97338E-06 4.75137E-06 4.48656E-06 4.26217E-06 4.07199E-06 3.89522E-06 3.66056E-06 3.50301E-06 3.34129E-06 3.20308E-06 3.04548E-06 2.90158E-06 2.78381E-06 2.64545E-06 2.51843E-06 2.44088E-06 2.37525E-06 2.29503E-06 2.15353E-06 2.07897E-06 1.98927E-06 1.89478E-06 1.84438E-06 1.81009E-06 1.75153E-06 1.67817E-06 1.59785E-06 1.59816E-06 1.53522E-06 1.44862E-06 1.47428E-06 1.41810E-06 1.41035E-06 1.40090E-06 1.34982E-06 1.38083E-06 1.38613E-06 1.68913E-06
3.0 8.33909E-06 8.49803E-06 8.67143E-06 8.86414E-06 8.90139E-06 9.13063E-06 9.27737E-06 9.31648E-06 9.37300E-06 9.30961E-06 9.33687E-06 9.35886E-06 9.26420E-06 9.19283E-06 9.22027E-06 9.16397E-06 9.18342E-06 9.01438E-06 8.95554E-06 8.83272E-06 8.75016E-06 8.66445E-06 8.60512E-06 8.47793E-06 8.35935E-06 8.24028E-06 8.26747E-06 8.25667E-06 8.04162E-06 8.11446E-06 7.99726E-06 7.89255E-06 7.89025E-06 7.94090E-06 7.69345E-06 7.69331E-06 7.55752E-06 7.47605E-06 7.40572E-06 7.39609E-06 7.66340E-06 7.50464E-06 7.25238E-06 7.29213E-06 7.21127E-06 7.54815E-06 7.20134E-06 7.02079E-06 7.38993E-06 7.11085E-06
10.0 1.24677E-05 1.28708E-05 1.33890E-05 1.39558E-05 1.46333E-05 1.54821E-05 1.61701E-05 1.66246E-05 1.69377E-05 1.73286E-05 1.76731E-05 1.78094E-05 1.79537E-05 1.80967E-05 1.81700E-05 1.84675E-05 1.84175E-05 1.84135E-05 1.88400E-05 1.87082E-05 1.85514E-05 1.83898E-05 1.83803E-05 1.83725E-05 1.83738E-05 1.84820E-05 1.83454E-05 1.82411E-05 1.80951E-05 1.80048E-05 1.82453E-05 1.83678E-05 1.82445E-05 1.82698E-05 1.79258E-05 1.80843E-05 1.80830E-05 1.77850E-05 1.77286E-05 1.77509E-05 1.79467E-05 1.80911E-05 1.84461E-05 1.78043E-05 1.79718E-05 1.75228E-05 1.76392E-05 1.78194E-05 1.68784E-05 1.56820E-05
30.0 1.95061E-05 1.99910E-05 2.08665E-05 2.15554E-05 2.28741E-05 2.46865E-05 2.58114E-05 2.70814E-05 2.83719E-05 2.94099E-05 3.04783E-05 3.11701E-05 3.21622E-05 3.28384E-05 3.29206E-05 3.40846E-05 3.41781E-05 3.46388E-05 3.56946E-05 3.58190E-05 3.60429E-05 3.65323E-05 3.67942E-05 3.76305E-05 3.69832E-05 3.76883E-05 3.79409E-05 3.83642E-05 3.75490E-05 3.83983E-05 3.86244E-05 3.88091E-05 3.90715E-05 3.85176E-05 3.94603E-05 3.88457E-05 3.88410E-05 3.95768E-05 3.90382E-05 3.89138E-05 3.86111E-05 4.00650E-05 4.10187E-05 4.08044E-05 3.90778E-05 4.04428E-05 3.87932E-05 3.89697E-05 3.67767E-05 3.71080E-05
100.0 3.87305E-05 3.98649E-05 4.16423E-05 4.26609E-05 4.58728E-05 4.99766E-05 5.29262E-05 5.65230E-05 5.87572E-05 6.11132E-05 6.32022E-05 6.73099E-05 6.78555E-05 7.07853E-05 7.20188E-05 7.43040E-05 7.62334E-05 7.81395E-05 7.78585E-05 8.12619E-05 8.03044E-05 8.30949E-05 8.38919E-05 8.42328E-05 8.65106E-05 8.61382E-05 8.81056E-05 8.76313E-05 8.85046E-05 8.99399E-05 9.04362E-05 9.17655E-05 9.31887E-05 9.37543E-05 9.16860E-05 9.37140E-05 9.38855E-05 9.47757E-05 9.69378E-05 9.67988E-05 9.69846E-05 9.71098E-05 9.59188E-05 9.40107E-05 9.80688E-05 9.68521E-05 9.93579E-05 9.49063E-05 9.60633E-05 8.84052E-05
