Yield function of production of Ti44 by protons, neutrons, alphas, [(Ti44 atoms * cm2) / (g * prim. part. nucleon)] (computed with Geant4.10).
The primaries are alphas.
Energy[GeV/nuc],depths[g/cm2]: 0 1 3 5 15.03 25.06 35.09 45.12 55.15 65.18 75.21 85.24 95.27 105.3 115.33 125.36 135.39 145.42 155.45 165.48 175.51 185.54 195.57 205.6 215.63 225.66 235.69 245.72 255.75 265.78 275.81 285.84 295.87 305.9 315.93 325.96 335.99 346.02 356.05 366.08 376.11 386.14 396.17 406.2 416.23 426.26 436.29
0.03 1.06273E-05 1.74995E-07 8.56447E-11 7.25151E-11 4.69682E-11 3.54930E-11 2.88274E-11 2.28730E-11 1.86490E-11 1.53175E-11 1.32080E-11 1.13419E-11 9.40960E-12 7.79680E-12 7.22531E-12 6.09317E-12 5.04607E-12 4.38951E-12 3.81995E-12 3.23593E-12 2.82101E-12 2.28108E-12 2.02243E-12 2.09836E-12 1.63273E-12 1.50246E-12 1.42579E-12 1.16913E-12 1.23028E-12 9.27996E-13 9.73278E-13 1.24277E-12 8.68451E-13 8.15870E-13 7.53603E-13 5.51508E-13 6.26602E-13 9.92939E-13 7.15076E-13 2.92258E-13 1.67620E-13 1.67303E-13 1.78620E-13 3.41700E-13 2.41976E-13 1.16423E-12 0.00000E+00
0.1 1.20914E-05 1.09387E-05 8.17447E-06 5.41259E-06 1.94433E-08 1.52172E-08 1.28726E-08 1.10760E-08 9.75462E-09 8.63614E-09 7.62220E-09 6.79736E-09 6.11551E-09 5.51886E-09 5.00725E-09 4.50048E-09 4.08670E-09 3.75426E-09 3.41855E-09 3.11131E-09 2.87911E-09 2.66262E-09 2.49097E-09 2.26238E-09 2.12402E-09 1.93489E-09 1.83984E-09 1.72778E-09 1.59564E-09 1.49647E-09 1.42202E-09 1.32128E-09 1.25966E-09 1.25270E-09 1.24682E-09 1.09181E-09 1.09500E-09 1.00259E-09 9.93406E-10 9.18567E-10 8.29195E-10 8.01058E-10 9.12051E-10 7.05064E-10 9.08424E-10 8.03745E-10 7.17820E-10
0.18 9.48372E-06 9.10312E-06 8.19042E-06 7.58634E-06 4.17930E-06 7.33659E-07 1.62443E-07 1.39302E-07 1.22239E-07 1.08980E-07 9.76293E-08 8.84032E-08 8.00635E-08 7.31627E-08 6.67080E-08 6.12297E-08 5.61315E-08 5.18888E-08 4.78507E-08 4.42164E-08 4.13462E-08 3.87797E-08 3.65572E-08 3.33382E-08 3.18871E-08 2.93855E-08 2.75927E-08 2.62271E-08 2.45870E-08 2.38466E-08 2.21326E-08 2.08350E-08 1.99025E-08 1.91168E-08 1.85686E-08 1.77354E-08 1.75004E-08 1.63648E-08 1.62288E-08 1.55786E-08 1.47661E-08 1.58039E-08 1.39092E-08 1.31976E-08 1.36516E-08 1.41691E-08 1.02089E-08
0.3 1.00467E-05 9.73989E-06 9.01715E-06 8.44578E-06 6.17361E-06 4.74549E-06 3.61363E-06 2.65095E-06 1.69967E-06 8.24956E-07 7.39352E-07 6.66988E-07 6.08244E-07 5.57488E-07 5.12638E-07 4.74512E-07 4.40498E-07 4.09887E-07 3.81226E-07 3.54939E-07 3.31852E-07 3.12096E-07 2.92680E-07 2.75303E-07 2.58704E-07 2.45771E-07 2.32174E-07 2.20603E-07 2.10541E-07 2.01244E-07 1.89920E-07 1.81851E-07 1.73688E-07 1.65844E-07 1.59753E-07 1.55836E-07 1.49721E-07 1.45742E-07 1.44688E-07 1.42133E-07 1.40413E-07 1.38006E-07 1.30399E-07 1.31946E-07 1.25778E-07 1.27253E-07 1.31892E-07
0.56 1.17303E-05 1.18801E-05 1.18742E-05 1.18732E-05 1.10087E-05 1.02749E-05 9.50577E-06 8.71139E-06 7.97763E-06 7.28680E-06 6.64654E-06 6.04595E-06 5.48458E-06 4.98903E-06 4.54106E-06 4.15193E-06 3.78671E-06 3.47435E-06 3.19418E-06 2.91645E-06 2.69228E-06 2.52863E-06 2.39782E-06 2.27165E-06 2.14256E-06 2.04567E-06 1.96576E-06 1.86117E-06 1.78356E-06 1.70948E-06 1.63870E-06 1.57061E-06 1.52714E-06 1.47277E-06 1.43295E-06 1.40259E-06 1.34966E-06 1.32099E-06 1.30631E-06 1.27122E-06 1.24671E-06 1.21979E-06 1.19980E-06 1.20813E-06 1.18001E-06 1.13821E-06 1.16146E-06
1.0 1.43812E-05 1.49544E-05 1.57275E-05 1.61753E-05 1.67729E-05 1.71253E-05 1.69127E-05 1.66069E-05 1.62156E-05 1.56728E-05 1.50486E-05 1.43376E-05 1.37338E-05 1.31469E-05 1.24375E-05 1.18333E-05 1.12756E-05 1.07265E-05 1.01440E-05 9.65668E-06 9.15747E-06 8.75311E-06 8.34353E-06 7.88986E-06 7.51425E-06 7.19630E-06 6.83366E-06 6.57824E-06 6.23255E-06 6.03480E-06 5.74888E-06 5.53079E-06 5.29247E-06 5.11606E-06 4.97903E-06 4.86068E-06 4.82609E-06 4.55041E-06 4.47474E-06 4.33928E-06 4.31532E-06 4.17902E-06 4.09283E-06 4.43830E-06 3.97549E-06 4.09920E-06 4.18757E-06
3.0 2.11722E-05 2.24793E-05 2.38988E-05 2.49994E-05 2.77443E-05 2.97940E-05 3.09035E-05 3.15865E-05 3.19346E-05 3.18977E-05 3.18164E-05 3.15118E-05 3.12567E-05 3.08645E-05 3.03853E-05 2.99329E-05 2.94015E-05 2.88273E-05 2.84196E-05 2.76757E-05 2.72244E-05 2.66894E-05 2.61915E-05 2.54993E-05 2.50372E-05 2.44420E-05 2.38851E-05 2.32878E-05 2.30957E-05 2.26631E-05 2.23048E-05 2.19765E-05 2.15144E-05 2.11414E-05 2.10310E-05 2.05402E-05 2.00934E-05 1.99211E-05 1.99264E-05 1.97950E-05 1.93972E-05 1.91165E-05 1.91313E-05 1.92184E-05 1.92460E-05 2.03741E-05 1.93780E-05
10.0 3.48415E-05 3.69900E-05 3.97919E-05 4.21459E-05 4.82369E-05 5.29637E-05 5.63426E-05 5.91835E-05 6.09226E-05 6.25893E-05 6.35480E-05 6.44171E-05 6.48007E-05 6.49388E-05 6.49598E-05 6.51436E-05 6.48686E-05 6.45429E-05 6.43902E-05 6.42790E-05 6.33818E-05 6.28230E-05 6.20964E-05 6.18451E-05 6.10733E-05 6.09704E-05 6.01240E-05 5.93902E-05 5.88772E-05 5.83540E-05 5.80326E-05 5.75577E-05 5.70538E-05 5.66250E-05 5.61034E-05 5.59610E-05 5.55052E-05 5.48954E-05 5.45844E-05 5.49456E-05 5.36386E-05 5.34389E-05 5.36422E-05 5.48564E-05 5.31324E-05 5.31065E-05 5.51791E-05
30.0 5.99667E-05 6.32103E-05 6.66357E-05 7.03361E-05 8.09277E-05 9.02720E-05 9.83481E-05 1.05048E-04 1.09705E-04 1.13863E-04 1.18277E-04 1.21576E-04 1.24177E-04 1.26276E-04 1.28304E-04 1.29798E-04 1.31075E-04 1.31159E-04 1.32667E-04 1.34015E-04 1.33951E-04 1.34253E-04 1.35563E-04 1.35576E-04 1.34684E-04 1.34057E-04 1.34425E-04 1.34480E-04 1.34733E-04 1.33756E-04 1.33085E-04 1.33475E-04 1.32303E-04 1.31729E-04 1.33748E-04 1.33295E-04 1.31066E-04 1.32362E-04 1.28792E-04 1.29317E-04 1.27955E-04 1.27456E-04 1.32633E-04 1.24929E-04 1.24290E-04 1.27403E-04 1.30181E-04
100.0 1.18065E-04 1.23762E-04 1.32188E-04 1.38708E-04 1.59754E-04 1.82005E-04 1.99386E-04 2.14187E-04 2.27845E-04 2.40659E-04 2.53631E-04 2.62132E-04 2.70008E-04 2.81387E-04 2.87853E-04 2.93340E-04 2.99474E-04 3.05245E-04 3.09718E-04 3.13561E-04 3.19598E-04 3.21384E-04 3.25817E-04 3.29835E-04 3.30113E-04 3.33246E-04 3.35359E-04 3.35282E-04 3.36949E-04 3.36260E-04 3.40030E-04 3.43569E-04 3.43085E-04 3.40957E-04 3.43919E-04 3.49676E-04 3.45770E-04 3.48255E-04 3.43239E-04 3.41828E-04 3.42439E-04 3.45071E-04 3.61208E-04 3.39711E-04 3.88729E-04 3.31592E-04 3.14864E-04
