Yield function of production of Ti44 by protons, neutrons, alphas, [(Ti44 atoms * cm2) / (g * prim. part. nucleon)] (computed with Geant4.10).
The primaries are protons.
Energy[GeV/nuc],depths[g/cm2]: 0 1 3 5 15.03 25.06 35.09 45.12 55.15 65.18 75.21 85.24 95.27 105.3 115.33 125.36 135.39 145.42 155.45 165.48 175.51 185.54 195.57 205.6 215.63 225.66 235.69 245.72 255.75 265.78 275.81 285.84 295.87 305.9 315.93 325.96 335.99 346.02 356.05 366.08 376.11 386.14 396.17 406.2 416.23 426.26 436.29
0.03 9.85606E-09 7.08804E-16 3.04834E-16 3.09179E-16 2.40774E-16 5.92427E-16 6.83266E-17 1.24653E-16 1.42715E-16 0.00000E+00 0.00000E+00 0.00000E+00 0.00000E+00 0.00000E+00 0.00000E+00 0.00000E+00 0.00000E+00 0.00000E+00 0.00000E+00 0.00000E+00 0.00000E+00 0.00000E+00 0.00000E+00 0.00000E+00 0.00000E+00 0.00000E+00 0.00000E+00 0.00000E+00 0.00000E+00 0.00000E+00 0.00000E+00 0.00000E+00 0.00000E+00 0.00000E+00 0.00000E+00 0.00000E+00 0.00000E+00 0.00000E+00 0.00000E+00 0.00000E+00 0.00000E+00 0.00000E+00 0.00000E+00 0.00000E+00 0.00000E+00 0.00000E+00 0.00000E+00
0.1 5.32031E-07 2.25892E-07 5.58143E-08 2.38357E-08 2.81941E-10 2.14635E-10 1.69780E-10 1.38749E-10 1.13591E-10 9.48907E-11 7.88957E-11 6.72270E-11 5.66789E-11 4.77579E-11 4.23218E-11 3.60238E-11 3.07343E-11 2.60793E-11 2.31030E-11 2.02522E-11 1.67324E-11 1.52217E-11 1.27967E-11 1.11265E-11 1.01604E-11 9.22967E-12 8.32103E-12 6.77443E-12 6.40356E-12 5.95681E-12 5.41529E-12 5.23355E-12 4.63159E-12 3.90667E-12 3.81160E-12 3.52800E-12 4.22149E-12 3.03575E-12 2.71661E-12 2.34640E-12 1.79103E-12 1.62455E-12 3.81202E-12 1.48425E-12 1.59251E-12 7.22865E-12 9.60072E-12
0.18 1.80514E-06 1.32982E-06 1.02509E-06 7.53698E-07 1.20225E-07 9.94992E-09 7.41550E-09 6.30541E-09 5.59284E-09 4.84966E-09 4.30736E-09 3.82948E-09 3.38273E-09 3.05600E-09 2.75928E-09 2.45802E-09 2.22037E-09 2.02036E-09 1.85576E-09 1.67883E-09 1.53001E-09 1.43717E-09 1.30215E-09 1.21279E-09 1.13515E-09 1.00619E-09 9.42578E-10 8.79248E-10 8.32762E-10 7.98753E-10 7.35936E-10 6.94537E-10 6.88075E-10 6.77265E-10 6.03542E-10 5.63493E-10 5.57142E-10 5.93258E-10 4.72695E-10 4.86008E-10 6.82130E-10 4.63212E-10 4.34939E-10 3.97961E-10 3.90701E-10 4.84862E-10 3.71804E-10
0.3 3.76422E-06 3.56937E-06 3.04452E-06 2.63368E-06 1.45729E-06 8.19314E-07 4.27789E-07 1.89216E-07 7.90230E-08 5.91046E-08 5.28750E-08 4.77827E-08 4.32162E-08 3.99018E-08 3.60510E-08 3.29677E-08 3.06224E-08 2.81443E-08 2.58925E-08 2.40184E-08 2.20700E-08 2.03757E-08 1.91868E-08 1.76985E-08 1.66377E-08 1.57346E-08 1.47014E-08 1.41143E-08 1.32283E-08 1.24362E-08 1.21756E-08 1.17733E-08 1.11203E-08 1.02122E-08 9.91541E-09 9.33190E-09 8.94368E-09 8.88637E-09 8.21936E-09 8.25276E-09 8.62723E-09 7.67585E-09 7.85576E-09 7.72757E-09 6.58222E-09 7.80816E-09 9.99322E-09
0.56 6.56397E-06 6.47422E-06 6.13679E-06 5.86737E-06 4.63639E-06 3.77310E-06 3.13257E-06 2.58794E-06 2.12978E-06 1.76291E-06 1.45041E-06 1.19464E-06 9.69906E-07 7.76773E-07 6.18228E-07 4.87983E-07 3.92090E-07 3.16992E-07 2.66769E-07 2.36462E-07 2.19964E-07 2.07243E-07 1.93761E-07 1.84253E-07 1.73413E-07 1.63413E-07 1.54912E-07 1.47206E-07 1.41557E-07 1.32945E-07 1.30095E-07 1.25061E-07 1.21151E-07 1.13415E-07 1.13959E-07 1.05689E-07 1.01914E-07 1.00156E-07 1.01386E-07 9.65317E-08 9.63697E-08 9.42570E-08 9.32923E-08 8.90032E-08 7.80815E-08 7.11134E-08 7.78182E-08
1.0 8.45912E-06 8.46136E-06 8.18970E-06 8.07255E-06 7.06002E-06 6.43771E-06 5.87985E-06 5.41086E-06 4.96034E-06 4.56776E-06 4.22299E-06 3.84681E-06 3.50789E-06 3.23550E-06 2.97761E-06 2.73712E-06 2.54160E-06 2.31742E-06 2.14847E-06 1.94953E-06 1.80665E-06 1.68962E-06 1.54715E-06 1.43257E-06 1.33191E-06 1.23130E-06 1.13859E-06 1.05260E-06 9.76397E-07 9.16819E-07 8.41746E-07 7.93358E-07 7.34253E-07 6.95575E-07 6.56898E-07 6.18746E-07 5.96706E-07 5.64501E-07 5.33819E-07 5.09058E-07 4.89451E-07 5.15199E-07 4.73124E-07 4.84573E-07 4.76321E-07 4.51319E-07 4.89600E-07
3.0 7.61928E-06 7.79559E-06 7.96681E-06 8.05387E-06 8.17036E-06 8.30573E-06 8.39900E-06 8.36066E-06 8.26267E-06 8.16900E-06 8.04057E-06 7.93256E-06 7.81189E-06 7.62019E-06 7.53441E-06 7.33516E-06 7.19860E-06 6.97556E-06 6.84123E-06 6.71154E-06 6.48820E-06 6.37509E-06 6.26671E-06 6.04330E-06 6.00810E-06 5.77067E-06 5.67324E-06 5.75593E-06 5.42101E-06 5.33213E-06 5.16360E-06 5.14952E-06 5.01810E-06 4.88435E-06 4.88136E-06 4.81304E-06 4.67595E-06 4.78888E-06 4.76193E-06 4.54594E-06 4.58420E-06 4.51958E-06 4.50073E-06 4.92697E-06 4.51132E-06 4.41390E-06 4.35282E-06
10.0 1.11688E-05 1.15758E-05 1.22401E-05 1.25147E-05 1.36001E-05 1.44899E-05 1.51132E-05 1.55591E-05 1.58600E-05 1.61264E-05 1.61333E-05 1.62603E-05 1.61945E-05 1.61611E-05 1.61897E-05 1.59676E-05 1.59282E-05 1.58646E-05 1.58977E-05 1.55747E-05 1.56758E-05 1.51957E-05 1.52610E-05 1.49970E-05 1.49142E-05 1.47030E-05 1.45397E-05 1.45241E-05 1.43271E-05 1.43136E-05 1.40004E-05 1.38700E-05 1.38461E-05 1.36622E-05 1.38511E-05 1.37255E-05 1.34143E-05 1.33687E-05 1.31697E-05 1.32650E-05 1.30963E-05 1.32861E-05 1.27013E-05 1.29656E-05 1.26217E-05 1.38156E-05 1.29476E-05
30.0 1.70996E-05 1.75910E-05 1.83966E-05 1.92321E-05 2.14685E-05 2.35928E-05 2.51416E-05 2.61714E-05 2.73989E-05 2.86502E-05 2.92836E-05 2.97818E-05 3.09088E-05 3.10470E-05 3.17006E-05 3.21538E-05 3.22621E-05 3.25054E-05 3.31785E-05 3.37193E-05 3.31195E-05 3.30817E-05 3.32353E-05 3.31499E-05 3.33513E-05 3.33693E-05 3.30342E-05 3.30549E-05 3.29110E-05 3.27753E-05 3.24584E-05 3.30852E-05 3.31216E-05 3.30837E-05 3.39098E-05 3.26367E-05 3.38239E-05 3.31721E-05 3.24034E-05 3.67116E-05 3.22493E-05 3.23443E-05 3.27517E-05 3.26702E-05 3.38161E-05 2.92592E-05 3.09146E-05
100.0 3.47694E-05 3.60544E-05 3.78086E-05 3.95820E-05 4.33723E-05 4.83983E-05 5.20997E-05 5.58745E-05 6.00879E-05 6.15619E-05 6.55700E-05 6.67476E-05 6.93097E-05 7.04379E-05 7.24652E-05 7.41052E-05 7.66642E-05 7.70405E-05 7.77129E-05 8.01029E-05 8.00927E-05 8.18616E-05 8.21507E-05 8.54641E-05 8.37179E-05 8.48143E-05 8.45640E-05 8.54446E-05 8.55661E-05 8.75802E-05 8.68131E-05 8.62972E-05 8.60159E-05 8.75911E-05 8.79753E-05 8.82416E-05 8.72671E-05 8.61042E-05 8.63645E-05 8.44779E-05 8.58210E-05 1.00427E-04 1.05517E-04 8.97492E-05 8.33000E-05 8.99083E-05 1.03713E-04
