Yield function of production of Ti44 by protons, neutrons, alphas, [(Ti44 atoms * cm2) / (g * prim. part. nucleon)] (computed with Geant4.10).
The primaries are protons.
Energy[GeV/nuc],depths[g/cm2]: 1 3 5 10 15 20 30 40 50 60 70 80 90 100 110 124.6
0.01 7.49991E-08 0.00000E+00 0.00000E+00 0.00000E+00 0.00000E+00 0.00000E+00 0.00000E+00 0.00000E+00 0.00000E+00 0.00000E+00 0.00000E+00 0.00000E+00 0.00000E+00 0.00000E+00 0.00000E+00 0.00000E+00
0.03 1.45049E-07 2.90452E-09 5.88503E-13 5.54764E-13 5.03116E-13 2.83498E-13 1.90883E-13 1.62675E-13 1.04034E-13 6.48905E-14 4.99106E-14 3.49129E-14 3.86145E-14 4.98917E-14 4.97596E-14 1.32539E-13
0.1 3.15474E-07 3.16286E-07 2.74780E-07 2.03168E-07 3.35124E-09 2.93564E-09 2.65690E-09 2.20101E-09 1.98999E-09 1.70546E-09 1.63118E-09 1.37909E-09 1.31094E-09 1.14505E-09 1.66802E-09 6.07797E-10
0.18 2.93904E-07 3.05970E-07 2.79021E-07 2.62221E-07 2.21928E-07 1.75749E-07 1.19553E-07 1.98032E-08 1.75125E-08 1.61060E-08 1.46839E-08 1.36334E-08 1.31967E-08 1.27605E-08 1.26788E-08 1.24732E-08
0.3 3.04636E-07 3.14859E-07 3.29575E-07 3.19528E-07 3.10389E-07 2.92183E-07 2.61985E-07 2.32444E-07 1.89379E-07 1.44568E-07 8.79497E-08 5.91737E-08 5.86500E-08 5.21367E-08 5.10021E-08 5.19307E-08
0.56 3.38910E-07 3.57808E-07 3.68298E-07 3.93023E-07 3.94094E-07 4.07742E-07 4.08081E-07 4.16722E-07 4.16911E-07 4.20813E-07 4.27281E-07 4.43076E-07 4.08854E-07 4.15924E-07 4.22028E-07 4.08646E-07
1.0 3.85064E-07 4.09531E-07 4.40858E-07 4.50548E-07 4.84940E-07 5.24259E-07 5.29562E-07 5.43650E-07 5.65548E-07 6.00397E-07 5.95934E-07 5.97551E-07 5.82138E-07 6.00428E-07 6.08334E-07 5.76055E-07
3.0 5.61221E-07 5.94237E-07 6.33636E-07 6.62306E-07 7.25504E-07 7.97030E-07 8.16143E-07 8.73739E-07 9.29555E-07 9.50638E-07 1.08276E-06 1.03771E-06 1.11308E-06 1.04979E-06 1.04634E-06 1.09155E-06
10.0 1.11288E-06 1.20258E-06 1.30002E-06 1.38113E-06 1.58221E-06 1.61775E-06 1.69588E-06 1.90216E-06 2.03059E-06 2.11750E-06 2.19334E-06 2.22364E-06 2.20562E-06 2.15653E-06 2.19407E-06 2.28270E-06
30.0 1.54322E-06 1.62938E-06 1.78427E-06 1.87680E-06 2.09997E-06 2.23656E-06 2.44439E-06 2.68243E-06 2.99699E-06 3.07409E-06 3.19707E-06 3.44648E-06 3.46901E-06 3.62780E-06 4.83300E-06 3.45752E-06
100.0 2.76567E-06 2.95965E-06 3.22847E-06 3.32217E-06 3.92864E-06 4.06934E-06 4.35262E-06 4.78619E-06 5.13369E-06 5.75588E-06 5.92340E-06 6.14061E-06 6.47307E-06 6.71024E-06 6.83375E-06 6.82296E-06
