Yield function of production of Ti44 by protons, neutrons, alphas, [(Ti44 atoms * cm2) / (g * prim. part. nucleon)] (computed with Geant4.10).
The primaries are protons.
Energy[GeV/nuc],depths[g/cm2]: 1 3 5 10 15 20 30 40 50 60 70 80 90 100 110 124.6
0.01 7.49991E-08 0.00000E+00 0.00000E+00 0.00000E+00 0.00000E+00 0.00000E+00 0.00000E+00 0.00000E+00 0.00000E+00 0.00000E+00 0.00000E+00 0.00000E+00 0.00000E+00 0.00000E+00 0.00000E+00 0.00000E+00
0.03 1.45049E-07 2.90452E-09 5.88503E-13 5.54764E-13 5.03116E-13 2.83498E-13 1.90883E-13 1.62675E-13 1.04034E-13 6.48905E-14 4.99106E-14 3.49129E-14 3.86145E-14 4.98917E-14 4.97596E-14 1.32539E-13
0.1 3.15474E-07 3.16286E-07 2.74780E-07 2.03168E-07 3.35124E-09 2.93564E-09 2.65690E-09 2.20101E-09 1.98999E-09 1.70546E-09 1.63118E-09 1.37909E-09 1.31094E-09 1.14505E-09 1.66802E-09 6.07797E-10
0.18 2.93904E-07 3.05970E-07 2.79021E-07 2.62221E-07 2.21928E-07 1.75749E-07 1.19553E-07 1.98032E-08 1.75125E-08 1.61060E-08 1.46839E-08 1.36334E-08 1.31967E-08 1.27605E-08 1.26788E-08 1.24732E-08
0.3 3.07285E-07 3.16751E-07 3.31652E-07 3.25424E-07 3.10395E-07 2.92988E-07 2.62027E-07 2.32444E-07 1.89379E-07 1.44568E-07 8.79497E-08 5.91737E-08 5.86500E-08 5.21367E-08 5.10021E-08 5.19307E-08
0.56 1.40515E-06 1.73087E-06 2.00258E-06 2.13993E-06 3.31298E-06 2.07673E-06 2.21403E-06 1.57488E-06 1.17238E-06 1.10129E-06 9.66887E-07 7.32478E-07 7.59371E-07 5.14386E-07 4.50386E-07 4.12652E-07
1.0 9.03122E-06 1.19786E-05 1.46856E-05 1.65334E-05 1.94654E-05 1.89860E-05 1.87316E-05 2.25818E-05 1.72643E-05 3.87698E-05 1.98082E-05 1.73675E-05 1.43917E-05 1.79634E-05 1.33906E-05 1.45398E-05
3.0 4.71647E-05 5.60542E-05 6.25165E-05 6.96436E-05 8.56708E-05 8.69137E-05 1.14223E-04 1.03458E-04 1.16707E-04 1.09588E-04 1.03199E-04 1.07338E-04 1.15475E-04 1.52058E-04 9.99713E-05 1.15687E-04
10.0 1.65203E-04 1.85806E-04 2.15718E-04 2.38212E-04 2.67908E-04 2.89921E-04 3.39840E-04 3.52806E-04 3.73185E-04 3.78656E-04 4.05009E-04 4.76396E-04 4.59064E-04 5.37570E-04 4.15062E-04 3.67814E-04
30.0 3.74124E-04 4.14191E-04 4.60068E-04 5.52114E-04 5.65548E-04 6.08482E-04 6.89066E-04 7.33665E-04 8.36390E-04 9.61971E-04 9.08302E-04 9.26704E-04 9.23040E-04 1.02072E-03 9.79020E-04 1.02489E-03
100.0 8.85320E-04 9.69647E-04 1.03516E-03 1.13764E-03 1.31594E-03 1.40152E-03 1.57270E-03 1.73157E-03 1.80681E-03 1.83491E-03 1.98076E-03 2.23807E-03 2.08067E-03 2.48813E-03 2.02729E-03 2.13621E-03
