Yield function of production of Ti44 by protons, neutrons, alphas, pi+ and pi-, [(Ti44 atoms * cm2) / (g * prim. part. nucleon)] (computed with Geant4.10).
The primaries are alphas.
Energy[GeV/nuc],depths[g/cm2]: 1 3 5 10 15 20 30 40 50 60 70 80 90 100 110 124.6
0.01 1.75479E-04 2.08037E-07 1.84864E-07 1.76571E-07 1.72896E-07 1.64943E-07 1.62873E-07 1.54796E-07 1.42257E-07 1.38841E-07 1.14689E-07 1.03397E-07 1.20741E-07 7.57270E-08 9.94511E-08 3.09532E-07
0.03 1.79236E-04 2.70512E-05 3.11567E-06 3.01783E-06 2.96700E-06 2.98500E-06 2.97989E-06 2.91757E-06 2.79764E-06 2.65575E-06 2.46798E-06 2.28190E-06 2.15063E-06 2.08386E-06 1.76423E-06 1.89267E-06
0.1 3.06259E-04 2.82984E-04 2.36420E-04 1.89069E-04 8.36814E-05 8.38311E-05 8.55084E-05 8.93670E-05 9.07143E-05 8.98026E-05 8.60514E-05 8.30045E-05 8.08956E-05 7.89851E-05 7.65404E-05 8.23861E-05
0.18 3.91691E-04 4.08324E-04 4.19591E-04 4.21863E-04 4.23837E-04 4.18142E-04 3.95341E-04 3.66054E-04 3.75084E-04 3.77763E-04 3.78047E-04 3.77187E-04 3.77890E-04 3.63471E-04 3.46303E-04 3.53958E-04
0.3 2.83019E-04 3.75074E-04 4.92443E-04 6.23141E-04 7.81171E-04 8.70170E-04 9.34537E-04 1.05608E-03 1.13146E-03 1.16994E-03 1.19681E-03 1.20066E-03 1.21053E-03 1.20692E-03 1.25701E-03 1.24291E-03
0.56 5.00257E-04 6.04016E-04 7.47729E-04 8.67838E-04 1.16237E-03 1.41191E-03 1.62766E-03 2.02420E-03 2.34071E-03 2.55003E-03 2.79303E-03 2.95768E-03 3.12345E-03 3.17361E-03 3.26777E-03 3.38235E-03
1.0 8.26122E-04 9.96826E-04 1.24804E-03 1.44014E-03 1.90698E-03 2.31732E-03 2.69165E-03 3.31964E-03 3.90581E-03 4.36397E-03 4.72876E-03 4.94121E-03 5.17507E-03 5.44545E-03 5.36746E-03 5.43910E-03
3.0 1.75424E-03 2.11166E-03 2.64121E-03 3.02448E-03 4.02573E-03 4.92060E-03 5.70984E-03 7.17078E-03 8.36202E-03 9.47097E-03 1.03370E-02 1.08933E-02 1.14015E-02 1.17609E-02 1.18855E-02 1.26173E-02
10.0 4.15990E-03 4.93231E-03 6.04643E-03 7.16757E-03 9.29103E-03 1.12237E-02 1.31730E-02 1.65189E-02 1.94293E-02 2.15905E-02 2.36738E-02 2.51742E-02 2.66461E-02 2.76356E-02 2.76509E-02 2.74834E-02
30.0 7.90470E-03 9.30431E-03 1.15315E-02 1.33157E-02 1.73668E-02 2.12880E-02 2.48170E-02 3.13539E-02 3.65703E-02 4.10282E-02 4.52076E-02 4.82556E-02 4.98419E-02 5.31703E-02 5.38155E-02 5.33954E-02
100.0 1.59952E-02 1.85149E-02 2.28501E-02 2.63130E-02 3.41905E-02 4.14037E-02 4.94480E-02 6.29647E-02 7.27677E-02 8.29023E-02 9.15918E-02 9.95351E-02 1.03945E-01 1.08641E-01 1.09584E-01 1.08081E-01
