Yield function of production of Ti44 by protons, neutrons, alphas, pi+ and pi-, [(Ti44 atoms * cm2) / (g * prim. part. nucleon)] (computed with Geant4.10).
The primaries are protons.
Energy[GeV/nuc],depths[g/cm2]: 1 3 5 10 15 20 30 40 50 60 70 80 90 100 110 124.6
0.01 1.06243E-04 2.42054E-08 1.97419E-08 1.89612E-08 1.76972E-08 1.71364E-08 1.61001E-08 1.44562E-08 1.13391E-08 8.76221E-09 1.12260E-08 7.18102E-09 4.49438E-09 5.81477E-09 4.13820E-09 3.65746E-09
0.03 1.07817E-04 1.37299E-05 3.73985E-07 3.49268E-07 3.32432E-07 3.24613E-07 3.26617E-07 2.96903E-07 2.70674E-07 2.44707E-07 2.42461E-07 2.00003E-07 1.87244E-07 1.74868E-07 1.60995E-07 1.20912E-07
0.1 1.20189E-04 1.09393E-04 8.63835E-05 6.38658E-05 1.22277E-05 1.23195E-05 1.25795E-05 1.21591E-05 1.17627E-05 1.10137E-05 1.06716E-05 9.83677E-06 9.48186E-06 7.93347E-06 8.20830E-06 7.13339E-06
0.18 3.12041E-05 4.82443E-05 5.90557E-05 7.07487E-05 9.99890E-05 1.04173E-04 8.52582E-05 5.92712E-05 5.81347E-05 5.69660E-05 5.53421E-05 5.26689E-05 5.11848E-05 4.90743E-05 4.82539E-05 5.02527E-05
0.3 5.74944E-05 7.12608E-05 8.78327E-05 1.02378E-04 1.36089E-04 1.59327E-04 1.76135E-04 2.07114E-04 2.20483E-04 2.25980E-04 2.05976E-04 1.99780E-04 1.90032E-04 1.94436E-04 1.89427E-04 1.79352E-04
0.56 1.17868E-04 1.42292E-04 1.77455E-04 2.12205E-04 2.74851E-04 3.28335E-04 3.82965E-04 4.65517E-04 5.31210E-04 5.86024E-04 6.27073E-04 6.59896E-04 6.77571E-04 7.13198E-04 7.18073E-04 7.07283E-04
1.0 2.03676E-04 2.46331E-04 3.07268E-04 3.59896E-04 4.81202E-04 5.74701E-04 6.56943E-04 8.26642E-04 9.33855E-04 1.04668E-03 1.12089E-03 1.19411E-03 1.23685E-03 1.27221E-03 1.27081E-03 1.29096E-03
3.0 4.32396E-04 5.21220E-04 6.39861E-04 7.51859E-04 1.00077E-03 1.20184E-03 1.42779E-03 1.74353E-03 2.04000E-03 2.24905E-03 2.43425E-03 2.58179E-03 2.74249E-03 2.86532E-03 2.81933E-03 2.96698E-03
10.0 1.10611E-03 1.31910E-03 1.60973E-03 1.87799E-03 2.46621E-03 2.97706E-03 3.52142E-03 4.32854E-03 5.08716E-03 5.64057E-03 6.11078E-03 6.49840E-03 6.79647E-03 7.11103E-03 7.14824E-03 7.34691E-03
30.0 1.85878E-03 2.18750E-03 2.66410E-03 3.17022E-03 4.08570E-03 4.92624E-03 5.82029E-03 7.31350E-03 8.60998E-03 9.79880E-03 1.06241E-02 1.13994E-02 1.18515E-02 1.24402E-02 1.28590E-02 1.29045E-02
100.0 3.76547E-03 4.44379E-03 5.32368E-03 6.15410E-03 8.16600E-03 9.80675E-03 1.16384E-02 1.44062E-02 1.67832E-02 1.90314E-02 2.08222E-02 2.25690E-02 2.37725E-02 2.44517E-02 2.47286E-02 2.58349E-02
