Yield function of production of Ti44 by protons, neutrons, alphas, [(Ti44 atoms * cm2) / (g * prim. part. nucleon)] (computed with Geant4.10).
The primaries are alphas.
Energy[GeV/nuc],depths[g/cm2]: 1 3 5 10 15 20 30 40 50 60 70 80 90 100 110 124.6
0.01 7.93020E-07 6.80046E-13 4.68855E-13 4.74330E-13 2.63558E-13 2.09177E-13 1.55424E-13 1.36061E-13 6.35141E-14 1.00644E-13 3.74128E-14 1.61206E-16 2.98626E-16 0.00000E+00 0.00000E+00 0.00000E+00
0.03 4.42068E-07 3.55145E-08 8.57686E-10 7.59823E-10 5.98756E-10 5.28462E-10 5.53465E-10 3.72424E-10 3.52323E-10 2.73440E-10 2.47550E-10 2.74354E-10 1.99190E-10 2.02260E-10 2.01045E-10 1.43031E-10
0.1 3.18709E-07 3.18178E-07 2.79803E-07 2.28680E-07 4.81200E-08 4.03223E-08 3.62489E-08 3.18759E-08 2.89356E-08 2.64359E-08 2.36249E-08 2.26949E-08 2.24796E-08 1.95059E-08 1.96543E-08 1.59054E-08
0.18 3.42101E-07 3.79158E-07 4.00973E-07 3.91583E-07 3.69499E-07 3.30039E-07 2.78926E-07 1.74072E-07 1.57575E-07 1.45758E-07 1.40277E-07 1.38654E-07 1.25225E-07 1.22961E-07 1.19179E-07 1.09902E-07
0.3 4.82479E-07 6.13901E-07 5.89586E-07 6.39191E-07 7.04157E-07 7.30906E-07 6.84936E-07 6.70693E-07 6.48911E-07 6.02072E-07 5.19850E-07 5.05539E-07 4.64401E-07 4.60087E-07 4.55131E-07 4.50310E-07
0.56 4.76642E-06 5.78209E-06 7.38024E-06 8.16071E-06 1.19585E-05 8.39583E-06 7.59792E-06 7.52808E-06 6.72875E-06 5.15551E-06 4.81782E-06 4.19146E-06 9.03785E-06 4.31770E-06 3.58060E-06 2.84859E-06
1.0 3.80743E-05 4.20099E-05 5.94257E-05 5.74923E-05 6.47199E-05 8.66501E-05 7.46830E-05 7.45181E-05 8.97110E-05 7.71976E-05 7.43669E-05 6.74535E-05 7.12702E-05 7.13144E-05 7.32819E-05 5.95637E-05
3.0 1.78078E-04 2.20533E-04 2.56762E-04 2.66104E-04 3.10904E-04 3.48800E-04 3.53408E-04 4.32509E-04 4.10607E-04 4.93003E-04 4.44586E-04 4.26253E-04 4.14951E-04 4.38995E-04 4.14005E-04 4.39187E-04
10.0 6.87369E-04 7.60714E-04 8.70938E-04 1.03051E-03 1.12229E-03 1.21945E-03 1.35841E-03 1.41240E-03 1.57063E-03 1.57006E-03 1.68363E-03 1.70262E-03 1.79861E-03 1.78513E-03 1.71600E-03 1.83920E-03
30.0 1.62148E-03 1.77626E-03 2.12441E-03 2.21311E-03 2.51900E-03 2.81981E-03 3.01101E-03 3.42008E-03 3.58128E-03 3.81683E-03 3.86623E-03 4.29075E-03 3.99100E-03 4.09761E-03 3.74932E-03 4.15124E-03
100.0 3.67071E-03 3.83229E-03 4.20842E-03 4.49676E-03 5.08233E-03 5.59906E-03 6.35508E-03 7.75314E-03 7.43865E-03 8.80528E-03 7.80661E-03 8.75178E-03 8.82373E-03 1.04569E-02 9.20656E-03 8.71672E-03
