Yield function of production of Ti44 by protons, neutrons, alphas, [(Ti44 atoms * cm2) / (g * prim. part. nucleon)] (computed with Geant4.10).
The primaries are alphas.
Energy[GeV/nuc],depths[g/cm2]: 1 3 5 10 15 20 30 40 50 60 70 80 90 100 110 124.6
0.01 7.93020E-07 6.80046E-13 4.68855E-13 4.74330E-13 2.63558E-13 2.09177E-13 1.55424E-13 1.36061E-13 6.35141E-14 1.00644E-13 3.74128E-14 1.61206E-16 2.98626E-16 0.00000E+00 0.00000E+00 0.00000E+00
0.03 4.42068E-07 3.55145E-08 8.57686E-10 7.59823E-10 5.98756E-10 5.28462E-10 5.53465E-10 3.72424E-10 3.52323E-10 2.73440E-10 2.47550E-10 2.74354E-10 1.99190E-10 2.02260E-10 2.01045E-10 1.43031E-10
0.1 3.18709E-07 3.18178E-07 2.79803E-07 2.28680E-07 4.81200E-08 4.03223E-08 3.62489E-08 3.18759E-08 2.89356E-08 2.64359E-08 2.36249E-08 2.26949E-08 2.24796E-08 1.95059E-08 1.96543E-08 1.59054E-08
0.18 3.42101E-07 3.79158E-07 4.00973E-07 3.91583E-07 3.69499E-07 3.30039E-07 2.78926E-07 1.74072E-07 1.57575E-07 1.45758E-07 1.40277E-07 1.38654E-07 1.25225E-07 1.22961E-07 1.19179E-07 1.09902E-07
0.3 4.75795E-07 5.49537E-07 5.66962E-07 6.07639E-07 6.59015E-07 6.86153E-07 6.74074E-07 6.62556E-07 6.32385E-07 5.86830E-07 5.13523E-07 4.92150E-07 4.64401E-07 4.59897E-07 4.55131E-07 4.50310E-07
0.56 8.30707E-07 9.15104E-07 9.95371E-07 1.03317E-06 1.16589E-06 1.22982E-06 1.28109E-06 1.37175E-06 1.42773E-06 1.43835E-06 1.51274E-06 1.57671E-06 1.60328E-06 1.53194E-06 1.58796E-06 1.61368E-06
1.0 1.17542E-06 1.30454E-06 1.38415E-06 1.46802E-06 1.63590E-06 1.73476E-06 1.84248E-06 1.96259E-06 2.07030E-06 2.14120E-06 2.29474E-06 2.28615E-06 2.31205E-06 2.33230E-06 2.39824E-06 2.28536E-06
3.0 2.01269E-06 2.17099E-06 2.40283E-06 2.54407E-06 2.87978E-06 3.04004E-06 3.27992E-06 3.48753E-06 3.71412E-06 3.94436E-06 4.25517E-06 4.21192E-06 4.34094E-06 4.38443E-06 4.39809E-06 4.55844E-06
10.0 3.84902E-06 4.19215E-06 4.52842E-06 4.93456E-06 5.39607E-06 5.95138E-06 6.32211E-06 7.10852E-06 7.69731E-06 7.99313E-06 8.09028E-06 8.40413E-06 9.20212E-06 8.82507E-06 8.88409E-06 9.31368E-06
30.0 6.27646E-06 6.68783E-06 7.30109E-06 7.74288E-06 8.77129E-06 9.51262E-06 1.04690E-05 1.15464E-05 1.24778E-05 1.32829E-05 1.42576E-05 1.42694E-05 1.46655E-05 1.53163E-05 1.49728E-05 1.46075E-05
100.0 1.15082E-05 1.22420E-05 1.32162E-05 1.45852E-05 1.60618E-05 1.72990E-05 1.93235E-05 2.14420E-05 2.29285E-05 2.43077E-05 2.55005E-05 2.87946E-05 2.69037E-05 2.82772E-05 2.91698E-05 2.85431E-05
