Yield function of production of Ti44 by protons, neutrons, alphas, [(Ti44 atoms * cm2) / (g * prim. part. nucleon)] (computed with Geant4.10).
The primaries are alphas.
Energy[GeV/nuc],depths[g/cm2]: 1 3 5 10 15 20 30 40 50 60 70 80 90 100 110 124.6
0.01 1.75479E-04 2.08037E-07 1.84864E-07 1.76571E-07 1.72896E-07 1.64943E-07 1.62873E-07 1.54796E-07 1.42257E-07 1.38841E-07 1.14689E-07 1.03397E-07 1.20741E-07 7.57270E-08 9.94511E-08 3.09532E-07
0.03 1.79236E-04 2.70512E-05 3.11567E-06 3.01783E-06 2.96700E-06 2.98500E-06 2.97989E-06 2.91757E-06 2.79764E-06 2.65575E-06 2.46798E-06 2.28190E-06 2.15063E-06 2.08386E-06 1.76423E-06 1.89267E-06
0.1 3.06259E-04 2.82984E-04 2.36420E-04 1.89069E-04 8.36814E-05 8.38311E-05 8.55084E-05 8.93670E-05 9.07143E-05 8.98026E-05 8.60514E-05 8.30045E-05 8.08956E-05 7.89851E-05 7.65404E-05 8.23861E-05
0.18 3.91691E-04 4.08324E-04 4.19591E-04 4.21863E-04 4.23837E-04 4.18142E-04 3.95341E-04 3.66054E-04 3.75084E-04 3.77763E-04 3.78047E-04 3.77187E-04 3.77890E-04 3.63471E-04 3.46303E-04 3.53958E-04
0.3 2.83012E-04 3.75009E-04 4.92421E-04 6.23110E-04 7.81125E-04 8.70125E-04 9.34526E-04 1.05607E-03 1.13144E-03 1.16992E-03 1.19681E-03 1.20065E-03 1.21053E-03 1.20692E-03 1.25701E-03 1.24291E-03
0.56 4.96322E-04 5.99149E-04 7.41344E-04 8.60711E-04 1.15157E-03 1.40474E-03 1.62135E-03 2.01804E-03 2.33541E-03 2.54631E-03 2.78973E-03 2.95506E-03 3.11601E-03 3.17082E-03 3.26578E-03 3.38111E-03
1.0 7.89223E-04 9.56121E-04 1.18999E-03 1.38412E-03 1.84390E-03 2.23240E-03 2.61881E-03 3.24708E-03 3.81817E-03 4.28892E-03 4.65668E-03 4.87604E-03 5.10611E-03 5.37647E-03 5.29657E-03 5.38182E-03
3.0 1.57817E-03 1.89330E-03 2.38685E-03 2.76092E-03 3.71771E-03 4.57484E-03 5.35972E-03 6.74176E-03 7.95512E-03 8.98191E-03 9.89669E-03 1.04713E-02 1.09909E-02 1.13263E-02 1.14758E-02 1.21827E-02
10.0 3.47638E-03 4.17579E-03 5.18002E-03 6.14200E-03 8.17413E-03 1.00102E-02 1.18209E-02 1.51136E-02 1.78664E-02 2.00284E-02 2.19982E-02 2.34800E-02 2.48567E-02 2.58593E-02 2.59438E-02 2.56535E-02
30.0 6.28950E-03 7.53473E-03 9.41443E-03 1.11104E-02 1.48566E-02 1.84777E-02 2.18165E-02 2.79453E-02 3.30015E-02 3.72246E-02 4.13556E-02 4.39792E-02 4.58656E-02 4.90881E-02 5.00812E-02 4.92588E-02
100.0 1.23360E-02 1.46949E-02 1.86549E-02 2.18308E-02 2.91242E-02 3.58220E-02 4.31123E-02 5.52330E-02 6.53519E-02 7.41213E-02 8.38107E-02 9.08121E-02 9.51478E-02 9.82124E-02 1.00407E-01 9.93925E-02
