Yield function of production of Ti44 by protons, neutrons, alphas, pi+ and pi-, [(Ti44 atoms * cm2) / (g * prim. part. nucleon)] (computed with Geant4.10).
The primaries are alphas.
Energy[GeV/nuc],depths[g/cm2]: 1 3 5 10 15 20 30 40 50 60 70 80 90 100 110 120 130 140 150 160 170 186
0.01 3.62308E-06 8.11986E-15 4.22507E-15 3.30611E-15 2.64197E-15 2.98470E-15 4.37286E-15 0.00000E+00 0.00000E+00 0.00000E+00 0.00000E+00 0.00000E+00 0.00000E+00 0.00000E+00 0.00000E+00 0.00000E+00 0.00000E+00 0.00000E+00 0.00000E+00 0.00000E+00 0.00000E+00 0.00000E+00
0.03 1.34022E-05 1.93466E-07 1.09225E-10 9.20466E-11 7.33705E-11 6.22310E-11 5.79722E-11 4.88381E-11 4.13220E-11 3.32645E-11 2.82554E-11 2.28711E-11 2.14759E-11 2.10351E-11 1.91620E-11 1.48603E-11 1.54918E-11 1.82933E-11 1.69759E-11 6.71771E-12 5.77882E-12 8.95597E-12
0.1 1.55861E-05 1.40841E-05 1.05303E-05 7.01886E-06 3.04694E-08 2.52815E-08 2.24808E-08 1.96201E-08 1.73766E-08 1.66657E-08 1.50511E-08 1.40996E-08 1.28734E-08 1.24340E-08 1.08519E-08 1.02707E-08 1.08511E-08 1.18426E-08 1.10888E-08 7.91128E-09 1.04956E-08 8.15842E-09
0.18 1.25532E-05 1.20153E-05 1.09222E-05 1.01237E-05 8.09990E-06 5.90135E-06 3.52265E-06 2.63905E-07 2.22895E-07 2.14063E-07 1.91037E-07 1.83098E-07 1.66509E-07 1.65282E-07 1.51906E-07 1.61497E-07 1.67243E-07 1.31006E-07 1.24827E-07 1.22180E-07 1.33504E-07 1.43667E-07
0.3 1.44531E-05 1.36723E-05 1.30650E-05 1.24667E-05 1.05133E-05 9.17660E-06 8.19619E-06 6.45997E-06 4.98983E-06 3.66097E-06 2.12566E-06 1.40646E-06 1.36139E-06 1.27168E-06 1.22455E-06 1.14686E-06 1.10368E-06 1.10056E-06 1.03747E-06 1.01632E-06 1.10743E-06 8.59450E-07
0.56 1.75483E-05 1.77146E-05 1.77185E-05 1.77583E-05 1.78750E-05 1.79587E-05 1.76328E-05 1.67763E-05 1.55840E-05 1.50477E-05 1.43037E-05 1.31789E-05 1.26789E-05 1.22969E-05 1.13187E-05 1.06148E-05 1.01444E-05 1.00493E-05 9.84573E-06 9.58089E-06 9.39477E-06 7.83076E-06
1.0 2.39638E-05 2.46787E-05 2.56171E-05 2.63837E-05 2.74795E-05 2.86400E-05 2.93928E-05 2.92207E-05 2.99589E-05 2.98531E-05 3.05137E-05 3.03900E-05 3.01467E-05 3.00896E-05 2.93787E-05 2.86446E-05 2.93108E-05 2.90453E-05 2.70169E-05 2.72911E-05 2.75093E-05 2.88900E-05
3.0 3.67050E-05 3.84005E-05 4.06505E-05 4.25206E-05 4.48762E-05 4.73755E-05 4.98573E-05 5.25916E-05 5.38633E-05 5.57275E-05 5.62821E-05 5.83467E-05 5.88814E-05 5.86746E-05 5.94107E-05 6.04397E-05 5.97330E-05 6.21010E-05 5.78601E-05 5.90249E-05 6.11733E-05 5.45480E-05
10.0 5.57483E-05 5.86417E-05 6.22172E-05 6.66202E-05 7.17396E-05 7.56270E-05 7.80791E-05 8.37722E-05 8.87758E-05 9.46132E-05 9.51792E-05 9.91307E-05 1.00807E-04 1.01347E-04 1.05166E-04 1.08060E-04 1.07959E-04 1.10703E-04 1.16014E-04 1.09169E-04 1.13886E-04 1.22687E-04
30.0 8.70753E-05 9.02157E-05 9.46471E-05 1.00105E-04 1.07551E-04 1.15415E-04 1.20834E-04 1.32047E-04 1.38609E-04 1.45152E-04 1.57345E-04 1.59362E-04 1.62600E-04 1.70142E-04 1.72682E-04 1.73088E-04 1.79365E-04 1.79574E-04 1.86300E-04 2.03949E-04 2.16536E-04 2.22566E-04
100.0 1.41320E-04 1.46633E-04 1.57133E-04 1.76266E-04 1.85399E-04 1.95421E-04 2.04450E-04 2.27801E-04 2.54987E-04 2.67198E-04 2.79106E-04 2.81939E-04 2.92820E-04 3.17539E-04 3.29838E-04 3.31439E-04 3.50030E-04 3.34051E-04 3.03804E-04 3.18235E-04 3.11903E-04 2.69086E-04
