Yield function of production of Ti44 by protons, neutrons, alphas, pi+ and pi-, [(Ti44 atoms * cm2) / (g * prim. part. nucleon)] (computed with Geant4.10).
The primaries are protons.
Energy[GeV/nuc],depths[g/cm2]: 1 3 5 10 15 20 30 40 50 60 70 80 90 100 110 120 130 140 150 160 170 186
0.01 0.00000E+00 0.00000E+00 0.00000E+00 0.00000E+00 0.00000E+00 0.00000E+00 0.00000E+00 0.00000E+00 0.00000E+00 0.00000E+00 0.00000E+00 0.00000E+00 0.00000E+00 0.00000E+00 0.00000E+00 0.00000E+00 0.00000E+00 0.00000E+00 0.00000E+00 0.00000E+00 0.00000E+00 0.00000E+00
0.03 9.85676E-09 0.00000E+00 0.00000E+00 0.00000E+00 0.00000E+00 0.00000E+00 0.00000E+00 0.00000E+00 0.00000E+00 0.00000E+00 0.00000E+00 0.00000E+00 0.00000E+00 0.00000E+00 0.00000E+00 0.00000E+00 0.00000E+00 0.00000E+00 0.00000E+00 0.00000E+00 0.00000E+00 0.00000E+00
0.1 6.44891E-07 2.65166E-07 5.84029E-08 2.45610E-08 3.92549E-10 3.36042E-10 2.93542E-10 2.43234E-10 2.13132E-10 1.61873E-10 1.49051E-10 1.26659E-10 1.26745E-10 1.00474E-10 1.00989E-10 9.58693E-11 6.97581E-11 7.46966E-11 7.18306E-11 7.46861E-11 1.54447E-10 1.53042E-10
0.18 2.34354E-06 1.71631E-06 1.31767E-06 9.72564E-07 4.47691E-07 1.61278E-07 3.38187E-08 1.26774E-08 1.16727E-08 1.02943E-08 9.42452E-09 8.60553E-09 8.07780E-09 7.30214E-09 6.82276E-09 6.28718E-09 5.91716E-09 5.47117E-09 5.90908E-09 4.73806E-09 4.60666E-09 9.43147E-09
0.3 5.09027E-06 5.03805E-06 4.26629E-06 3.63661E-06 2.74224E-06 2.10051E-06 1.62408E-06 9.13721E-07 4.66485E-07 2.01385E-07 1.22544E-07 1.05550E-07 1.05116E-07 9.63653E-08 8.87568E-08 9.29069E-08 8.94380E-08 9.17773E-08 8.54933E-08 8.57476E-08 6.44983E-08 1.01287E-07
0.56 9.12504E-06 9.62065E-06 8.96016E-06 8.55260E-06 7.82793E-06 7.11589E-06 6.72685E-06 5.97196E-06 5.19829E-06 4.27611E-06 3.97601E-06 3.27205E-06 2.66758E-06 2.37827E-06 2.02503E-06 1.67811E-06 1.46373E-06 1.31917E-06 1.03072E-06 8.54624E-07 7.52375E-07 6.91679E-07
1.0 1.27083E-05 1.27323E-05 1.24998E-05 1.23422E-05 1.18802E-05 1.16753E-05 1.11919E-05 1.08894E-05 1.01084E-05 9.58361E-06 9.17416E-06 9.05201E-06 8.51697E-06 8.22124E-06 7.99763E-06 7.56552E-06 7.47852E-06 7.24219E-06 6.62253E-06 6.53436E-06 7.17890E-06 6.59587E-06
3.0 1.25622E-05 1.25566E-05 1.32772E-05 1.32347E-05 1.35933E-05 1.38009E-05 1.42941E-05 1.45158E-05 1.47399E-05 1.48282E-05 1.51467E-05 1.49787E-05 1.51970E-05 1.49559E-05 1.49611E-05 1.51702E-05 1.53772E-05 1.54902E-05 1.52116E-05 1.58502E-05 1.44729E-05 1.49208E-05
10.0 1.72803E-05 1.79029E-05 1.85333E-05 1.92824E-05 2.00799E-05 2.04494E-05 2.09586E-05 2.24222E-05 2.26614E-05 2.49850E-05 2.51747E-05 2.53536E-05 2.51832E-05 2.57950E-05 2.60025E-05 2.57949E-05 2.55853E-05 2.61149E-05 2.49545E-05 2.67085E-05 2.88862E-05 2.73562E-05
30.0 2.42308E-05 2.48950E-05 2.65308E-05 2.67151E-05 2.84500E-05 2.94877E-05 3.09621E-05 3.27861E-05 3.46598E-05 3.71195E-05 3.87604E-05 3.96209E-05 4.30047E-05 4.08132E-05 4.19872E-05 4.23856E-05 4.56409E-05 4.17044E-05 4.38918E-05 4.54907E-05 4.16850E-05 4.39247E-05
100.0 4.10004E-05 4.15525E-05 4.32621E-05 4.53074E-05 4.71357E-05 5.15655E-05 5.23881E-05 5.55763E-05 5.92659E-05 6.48996E-05 6.68574E-05 6.87988E-05 7.06867E-05 7.08277E-05 7.42371E-05 7.84738E-05 8.00842E-05 7.65469E-05 8.07442E-05 7.11686E-05 7.18771E-05 7.34166E-05
