0 0.8942013201584104
4 0.8910726840900411
8 0.8879705976913154
12 0.884894651009764
16 0.8818444442466901
20 0.878819587364258
24 0.8758196997175147
28 0.8728444097086284
32 0.8698933544611084
36 0.8669661795121234
40 0.8640625385213131
44 0.8611820929947113
48 0.8583245120225736
52 0.8554894720300527
56 0.8526766565397766
60 0.8498857559454985
64 0.847116467296064
68 0.8443684940890156
72 0.8416415460732283
76 0.8389353390600117
80 0.8362495947421731
84 0.8335840405205708
88 0.8309384093377367
92 0.8283124395181646
96 0.8257058746149066
100 0.8231184632621354
104 0.8205499590333617
108 0.8180001203050167
112 0.8154687101251246
116 0.8129554960868168
120 0.8104602502064494
124 0.8079827488061013
128 0.8055227724002505
132 0.8030801055864268
136 0.8006545369396684
140 0.798245858910599
144 0.7958538677269739
148 0.7934783632985346
152 0.7911191491250339
156 0.7887760322072921
160 0.7864488229611574
164 0.7841373351342462
168 0.7818413857253532
172 0.7795607949064174
176 0.7772953859469416
180 0.7750449851407699
184 0.7728094217351253
188 0.7705885278618226
192 0.7683821384705707
196 0.7661900912642824
200 0.7640122266363197
204 0.761848387609596
208 0.7596984197774702
212 0.7575621712463652
216 0.7554394925800458
220 0.7533302367454993
224 0.7512342590603556
228 0.7491514171417999
232 0.7470815708569153
236 0.7450245822744136
240 0.7429803156177021
244 0.7409486372192378
248 0.7389294154761318
252 0.7369225208069544
256 0.7349278256097039
260 0.7329452042208994
264 0.7309745328757615
268 0.7290156896694414
272 0.7270685545192687
276 0.7251330091279811
280 0.7232089369479051
284 0.7212962231460611
288 0.7193947545701562
292 0.717504419715442
296 0.7156251086924101
300 0.7137567131952964
304 0.7118991264713704
308 0.7100522432909877
312 0.7082159599183768
316 0.7063901740831454
320 0.704574784952476
324 0.702769693103999
328 0.7009748004993137
332 0.6991900104581483
336 0.6974152276331297
340 0.6956503579851536
344 0.6938953087593327
348 0.6921499884615074
352 0.6904143068353044
356 0.6886881748397248
360 0.6869715046272485
364 0.6852642095224409
368 0.6835662040010454
372 0.6818774036695492
376 0.6801977252452126
380 0.6785270865365416
384 0.6768654064241999
388 0.6752126048423416
392 0.6735686027603576
396 0.6719333221650222
400 0.6703066860430309
404 0.668688618363915
408 0.66707904406333
412 0.6654778890267004
416 0.6638850800732167
420 0.6623005449401727
424 0.6607242122676352
428 0.6591560115834386
432 0.6575958732884929
436 0.6560437286424006
440 0.6544995097493712
444 0.6529631495444307
448 0.6514345817799118
452 0.6499137410122235
456 0.6484005625888917
460 0.6468949826358605
464 0.6453969380450547
468 0.643906366462189
472 0.6424232062748244
476 0.640947396600663
480 0.6394788772760737
484 0.6380175888448475
488 0.6365634725471728
492 0.6351164703088288
496 0.6336765247305876
500 0.6322435790778246
504 0.6308175772703299
508 0.6293984638723156
512 0.6279861840826146
516 0.6265806837250698
520 0.6251819092391021
524 0.6237898076704608
528 0.6224043266621471
532 0.6210254144455086
536 0.6196530198315015
540 0.6182870922021146
544 0.6169275815019533
548 0.6155744382299793
552 0.6142276134314031
556 0.6128870586897247
560 0.6115527261189195
564 0.6102245683557683
568 0.6089025385523242
572 0.6075865903685175
576 0.6062766779648919
580 0.6049727559954742
584 0.6036747796007667
588 0.6023827044008685
592 0.6010964864887165
596 0.5998160824234466
600 0.5985414492238712
604 0.5972725443620713
608 0.5960093257571006
612 0.5947517517687992
616 0.5934997811917138
620 0.5922533732491229
624 0.5910124875871675
628 0.5897770842690773
632 0.5885471237695007
636 0.587322566968927
640 0.5861033751482071
644 0.5848895099831636
648 0.5836809335392925
652 0.5824776082665556
656 0.5812794969942564
660 0.5800865629260055
664 0.5788987696347657
668 0.5777160810579821
672 0.5765384614927895
676 0.5753658755913023
680 0.5741982883559772
684 0.5730356651350547
688 0.5718779716180741
692 0.5707251738314594
696 0.5695772381341787
700 0.5684341312134723
704 0.567295820080649
708 0.5661622720669508
712 0.565033454819482
716 0.5639093362972039
720 0.5627898847669927
724 0.5616750687997593
728 0.5605648572666302
732 0.5594592193351884
736 0.5583581244657727
740 0.5572615424078347
744 0.5561694431963529
748 0.5550817971483003
752 0.5539985748591698
756 0.5529197471995496
760 0.5518452853117526
764 0.5507751606064981
768 0.5497093447596418
772 0.5486478097089573
776 0.5475905276509656
780 0.546537471037812
784 0.5454886125741909
788 0.5444439252143155
792 0.5434033821589337
796 0.5423669568523882
800 0.5413346229797198
804 0.5403063544638137
808 0.5392821254625889
812 0.5382619103662273
816 0.5372456837944446
820 0.5362334205938005
824 0.5352250958350487
828 0.5342206848105252
832 0.5332201630315733
836 0.5322235062260079
840 0.5312306903356147
844 0.5302416915136857
848 0.5292564861225907
852 0.5282750507313819
856 0.5272973621134347
860 0.5263233972441197
864 0.5253531332985099
868 0.5243865476491185
872 0.5234236178636688
876 0.5224643217028968
880 0.521508637118383
884 0.5205565422504148
888 0.5196080154258786
892 0.518663035156182
896 0.5177215801352034
900 0.5167836292372712
904 0.5158491615151692
908 0.5149181561981715
912 0.5139905926901019
916 0.513066450567422
920 0.5121457095773427
924 0.5112283496359651
928 0.5103143508264422
932 0.5094036933971687
936 0.5084963577599937
940 0.5075923244884571
944 0.5066915743160514
948 0.5057940881345041
952 0.5048998469920846
956 0.504008832091934
960 0.5031210247904155
964 0.5022364065954877
968 0.5013549591650988
972 0.5004766643056019
976 0.49960150397019176
980 0.49872946025736087
984 0.49786051540937637
988 0.49699465181077673
992 0.4961318519868875
996 0.49527209860235677
1000 0.4944153744597089
1004 0.4935616624979176
1008 0.4927109457909965
1012 0.4918632075466087
1016 0.4910184311046927
1020 0.4901765999361077
1024 0.48933769764129414
1028 0.4885017079489525
1032 0.4876686147147381
1036 0.4868384019199731
1040 0.48601105367037406
1044 0.4851865541947953
1048 0.4843648878439887
1052 0.48354603908937804
1056 0.4827299925218495
1060 0.4819167328505571
1064 0.4811062449017415
1068 0.48029851361756587
1072 0.47949352405496365
1076 0.47869126138450196
1080 0.47789171088925836
1084 0.477094857963712
1088 0.4763006881126473
1092 0.4755091869500714
1096 0.4747203401981455
1100 0.4739341336861275
1104 0.47315055334932976
1108 0.4723695852280863
1112 0.47159121546673566
1116 0.470815430312614
1120 0.4700422161150602
1124 0.4692715593244343
1128 0.46850344649114595
1132 0.4677378642646954
1136 0.46697479939272585
1140 0.4662142387200863
1144 0.4654561691879064
1148 0.4647005778326809
1152 0.463947451785367
1156 0.46319677827048955
1160 0.46244854460525925
1164 0.46170273819869917
1168 0.46095934655078225
1172 0.4602183572515796
1176 0.45947975798041735
1180 0.4587435365050435
1184 0.45800968068080505
1188 0.4572781784498341
1192 0.45654901784024354
1196 0.45582218696533117
1200 0.4550976740227946
1204 0.45437546729395284
1208 0.45365555514297906
1212 0.45293792601613986
1216 0.45222256844104525
1220 0.45150947102590516
1224 0.4507986224587961
1228 0.4500900115069348
1232 0.44938362701596024
1236 0.44867945790922414
1240 0.44797749318708946
1244 0.4472777219262358
1248 0.44658013327897356
1252 0.44588471647256517
1256 0.4451914608085536
1260 0.4445003556620996
1264 0.44381139048132423
1268 0.44312455478666024
1272 0.44243983817021026
1276 0.44175723029511105
1280 0.4410767208949063
1284 0.4403982997729244
1288 0.43972195680166526
1292 0.4390476819221913
1296 0.4383754651435271
1300 0.43770529654206464
1304 0.43703716626097455
1308 0.43637106450962443
1312 0.4357069815630033
1316 0.43504490776115246
1320 0.43438483350860113
1324 0.4337267492738099
1328 0.433070645588619
1332 0.4324165130477028
1336 0.4317643423080299
1340 0.4311141240883292
1344 0.4304658491685616
1348 0.4298195083893966
1352 0.42917509265169596
1356 0.42853259291600065
1360 0.42789200020202545
1364 0.42725330558815683
1368 0.42661650021095726
1372 0.42598157526467473
1376 0.4253485220007564
1380 0.42471733172736836
1384 0.4240879958089199
1388 0.42346050566559273
1392 0.4228348527728745
1396 0.42221102866109883
1400 0.42158902491498756
1404 0.4209688331732003
1408 0.42035044512788644
1412 0.41973385252424295
1416 0.4191190471600764
1420 0.4185060208853696
1424 0.41789476560185196
1428 0.4172852732625752
1432 0.41667753587149237
1436 0.41607154548304226
1440 0.4154672942017362
1444 0.4148647741817517
1448 0.4142639776265273
1452 0.41366489678836316
1456 0.4130675239680257
1460 0.41247185151435545
1464 0.41187787182387875
1468 0.4112855773404244
1472 0.4106949605547428
1476 0.41010601400412977
1480 0.4095187302720538
1484 0.4089331019877864
1488 0.4083491218260372
1492 0.4077667825065922
1496 0.4071860767939549
1500 0.40660699749699153
1504 0.40602953746858017
1508 0.4054536896052624
1512 0.40487944684689875
1516 0.40430680217632786
1520 0.40373574861902795
1524 0.40316627924278314
1528 0.4025983871573511
1532 0.4020320655141353
1536 0.40146730750586
1540 0.40090410636624835
1544 0.4003424553697037
1548 0.39978234783099287
1552 0.399223777104935
1556 0.3986667365860904
1560 0.39811121970845437
1564 0.3975572199451533
1568 0.39700473080814325
1572 0.39645374584791215
1576 0.3959042586531844
1580 0.395356262850628
1584 0.394809752104565
1588 0.3942647201166844
1592 0.39372116062575757
1596 0.39317906740735675
1600 0.3926384342735757
1604 0.39209925507275306
1608 0.39156152368919916
1612 0.3910252340429237
1616 0.39049038008936776
1620 0.3899569558191364
1624 0.389424955257736
1628 0.3888943724653115
1632 0.38836520153638837
1636 0.3878374365996154
1640 0.38731107181751034
1644 0.3867861013862082
1648 0.3862625195352116
1652 0.3857403205271431
1656 0.3852194986574995
1660 0.3847000482544104
1664 0.3841819636783965
1668 0.3836652393221305
1672 0.3831498696102025
1676 0.3826358489988838
1680 0.3821231719758961
1684 0.381611833060181
1688 0.38110182680167204
1692 0.38059314778106895
1696 0.38008579060961345
1700 0.3795797499288677
1704 0.37907502041049435
1708 0.3785715967560382
1712 0.3780694736967108
1716 0.37756864599317574
1720 0.37706910843533703
1724 0.3765708558421286
1728 0.3760738830613055
1732 0.3755781849692377
1736 0.3750837564707054
1740 0.37459059249869536
1744 0.3740986880142006
1748 0.3736080380060204
1752 0.37311863749056245
1756 0.3726304815116474
1760 0.37214356514031444
1764 0.37165788347462825
1768 0.37117343163948896
1772 0.370690204786442
1776 0.3702081980934913
1780 0.36972740676491256
1784 0.36924782603106987
1788 0.3687694511482317
1792 0.3682922773983906
1796 0.3678163000890834
1800 0.36734151455321284
1804 0.3668679161488711
1808 0.3663955002591648
1812 0.3659242622920414
1816 0.365454197680117
1820 0.3649853018805057
1824 0.36451757037465066
1828 0.36405099866815627
1832 0.3635855822906214
1836 0.363121316795475
1840 0.3626581977598125
1844 0.36219622078423325
1848 0.3617353814926801
1852 0.36127567553228024
1856 0.360817098573186
1860 0.3603596463084196
1864 0.3599033144537164
1868 0.35944809874737127
1872 0.3589939949500859
1876 0.3585409988448166
1880 0.3580891062366246
1884 0.35763831295252657
1888 0.3571886148413466
1892 0.3567400077735702
1896 0.35629248764119786
1900 0.355846050357602
1904 0.35540069185738293
1908 0.3549564080962274
1912 0.35451319505076784
1916 0.35407104871844314
1920 0.35362996511735917
1924 0.35318994028615297
1928 0.3527509702838554
1932 0.3523130511897565
1936 0.3518761791032719
1940 0.3514403501438091
1944 0.3510055604506366
1948 0.35057180618275224
1952 0.3501390835187545
1956 0.34970738865671314
1960 0.34927671781404185
1964 0.34884706722737147
1968 0.3484184331524254
1972 0.3479908118638932
1976 0.34756419965530894
1980 0.34713859283892773
1984 0.3467139877456041
1988 0.3462903807246715
1992 0.34586776814382286
1996 0.3454461463889915
2000 0.34502551186423375