0 1.263079769756449
4 1.253530897508688
8 1.2441050916183642
12 1.2348000499876326
16 1.2256135289727317
20 1.216543341388393
24 1.207587354608365
28 1.1987434887547677
32 1.1900097149699707
36 1.1813840537653748
40 1.1728645734421383
44 1.1644493885793443
48 1.1561366585855737
52 1.1479245863101832
56 1.1398114167109181
60 1.1317954355747661
64 1.1238749682891886
68 1.1160483786610986
72 1.1083140677811247
76 1.1006704729308998
80 1.0931160665312418
84 1.085649355129245
88 1.0782688784224386
92 1.0709732083182686
96 1.0637609480272698
100 1.0566307311884056
104 1.0495812210251256
108 1.042611109530783
112 1.0357191166821331
116 1.0289039896796974
120 1.0221645022138521
124 1.015499453755555
128 1.008907668870682
132 1.0023879965570102
136 0.9959393096029104
140 0.9895605039668844
144 0.9832504981771102
148 0.9770082327501973
152 0.9708326696284157
156 0.9647227916346578
160 0.9586776019444714
164 0.9526961235745055
168 0.9467773988867412
172 0.9409204891079249
176 0.9351244738636368
180 0.9293884507264493
184 0.9237115347776665
188 0.9180928581821457
192 0.9125315697757348
196 0.9070268346648687
200 0.9015778338378994
204 0.8961837637877379
208 0.8908438361454224
212 0.8855572773242203
216 0.8803233281739153
220 0.8751412436449172
224 0.8700102924618666
228 0.8649297568064132
232 0.8598989320088587
236 0.8549171262483664
240 0.8499836602614551
244 0.8450978670585066
248 0.8402590916480177
252 0.8354666907683532
256 0.8307200326267474
260 0.8260184966453302
264 0.821361473213946
268 0.8167483634495564
272 0.8121785789620062
276 0.8076515416259727
280 0.8031666833588816
284 0.7987234459046245
288 0.7943212806228853
292 0.7899596482839094
296 0.7856380188685465
300 0.7813558713734108
304 0.7771126936209949
308 0.7729079820746017
312 0.7687412416579362
316 0.7646119855792283
320 0.760519735159749
324 0.7564640196665887
328 0.7524443761495749
332 0.7484603492822098
336 0.7445114912065066
340 0.7405973613816165
344 0.7367175264361342
348 0.7328715600239785
352 0.7290590426837457
356 0.7252795617014375
360 0.7215327109764648
364 0.7178180908908455
368 0.714135308181491
372 0.710483975815513
376 0.706863712868453
380 0.7032741444053617
384 0.6997149013646474
388 0.696185620444619
392 0.6926859439926462
396 0.6892155198968766
400 0.6857740014804238
404 0.6823610473979773
408 0.678976321534759
412 0.6756194929077693
416 0.6722902355692534
420 0.6689882285123451
424 0.6657131555788117
428 0.6624647053688619
432 0.6592425711529512
436 0.6560464507855391
440 0.652876046620746
444 0.6497310654298607
448 0.6466112183206494
452 0.6435162206584257
456 0.6404457919888297
460 0.6373996559622769
464 0.6343775402600357
468 0.6313791765218904
472 0.6284043002753474
476 0.6254526508663566
480 0.6225239713914937
484 0.6196180086315851
488 0.6167345129867255
492 0.6138732384126624
496 0.6110339423585119
500 0.6082163857057717
504 0.6054203327085995
508 0.6026455509353325
512 0.5998918112112078
516 0.5971588875622648
520 0.5944465571603922
524 0.5917546002695018
528 0.5890828001927937
532 0.5864309432210939
536 0.5837988185822313
540 0.5811862183914404
544 0.5785929376027531
548 0.5760187739613692
552 0.5734635279569716
556 0.5709270027779706
560 0.5684090042666566
564 0.5659093408752366
568 0.5634278236227334
572 0.5609642660527359
576 0.5585184841919693
580 0.5560902965096779
584 0.5536795238777916
588 0.5512859895318696
592 0.5489095190327912
596 0.5465499402291912
600 0.5442070832206083
604 0.5418807803213436
608 0.539570866025005
612 0.5372771769697265
616 0.5349995519040452
620 0.532737831653424
624 0.5304918590874025
628 0.5282614790873666
632 0.5260465385149196
636 0.5238468861808424
640 0.5216623728146342
644 0.5194928510346133
648 0.5173381753185744
652 0.5151982019749844
656 0.5130727891147081
660 0.5109617966232517
664 0.5088650861335131
668 0.5067825209990288
672 0.5047139662677053
676 0.5026592886560285
680 0.5006183565237347
684 0.4985910398489418
688 0.49657721020372336
692 0.4945767407301212
696 0.4925895061165854
700 0.4906153825748345
704 0.48865424781712435
708 0.4867059810339201
712 0.4847704628719628
716 0.4828475754127189
720 0.48093720215121233
724 0.479039227975221
728 0.4771535391448415
732 0.47528002327240504
736 0.4734185693027447
740 0.4715690674938017
744 0.46973140939756786
748 0.46790548784135383
752 0.46609119690938156
756 0.46428843192468777
760 0.46249708943133955
764 0.4607170671769501
768 0.4589482640954933
772 0.457190580290406
776 0.45544391701797887
780 0.45370817667102337
784 0.4519832627628162
788 0.45026907991130927
792 0.4485655338236059
796 0.4468725312806929
800 0.4451899801224292
804 0.4435177892327802
808 0.4418558685252978
812 0.44020412892883826
816 0.438562482373517
820 0.4369308417768906
824 0.43530912103036695
828 0.4336972349858351
832 0.43209509944251523
836 0.43050263113401854
840 0.4289197477156191
844 0.4273463677517288
848 0.42578241070357736
852 0.4242277969170856
856 0.4226824476109367
860 0.4211462848648352
864 0.4196192316079558
868 0.41810121160757296
872 0.4165921494578724
876 0.4150919705689386
880 0.4136006011559183
884 0.41211796822835
888 0.41064399957966563
892 0.40917862377685305
896 0.4077217701502828
900 0.40627336878369064
904 0.4048333505043185
908 0.4034016468732047
912 0.4019781901756287
916 0.4005629134116994
920 0.39915575028709066
924 0.397756635203917
928 0.39636550325175235
932 0.39498229019878134
936 0.3936069324830899
940 0.3922393672040846
944 0.39087953211404614
948 0.3895273656098055
952 0.38818280672455113
956 0.3868457951197551
960 0.38551627107722347
964 0.3841941754912644
968 0.38287944986097294
972 0.38157203628263303
976 0.38027187744223
980 0.37897891660807587
984 0.37769309762354353
988 0.37641436489990737
992 0.3751426634092915
996 0.37387793867771946
1000 0.3726201367782672
1004 0.3713692043243161
1008 0.37012508846290443
1012 0.3688877368681757
1016 0.3676570977349226
1020 0.36643311977222326
1024 0.3652157521971718
1028 0.3640049447286985
1032 0.3628006475814771
1036 0.3616028114599231
1040 0.36041138755227575
1044 0.35922632752476497
1048 0.35804758351586313
1052 0.3568751081306162
1056 0.35570885443505745
1060 0.3545487759507009
1064 0.3533948266491097
1068 0.3522469609465437
1072 0.3511051336986829
1076 0.3499693001954226
1080 0.348839416155744
1084 0.34771543772265456
1088 0.3465973214582007
1092 0.34548502433854916
1096 0.3443785037491369
1100 0.343277717479888
1104 0.34218262372049724
1108 0.34109318105577896
1112 0.34000934846107905
1116 0.338931085297751
1120 0.3378583513086938
1124 0.336791106613951
1128 0.3357293117063697
1132 0.334672927447318
1136 0.33362191506246314
1140 0.3325762361376038
1144 0.3315358526145615
1148 0.3305007267871257
1152 0.3294708212970552
1156 0.32844609913013173
1160 0.32742652361226743
1164 0.3264120584056656
1168 0.32540266750502955
1172 0.3243983152338271
1176 0.32339896624059833
1180 0.32240458549531925
1184 0.32141513828580814
1188 0.32043059021418396
1192 0.3194509071933668
1196 0.31847605544362917
1200 0.3175060014891892
1204 0.3165407121548509
1208 0.31558015456268684
1212 0.31462429612876447
1216 0.3136731045599161
1220 0.3127265478505507
1224 0.3117845942795052
1228 0.31084721240693974
1232 0.30991437107127057
1236 0.3089860393861444
1240 0.30806218673744984
1244 0.3071427827803693
1248 0.3062277974364665
1252 0.3053172008908143
1256 0.30441096358915626
1260 0.3035090562351056
1264 0.30261144978738036
1268 0.30171811545707355
1272 0.30082902470495665
1276 0.2999441492388191
1280 0.2990634610108397
1284 0.29818693221499315
1288 0.29731453528448626
1292 0.29644624288922994
1296 0.29558202793333976
1300 0.29472186355267
1304 0.2938657231123768
1308 0.293013580204513
1312 0.29216540864565177
1316 0.2913211824745412
1320 0.2904808759497859
1324 0.2896444635475593
1328 0.28881191995934286
1332 0.28798322008969374
1336 0.2871583390540396
1340 0.28633725217650036
1344 0.28551993498773687
1348 0.284706363222827
1352 0.2838965128191642
1356 0.2830903599143863
1360 0.2822878808443249
1364 0.2814890521409839
1368 0.28069385053053875
1372 0.2799022529313627
1376 0.27911423645207456
1380 0.2783297783896124
1384 0.27754885622732783
1388 0.2767714476331053
1392 0.2759975304575023
1396 0.27522708273191326
1400 0.2744600826667535
1404 0.2736965086496667
1408 0.27293633924375216
1412 0.2721795531858143
1416 0.271426129384632
1420 0.2706760469192485
1424 0.26992928503728186
1428 0.2691858231532545
1432 0.2684456408469443
1436 0.2677087178617523
1440 0.266975034103091
1444 0.2662445696367922
1448 0.26551730468753193
1452 0.2647932196372741
1456 0.2640722950237333
1460 0.2633545115388535
1464 0.2626398500273066
1468 0.2619282914850065
1472 0.2612198170576408
1476 0.2605144080392199
1480 0.2598120458706428
1484 0.2591127121382785
1488 0.2584163885725641
1492 0.2577230570466191
1496 0.25703269957487584
1500 0.2563452983117244
1504 0.2556608355501739
1508 0.2549792937205286
1512 0.25430065538907914
1516 0.25362490325680837
1520 0.25295202015811197
1524 0.25228198905953364
1528 0.25161479305851403
1532 0.25095041538215407
1536 0.2502888393859919
1540 0.24963004855279414
1544 0.24897402649135977
1548 0.24832075693533798
1552 0.2476702237420588
1556 0.24702241089137672
1560 0.2463773024845276
1564 0.245734882742998
1568 0.24509513600740648
1572 0.24445804673639787
1576 0.24382359950554977
1580 0.24319177900629044
1584 0.24256257004482912
1588 0.2419359575410978
1592 0.24131192652770533
1596 0.24069046214890108
1600 0.24007154965955183
1604 0.23945517442412909
1608 0.23884132191570717
1612 0.23822997771497265
1616 0.2376211275092436
1620 0.23701475709150038
1624 0.2364108523594272
1628 0.23580939931446207
1632 0.23521038406085923
1636 0.23461379280476055
1640 0.23401961185327652
1644 0.233427827613578
1648 0.23283842659199708
1652 0.2322513953931373
1656 0.2316667207189946
1660 0.23108438936808556
1664 0.23050438823458674
1668 0.2299267043074824
1672 0.2293513246697209
1676 0.2287782364973807
1680 0.2282074270588447
1684 0.22763888371398294
1688 0.22707259391334514
1692 0.22650854519736005
1696 0.2259467251955446
1700 0.22538712162572017
1704 0.22482972229323828
1708 0.22427451509021268
1712 0.2237214879947613
1716 0.22317062907025453
1720 0.22262192646457252
1724 0.22207536840936867
1728 0.22153094321934244
1732 0.2209886392915182
1736 0.22044844510453307
1740 0.21991034921792976
1744 0.21937434027145924
1748 0.21884040698438872
1752 0.21830853815481785
1756 0.21777872265900064
1760 0.21725094945067597
1764 0.21672520756040314
1768 0.21620148609490591
1772 0.21567977423642157
1776 0.21516006124205775
1780 0.21464233644315497
1784 0.21412658924465675
1788 0.2136128091244844
1792 0.21310098563291968
1796 0.21259110839199274
1800 0.2120831670948764
1804 0.2115771515052868
1808 0.21107305145688945
1812 0.2105708568527119
1816 0.21007055766456212
1820 0.20957214393245163
1824 0.20907560576402617
1828 0.20858093333400024
1832 0.20808811688359924
1836 0.20759714672000443
1840 0.20710801321580607
1844 0.20662070680846015
1848 0.20613521799975174
1852 0.20565153735526215
1856 0.20516965550384286
1860 0.20468956313709336
1864 0.2042112510088451
1868 0.20373470993464948
1872 0.20325993079127205
1876 0.20278690451619
1880 0.20231562210709694
1884 0.20184607462140922
1888 0.20137825317578037
1892 0.20091214894561776
1896 0.2004477531646057
1900 0.19998505712423148
1904 0.1995240521733175
1908 0.19906472971755684
1912 0.19860708121905407
1916 0.19815109819586949
1920 0.19769677222156895
1924 0.19724409492477718
1928 0.19679305798873498
1932 0.19634365315086208
1936 0.19589587220232282
1940 0.19544970698759626
1944 0.19500514940405098
1948 0.19456219140152325
1952 0.19412082498189917
1956 0.19368104219870136
1960 0.19324283515667892
1964 0.19280619601140186
1968 0.19237111696885864
1972 0.1919375902850578
1976 0.19150560826563356
1980 0.19107516326545526
1984 0.19064624768823923
1988 0.19021885398616625
1992 0.18979297465950032
1996 0.1893686022562135
2000 0.18894572937161144