Yield function of production of Ti44 by protons, neutrons, alphas, pi+ and pi-, [(Ti44 atoms * cm2) / (g * prim. part. nucleon)] (computed with Geant4.10).
The primaries are alphas.
Energy[GeV/nuc],depths[g/cm2]: 1 3 5 10 15 20 30 40 50 60 70 80 90 100 110 120 130 140 148.8
0.01 3.62531E-06 3.83381E-15 2.79135E-15 3.10412E-15 3.52391E-15 1.76575E-15 1.58141E-15 5.05269E-15 5.30385E-16 6.54209E-16 8.29543E-16 1.09188E-15 1.25725E-15 1.88202E-15 0.00000E+00 0.00000E+00 0.00000E+00 0.00000E+00 0.00000E+00
0.03 1.34271E-05 1.93842E-07 1.07013E-10 9.56820E-11 7.86159E-11 6.50974E-11 6.06211E-11 5.24764E-11 4.30944E-11 3.92697E-11 3.31571E-11 3.02512E-11 3.13541E-11 2.20795E-11 2.53875E-11 2.87796E-11 1.66400E-11 1.98400E-11 7.26575E-12
0.1 1.55755E-05 1.41537E-05 1.06410E-05 7.10600E-06 3.20755E-08 2.72190E-08 2.45710E-08 2.10599E-08 1.94168E-08 1.76801E-08 1.67850E-08 1.50790E-08 1.42413E-08 1.33664E-08 1.27288E-08 1.19397E-08 1.28745E-08 1.47586E-08 4.63265E-09
0.18 1.26040E-05 1.24165E-05 1.11253E-05 1.03142E-05 8.30832E-06 6.07746E-06 3.63803E-06 2.92655E-07 2.60273E-07 2.46225E-07 2.25137E-07 2.16332E-07 2.00061E-07 1.98048E-07 1.90454E-07 1.87914E-07 1.93114E-07 1.81365E-07 1.51994E-07
0.3 1.40063E-05 1.33056E-05 1.32052E-05 1.20111E-05 1.07477E-05 9.61357E-06 8.73190E-06 6.93348E-06 5.46207E-06 4.06957E-06 2.47387E-06 1.62924E-06 1.62127E-06 1.47341E-06 1.55083E-06 1.40885E-06 1.44345E-06 1.37480E-06 1.81555E-06
0.56 2.01473E-05 2.11370E-05 2.13447E-05 2.17382E-05 2.29184E-05 2.13331E-05 2.11785E-05 1.98026E-05 1.86389E-05 1.81658E-05 1.68367E-05 1.60237E-05 1.68076E-05 1.55255E-05 1.50858E-05 1.45883E-05 1.35148E-05 1.39427E-05 1.53770E-05
1.0 3.81297E-05 4.40316E-05 4.91191E-05 4.81589E-05 5.42517E-05 6.49645E-05 6.29900E-05 6.79270E-05 6.34594E-05 5.86197E-05 6.13444E-05 7.68919E-05 5.54998E-05 7.00802E-05 5.59997E-05 6.58707E-05 5.36254E-05 5.34232E-05 5.50252E-05
3.0 1.12035E-04 1.24206E-04 1.41270E-04 1.46762E-04 1.92329E-04 1.96697E-04 2.09564E-04 2.26625E-04 2.48196E-04 2.51138E-04 2.55664E-04 2.50804E-04 2.64885E-04 2.46620E-04 2.66497E-04 2.68208E-04 2.66824E-04 2.51117E-04 2.39391E-04
10.0 3.53184E-04 4.01625E-04 4.46797E-04 4.83752E-04 5.58291E-04 6.33757E-04 6.80745E-04 6.91580E-04 7.41508E-04 8.03610E-04 8.27427E-04 8.72350E-04 8.73308E-04 8.45291E-04 8.72349E-04 9.05706E-04 8.31893E-04 8.45530E-04 8.62866E-04
30.0 7.73127E-04 8.50586E-04 9.88777E-04 9.90839E-04 1.20470E-03 1.26673E-03 1.36634E-03 1.53182E-03 1.64878E-03 1.72531E-03 1.81274E-03 1.93022E-03 1.86392E-03 1.93337E-03 1.91027E-03 1.91281E-03 2.00377E-03 2.10922E-03 1.93268E-03
100.0 1.63706E-03 1.73149E-03 1.89698E-03 2.13419E-03 2.26631E-03 2.45379E-03 2.60970E-03 2.78863E-03 3.23627E-03 3.40853E-03 3.50812E-03 4.03391E-03 4.55917E-03 3.94617E-03 4.29114E-03 4.40321E-03 4.73672E-03 4.57969E-03 5.49071E-03
