Yield function of production of Ti44 by protons, neutrons, alphas, pi+ and pi-, [(Ti44 atoms * cm2) / (g * prim. part. nucleon)] (computed with Geant4.10).
The primaries are protons.
Energy[GeV/nuc],depths[g/cm2]: 1 3 5 10 15 20 30 40 50 60 70 80 90 100 110 120 130 140 148.8
0.01 1.98048E-16 0.00000E+00 0.00000E+00 0.00000E+00 0.00000E+00 0.00000E+00 0.00000E+00 0.00000E+00 0.00000E+00 0.00000E+00 0.00000E+00 0.00000E+00 0.00000E+00 0.00000E+00 0.00000E+00 0.00000E+00 0.00000E+00 0.00000E+00 0.00000E+00
0.03 9.85526E-09 0.00000E+00 0.00000E+00 0.00000E+00 0.00000E+00 0.00000E+00 0.00000E+00 0.00000E+00 0.00000E+00 0.00000E+00 0.00000E+00 0.00000E+00 0.00000E+00 0.00000E+00 0.00000E+00 0.00000E+00 0.00000E+00 0.00000E+00 0.00000E+00
0.1 6.47955E-07 2.65618E-07 5.86362E-08 2.47507E-08 4.09426E-10 3.68122E-10 3.17448E-10 2.59629E-10 2.28626E-10 1.92618E-10 1.74875E-10 1.63819E-10 1.48816E-10 1.25368E-10 1.29495E-10 1.27704E-10 1.08124E-10 6.52428E-11 1.12424E-10
0.18 2.37221E-06 1.76289E-06 1.33766E-06 9.87350E-07 4.56861E-07 1.65524E-07 3.61729E-08 1.43940E-08 1.23632E-08 1.12239E-08 9.74519E-09 9.00011E-09 8.74462E-09 8.82527E-09 8.28056E-09 7.56903E-09 7.52460E-09 9.34724E-09 6.75383E-09
0.3 5.22199E-06 5.28566E-06 4.37177E-06 3.81444E-06 2.86424E-06 2.19716E-06 1.70379E-06 9.84447E-07 4.97540E-07 2.24089E-07 1.35552E-07 1.23670E-07 1.14560E-07 1.15199E-07 1.18379E-07 1.09868E-07 1.06373E-07 1.29398E-07 6.88171E-08
0.56 9.50066E-06 9.46914E-06 8.95966E-06 9.21014E-06 8.25296E-06 7.74531E-06 7.18953E-06 6.34278E-06 5.93015E-06 4.81670E-06 4.30839E-06 3.75113E-06 3.54265E-06 2.99200E-06 3.52278E-06 2.40225E-06 2.16589E-06 3.43003E-06 1.69907E-06
1.0 1.33592E-05 1.33960E-05 1.34007E-05 1.28677E-05 1.29543E-05 1.26184E-05 1.19757E-05 1.15335E-05 1.11252E-05 1.06853E-05 1.00596E-05 1.00581E-05 1.04646E-05 9.29203E-06 9.37490E-06 8.99046E-06 9.22642E-06 8.94973E-06 9.51727E-06
3.0 1.28901E-05 1.29573E-05 1.33019E-05 1.35819E-05 1.41163E-05 1.45398E-05 1.47204E-05 1.48933E-05 1.53339E-05 1.56182E-05 1.58578E-05 1.54245E-05 1.55610E-05 1.58923E-05 1.54472E-05 1.62571E-05 1.73698E-05 1.45573E-05 1.58420E-05
10.0 1.75055E-05 1.81788E-05 1.85850E-05 1.92535E-05 2.00452E-05 2.09849E-05 2.27019E-05 2.22435E-05 2.35497E-05 2.44455E-05 2.40457E-05 2.47263E-05 2.53378E-05 2.60212E-05 2.64024E-05 2.44334E-05 3.17634E-05 2.63279E-05 2.84184E-05
30.0 2.31474E-05 2.37177E-05 2.49877E-05 2.55968E-05 2.77302E-05 2.84312E-05 2.92008E-05 3.23324E-05 3.33186E-05 3.55357E-05 3.58531E-05 3.71488E-05 3.87638E-05 3.89758E-05 4.06303E-05 4.04575E-05 4.24346E-05 3.89112E-05 3.86225E-05
100.0 3.62973E-05 3.73417E-05 3.91899E-05 4.07941E-05 4.25118E-05 4.35927E-05 4.79979E-05 5.06163E-05 5.54732E-05 5.55202E-05 5.74193E-05 5.84157E-05 6.34167E-05 6.68097E-05 6.75436E-05 6.60341E-05 6.42380E-05 7.26149E-05 7.13735E-05
