Yield function of production of Ti44 by protons, neutrons, alphas, pi+ and pi-, [(Ti44 atoms * cm2) / (g * prim. part. nucleon)] (computed with Geant4.10).
The primaries are protons.
Energy[GeV/nuc],depths[g/cm2]: 1 3 5 10 15 20 30 40 50 60 70 80 90 100 110 120 130 140 148.8
0.01 1.98048E-16 0.00000E+00 0.00000E+00 0.00000E+00 0.00000E+00 0.00000E+00 0.00000E+00 0.00000E+00 0.00000E+00 0.00000E+00 0.00000E+00 0.00000E+00 0.00000E+00 0.00000E+00 0.00000E+00 0.00000E+00 0.00000E+00 0.00000E+00 0.00000E+00
0.03 9.85526E-09 0.00000E+00 0.00000E+00 0.00000E+00 0.00000E+00 0.00000E+00 0.00000E+00 0.00000E+00 0.00000E+00 0.00000E+00 0.00000E+00 0.00000E+00 0.00000E+00 0.00000E+00 0.00000E+00 0.00000E+00 0.00000E+00 0.00000E+00 0.00000E+00
0.1 6.47955E-07 2.65618E-07 5.86362E-08 2.47507E-08 4.09426E-10 3.68122E-10 3.17448E-10 2.59629E-10 2.28626E-10 1.92618E-10 1.74875E-10 1.63819E-10 1.48816E-10 1.25368E-10 1.29495E-10 1.27704E-10 1.08124E-10 6.52428E-11 1.12424E-10
0.18 2.37221E-06 1.76289E-06 1.33766E-06 9.87350E-07 4.56861E-07 1.65524E-07 3.61729E-08 1.43940E-08 1.23632E-08 1.12239E-08 9.74519E-09 9.00011E-09 8.74462E-09 8.82527E-09 8.28056E-09 7.56903E-09 7.52460E-09 9.34724E-09 6.75383E-09
0.3 5.22302E-06 5.28726E-06 4.37244E-06 3.81487E-06 2.86451E-06 2.19731E-06 1.70379E-06 9.84447E-07 4.97540E-07 2.24089E-07 1.35552E-07 1.23670E-07 1.14560E-07 1.15199E-07 1.18379E-07 1.09868E-07 1.06373E-07 1.29398E-07 6.88171E-08
0.56 9.91796E-06 1.02141E-05 1.01290E-05 1.00274E-05 9.10947E-06 8.82341E-06 7.80248E-06 6.89243E-06 6.30255E-06 5.06567E-06 4.48110E-06 3.88649E-06 3.62064E-06 3.05753E-06 3.57694E-06 2.44721E-06 2.18646E-06 3.46725E-06 1.83695E-06
1.0 1.88503E-05 1.87161E-05 1.86364E-05 2.02097E-05 2.10031E-05 2.02261E-05 2.40038E-05 1.95804E-05 2.56388E-05 1.80882E-05 1.84717E-05 1.97032E-05 1.70399E-05 2.09547E-05 1.53280E-05 1.45297E-05 1.62647E-05 1.45703E-05 1.18802E-05
3.0 3.41993E-05 3.80035E-05 4.26099E-05 4.73133E-05 5.33122E-05 5.71859E-05 7.33595E-05 6.24310E-05 6.88468E-05 6.55168E-05 6.52273E-05 6.91060E-05 6.64551E-05 6.63621E-05 6.46295E-05 7.64687E-05 6.17972E-05 6.02739E-05 6.84904E-05
10.0 8.89652E-05 1.01499E-04 1.12526E-04 1.30251E-04 1.37170E-04 1.59893E-04 1.88993E-04 1.85095E-04 1.99549E-04 2.10420E-04 2.03933E-04 2.14220E-04 2.03388E-04 2.58514E-04 2.10042E-04 2.06803E-04 2.17362E-04 2.20943E-04 2.22397E-04
30.0 1.86497E-04 1.99758E-04 2.36012E-04 2.52262E-04 2.70724E-04 2.97404E-04 3.13853E-04 3.70343E-04 4.11004E-04 4.13155E-04 4.17142E-04 4.33933E-04 5.19444E-04 4.71954E-04 4.65788E-04 4.47632E-04 5.60939E-04 5.10633E-04 5.10715E-04
100.0 4.40904E-04 4.54189E-04 5.04688E-04 5.24690E-04 5.63803E-04 6.18797E-04 6.40824E-04 7.48788E-04 8.34900E-04 8.24754E-04 7.90879E-04 9.58671E-04 9.12701E-04 9.70090E-04 9.87849E-04 1.18142E-03 9.69636E-04 1.35706E-03 9.60970E-04
