Yield function of production of Ti44 by protons, neutrons, alphas, pi+ and pi-, [(Ti44 atoms * cm2) / (g * prim. part. nucleon)] (computed with Geant4.10).
The primaries are alphas.
Energy[GeV/nuc],depths[g/cm2]: 1 3 5 10 15 20 30 40 50 60 70 80 90 100 110 120 130 140 148.8
0.01 3.62531E-06 3.83381E-15 2.79135E-15 3.10412E-15 3.52391E-15 1.76575E-15 1.58141E-15 5.05269E-15 5.30385E-16 6.54209E-16 8.29543E-16 1.09188E-15 1.25725E-15 1.88202E-15 0.00000E+00 0.00000E+00 0.00000E+00 0.00000E+00 0.00000E+00
0.03 1.34271E-05 1.93842E-07 1.07013E-10 9.56820E-11 7.86159E-11 6.50974E-11 6.06211E-11 5.24764E-11 4.30944E-11 3.92697E-11 3.31571E-11 3.02512E-11 3.13541E-11 2.20795E-11 2.53875E-11 2.87796E-11 1.66400E-11 1.98400E-11 7.26575E-12
0.1 1.55755E-05 1.41537E-05 1.06410E-05 7.10600E-06 3.20755E-08 2.72190E-08 2.45710E-08 2.10599E-08 1.94168E-08 1.76801E-08 1.67850E-08 1.50790E-08 1.42413E-08 1.33664E-08 1.27288E-08 1.19397E-08 1.28745E-08 1.47586E-08 4.63265E-09
0.18 1.26040E-05 1.24165E-05 1.11253E-05 1.03141E-05 8.30830E-06 6.07739E-06 3.63803E-06 2.92655E-07 2.60273E-07 2.46225E-07 2.25137E-07 2.16332E-07 2.00061E-07 1.98048E-07 1.90454E-07 1.87914E-07 1.93114E-07 1.81365E-07 1.51994E-07
0.3 1.40023E-05 1.32966E-05 1.31950E-05 1.20048E-05 1.07371E-05 9.60307E-06 8.72637E-06 6.92608E-06 5.45786E-06 4.06559E-06 2.46541E-06 1.62878E-06 1.61609E-06 1.47341E-06 1.55083E-06 1.40885E-06 1.44345E-06 1.37480E-06 1.81555E-06
0.56 1.89129E-05 1.88569E-05 1.92597E-05 1.90311E-05 2.05857E-05 1.86870E-05 1.82728E-05 1.78061E-05 1.71139E-05 1.68782E-05 1.57912E-05 1.50980E-05 1.59349E-05 1.45516E-05 1.40354E-05 1.38719E-05 1.29448E-05 1.34477E-05 1.51271E-05
1.0 2.56086E-05 2.64499E-05 2.75037E-05 2.79452E-05 2.94650E-05 3.09109E-05 3.16577E-05 3.26006E-05 3.29081E-05 3.33842E-05 3.34352E-05 3.20105E-05 3.21154E-05 3.59358E-05 3.12152E-05 3.90107E-05 3.31722E-05 3.31073E-05 3.03600E-05
3.0 3.77021E-05 3.94659E-05 4.15051E-05 4.25845E-05 4.60961E-05 4.75461E-05 4.94070E-05 5.29768E-05 5.56990E-05 5.76719E-05 5.82334E-05 6.02758E-05 5.98256E-05 6.00748E-05 6.06453E-05 6.14122E-05 6.14154E-05 6.02032E-05 5.52763E-05
10.0 5.63460E-05 5.87377E-05 6.21447E-05 6.48536E-05 7.04532E-05 7.56448E-05 7.90211E-05 8.26602E-05 9.00502E-05 9.42584E-05 9.67704E-05 9.83075E-05 9.88757E-05 9.92720E-05 1.00647E-04 1.05071E-04 9.79999E-05 1.40545E-04 9.52651E-05
30.0 8.26053E-05 8.54974E-05 9.10485E-05 9.52247E-05 1.05412E-04 1.10402E-04 1.15716E-04 1.27769E-04 1.35613E-04 1.40808E-04 1.42871E-04 1.53920E-04 1.57930E-04 1.65032E-04 1.59506E-04 1.67990E-04 1.76413E-04 1.79135E-04 2.01573E-04
100.0 1.22121E-04 1.28007E-04 1.37950E-04 1.44100E-04 1.59211E-04 1.69328E-04 1.78242E-04 2.02708E-04 2.15506E-04 2.38405E-04 2.34242E-04 2.48988E-04 2.65125E-04 2.69191E-04 2.93777E-04 2.88204E-04 3.14764E-04 3.12815E-04 3.42266E-04
