Yield function of production of Ti44 by protons, neutrons, alphas, [(Ti44 atoms * cm2) / (g * prim. part. nucleon)] (computed with Geant4.10).
The primaries are alphas.
Energy[GeV/nuc],depths[g/cm2]: 0 1 3 5 10.08 15.16 20.24 25.32 30.4 35.48 40.56 45.64 50.72 55.8 60.88 65.96 71.04 76.12 81.2 86.28 91.36 96.44 101.52 106.6
0.03 9.51952E-06 1.58413E-07 1.03260E-10 8.90361E-11 6.96669E-11 6.14350E-11 5.61914E-11 5.05228E-11 4.67759E-11 4.38897E-11 4.22631E-11 4.07108E-11 3.68997E-11 3.60126E-11 3.35864E-11 3.30126E-11 3.26440E-11 3.18127E-11 2.93766E-11 2.87468E-11 2.97223E-11 2.84312E-11 2.53336E-11 3.39823E-11
0.1 1.13828E-05 9.99089E-06 7.41347E-06 4.90696E-06 2.73099E-08 2.36306E-08 2.16371E-08 2.03324E-08 1.93752E-08 1.85399E-08 1.79248E-08 1.74531E-08 1.68976E-08 1.63885E-08 1.60328E-08 1.54989E-08 1.52851E-08 1.51724E-08 1.51001E-08 1.51424E-08 1.45143E-08 1.49062E-08 1.44508E-08 1.39012E-08
0.18 9.41353E-06 9.24376E-06 8.09227E-06 7.40296E-06 5.63713E-06 4.14034E-06 2.47636E-06 7.38788E-07 2.40724E-07 2.27824E-07 2.18693E-07 2.10035E-07 2.03884E-07 1.97473E-07 1.93858E-07 1.89723E-07 1.86657E-07 1.85251E-07 1.81510E-07 1.81107E-07 1.76973E-07 1.75003E-07 1.72439E-07 1.78628E-07
0.3 1.04774E-05 1.02068E-05 9.58788E-06 9.22775E-06 7.91765E-06 7.15360E-06 6.33628E-06 5.69275E-06 5.14755E-06 4.64429E-06 4.17979E-06 3.69584E-06 3.15823E-06 2.55986E-06 1.87506E-06 1.40339E-06 1.36428E-06 1.34643E-06 1.32854E-06 1.30696E-06 1.30464E-06 1.28499E-06 1.27631E-06 1.20345E-06
0.56 1.44275E-05 1.43993E-05 1.43457E-05 1.44860E-05 1.37768E-05 1.37961E-05 1.37360E-05 1.36584E-05 1.35326E-05 1.33961E-05 1.33003E-05 1.31557E-05 1.30182E-05 1.28917E-05 1.27672E-05 1.26485E-05 1.25505E-05 1.24470E-05 1.23299E-05 1.21973E-05 1.22012E-05 1.21539E-05 1.18205E-05 1.12142E-05
1.0 1.95584E-05 1.98893E-05 2.03210E-05 2.09466E-05 2.08135E-05 2.14249E-05 2.20297E-05 2.23507E-05 2.27003E-05 2.29698E-05 2.31444E-05 2.32899E-05 2.33468E-05 2.35199E-05 2.35983E-05 2.36070E-05 2.37023E-05 2.36756E-05 2.36471E-05 2.37407E-05 2.38099E-05 2.35326E-05 2.37571E-05 2.31494E-05
3.0 2.74946E-05 2.82201E-05 2.92558E-05 3.04912E-05 3.07943E-05 3.24225E-05 3.35148E-05 3.46126E-05 3.56234E-05 3.64773E-05 3.68700E-05 3.75899E-05 3.80835E-05 3.83550E-05 3.87490E-05 3.89238E-05 3.92717E-05 3.96760E-05 4.00718E-05 4.00750E-05 4.01358E-05 4.04504E-05 3.93032E-05 3.91409E-05
10.0 3.98612E-05 4.12398E-05 4.30629E-05 4.52697E-05 4.65957E-05 4.97247E-05 5.20685E-05 5.40645E-05 5.57519E-05 5.73093E-05 5.88462E-05 6.00563E-05 6.09130E-05 6.20065E-05 6.30096E-05 6.41580E-05 6.41849E-05 6.49379E-05 6.47551E-05 6.57698E-05 6.50977E-05 6.57335E-05 6.79216E-05 6.41128E-05
30.0 5.60935E-05 5.75834E-05 5.99358E-05 6.27170E-05 6.42731E-05 6.88528E-05 7.30645E-05 7.61465E-05 7.87099E-05 8.16584E-05 8.33950E-05 8.53250E-05 8.70893E-05 8.95663E-05 9.18110E-05 9.20747E-05 9.27145E-05 9.51092E-05 9.55934E-05 9.57392E-05 9.71886E-05 9.50382E-05 9.40390E-05 1.05414E-04
100.0 7.69368E-05 7.97031E-05 8.36845E-05 8.80393E-05 9.23711E-05 1.00951E-04 1.07406E-04 1.12998E-04 1.18097E-04 1.22757E-04 1.27251E-04 1.31518E-04 1.36663E-04 1.39089E-04 1.40984E-04 1.45098E-04 1.46185E-04 1.48256E-04 1.53086E-04 1.49811E-04 1.51094E-04 1.58141E-04 1.47987E-04 1.44803E-04
