Yield function of production of Ti44 by protons, neutrons, alphas, [(Ti44 atoms * cm2) / (g * prim. part. nucleon)] (computed with Geant4.10).
The primaries are protons.
Energy[GeV/nuc],depths[g/cm2]: 0 1 3 5 10.08 15.16 20.24 25.32 30.4 35.48 40.56 45.64 50.72 55.8 60.88 65.96 71.04 76.12 81.2 86.28 91.36 96.44 101.52 106.6
0.03 1.06785E-08 9.89185E-16 3.33531E-16 4.29591E-16 2.07162E-16 0.00000E+00 0.00000E+00 0.00000E+00 0.00000E+00 0.00000E+00 0.00000E+00 0.00000E+00 0.00000E+00 0.00000E+00 0.00000E+00 0.00000E+00 0.00000E+00 0.00000E+00 0.00000E+00 0.00000E+00 0.00000E+00 0.00000E+00 0.00000E+00 0.00000E+00
0.1 4.99723E-07 2.18138E-07 5.90860E-08 2.60409E-08 4.33699E-10 3.84105E-10 3.46165E-10 3.15273E-10 2.95711E-10 2.75113E-10 2.59932E-10 2.43460E-10 2.37118E-10 2.27724E-10 2.17420E-10 2.05930E-10 2.01794E-10 1.95715E-10 1.84295E-10 1.84626E-10 1.79316E-10 1.76074E-10 1.66588E-10 2.16645E-10
0.18 1.76732E-06 1.29013E-06 9.63763E-07 7.12988E-07 3.21855E-07 1.21271E-07 2.99121E-08 1.27469E-08 1.11572E-08 1.06322E-08 1.02878E-08 9.97826E-09 9.65842E-09 9.43702E-09 9.10005E-09 9.00338E-09 8.56520E-09 8.46732E-09 8.42446E-09 8.51707E-09 8.48436E-09 8.25529E-09 9.06561E-09 7.50297E-09
0.3 3.80041E-06 3.73460E-06 3.22097E-06 2.84183E-06 2.02858E-06 1.54881E-06 1.20643E-06 9.23847E-07 7.06255E-07 5.23381E-07 3.74212E-07 2.56446E-07 1.73055E-07 1.22730E-07 1.06355E-07 1.01778E-07 9.98235E-08 9.75688E-08 9.71602E-08 9.59184E-08 9.41697E-08 9.34505E-08 9.01746E-08 8.98866E-08
0.56 7.11941E-06 7.04481E-06 6.76077E-06 6.58864E-06 5.90749E-06 5.56404E-06 5.24333E-06 4.95301E-06 4.68893E-06 4.49019E-06 4.32899E-06 4.09055E-06 3.92672E-06 3.77570E-06 3.65553E-06 3.53802E-06 3.46295E-06 3.35117E-06 3.33299E-06 3.26832E-06 3.20819E-06 3.16192E-06 3.15141E-06 3.11363E-06
1.0 1.01532E-05 1.00641E-05 9.78010E-06 9.67066E-06 9.00459E-06 8.78066E-06 8.63695E-06 8.50440E-06 8.34893E-06 8.25697E-06 8.07217E-06 7.99187E-06 7.93379E-06 7.82834E-06 7.76190E-06 7.69320E-06 7.61976E-06 7.52927E-06 7.48321E-06 7.35351E-06 7.77455E-06 7.33923E-06 7.25799E-06 6.61170E-06
3.0 9.39707E-06 9.41708E-06 9.45956E-06 9.64236E-06 9.35362E-06 9.61163E-06 9.74057E-06 9.90057E-06 1.01082E-05 1.01495E-05 1.02316E-05 1.03702E-05 1.04474E-05 1.05171E-05 1.05144E-05 1.04904E-05 1.04328E-05 1.06112E-05 1.06811E-05 1.04930E-05 1.04929E-05 1.08376E-05 1.01937E-05 1.01938E-05
10.0 1.26827E-05 1.28952E-05 1.32441E-05 1.36750E-05 1.36646E-05 1.43245E-05 1.47085E-05 1.51182E-05 1.55372E-05 1.58577E-05 1.61085E-05 1.65324E-05 1.65111E-05 1.67333E-05 1.70663E-05 1.69665E-05 1.69824E-05 1.73123E-05 1.74757E-05 1.74614E-05 1.75235E-05 1.74771E-05 1.75750E-05 1.79888E-05
30.0 1.63632E-05 1.65501E-05 1.70015E-05 1.73695E-05 1.75782E-05 1.84141E-05 1.93852E-05 2.01496E-05 2.05901E-05 2.11681E-05 2.17667E-05 2.20459E-05 2.25806E-05 2.25824E-05 2.32782E-05 2.34726E-05 2.34504E-05 2.33978E-05 2.41522E-05 2.42278E-05 2.34986E-05 2.45265E-05 2.39839E-05 2.29037E-05
100.0 2.48651E-05 2.51238E-05 2.59377E-05 2.69200E-05 2.74837E-05 2.89929E-05 3.00879E-05 3.17484E-05 3.34319E-05 3.37826E-05 3.46904E-05 3.58107E-05 3.58001E-05 3.71374E-05 3.73553E-05 3.78690E-05 3.74842E-05 3.83363E-05 3.92966E-05 3.87413E-05 3.87436E-05 3.93354E-05 4.06226E-05 3.92633E-05
