Yield function of production of Ti44 by protons, neutrons, alphas, pi+ and pi-, [(Ti44 atoms * cm2) / (g * prim. part. nucleon)] (computed with Geant4.10).
The primaries are alphas.
Energy[GeV/nuc],depths[g/cm2]: 1 3 5 10 15 20 30 40 50 60 74.4
0.01 3.98197E-07 2.08449E-07 1.85395E-07 1.75963E-07 1.77765E-07 1.79751E-07 1.77625E-07 1.70152E-07 1.66739E-07 1.71779E-07 1.57387E-07
0.03 3.59617E-06 3.90214E-06 3.13265E-06 3.06465E-06 2.99027E-06 3.08013E-06 3.15840E-06 3.26233E-06 3.21229E-06 3.23898E-06 3.48131E-06
0.1 4.65037E-05 6.73051E-05 8.07419E-05 8.52188E-05 8.47261E-05 8.67237E-05 8.89581E-05 9.44397E-05 9.97697E-05 9.96407E-05 1.01902E-04
0.18 1.26429E-04 1.63000E-04 2.07014E-04 2.38417E-04 2.94917E-04 3.35090E-04 3.54067E-04 3.72790E-04 4.05320E-04 4.16366E-04 4.12395E-04
0.3 2.48718E-04 3.03043E-04 3.75268E-04 4.44850E-04 5.76112E-04 6.96607E-04 7.85113E-04 9.43284E-04 1.06846E-03 1.15727E-03 1.18290E-03
0.56 4.09676E-04 4.96331E-04 6.08731E-04 7.02207E-04 9.21717E-04 1.11994E-03 1.29548E-03 1.57191E-03 1.81294E-03 1.98731E-03 2.09319E-03
1.0 5.92278E-04 7.15297E-04 8.84214E-04 1.04925E-03 1.35967E-03 1.64469E-03 1.92274E-03 2.38046E-03 2.71897E-03 3.15672E-03 3.11958E-03
3.0 1.09411E-03 1.30779E-03 1.63674E-03 1.88673E-03 2.50902E-03 3.02694E-03 3.59246E-03 4.37748E-03 4.99678E-03 5.73713E-03 5.92834E-03
10.0 2.19664E-03 2.63631E-03 3.26289E-03 3.85679E-03 5.06785E-03 6.22677E-03 7.26704E-03 9.12418E-03 1.03916E-02 1.16335E-02 1.23340E-02
30.0 3.54439E-03 4.29941E-03 5.37810E-03 6.23883E-03 8.36439E-03 1.02464E-02 1.20855E-02 1.51623E-02 1.78504E-02 1.99675E-02 2.04051E-02
100.0 6.07549E-03 7.21869E-03 8.99559E-03 1.06309E-02 1.42803E-02 1.76312E-02 2.12809E-02 2.64356E-02 3.09237E-02 3.49897E-02 3.68645E-02
