Yield function of production of Ti44 by protons, neutrons, alphas, pi+ and pi-, [(Ti44 atoms * cm2) / (g * prim. part. nucleon)] (computed with Geant4.10).
The primaries are protons.
Energy[GeV/nuc],depths[g/cm2]: 1 3 5 10 15 20 30 40 50 60 74.4
0.01 2.03972E-04 2.70072E-08 2.31241E-08 2.19279E-08 2.11947E-08 2.24150E-08 2.24029E-08 1.88821E-08 1.83413E-08 2.12371E-08 1.92800E-08
0.03 2.07424E-04 2.71726E-05 4.20320E-07 4.03071E-07 3.86465E-07 3.90532E-07 3.86898E-07 3.93201E-07 4.00372E-07 3.87904E-07 4.56166E-07
0.1 2.35040E-04 2.10055E-04 1.59722E-04 1.16742E-04 1.28962E-05 1.29506E-05 1.31131E-05 1.36358E-05 1.41309E-05 1.39878E-05 1.33422E-05
0.18 4.33560E-05 7.55695E-05 1.01070E-04 1.12928E-04 1.57898E-04 1.65413E-04 1.26427E-04 6.60100E-05 6.64795E-05 6.97354E-05 7.04934E-05
0.3 6.93216E-05 8.45790E-05 1.03365E-04 1.21363E-04 1.54458E-04 1.85544E-04 2.48154E-04 2.74530E-04 3.07789E-04 3.28980E-04 2.88600E-04
0.56 1.10035E-04 1.33954E-04 1.65270E-04 1.90267E-04 2.47020E-04 2.95275E-04 3.47125E-04 4.22974E-04 4.73529E-04 5.17278E-04 5.48646E-04
1.0 1.60632E-04 1.94024E-04 2.39128E-04 2.77787E-04 3.66973E-04 4.54919E-04 5.11762E-04 6.32043E-04 6.95651E-04 7.76314E-04 8.08963E-04
3.0 2.77525E-04 3.32070E-04 4.19377E-04 4.80866E-04 6.46986E-04 7.85972E-04 9.02227E-04 1.13680E-03 1.28014E-03 1.44770E-03 1.48829E-03
10.0 6.41420E-04 7.64423E-04 9.65692E-04 1.12046E-03 1.50272E-03 1.81638E-03 2.11807E-03 2.61992E-03 3.01721E-03 3.24145E-03 3.55036E-03
30.0 8.13498E-04 9.78881E-04 1.22881E-03 1.44001E-03 1.92205E-03 2.40713E-03 2.73932E-03 3.41205E-03 4.03134E-03 4.44595E-03 4.54110E-03
100.0 1.38041E-03 1.66614E-03 2.03381E-03 2.52503E-03 3.20519E-03 3.92857E-03 4.54189E-03 5.72318E-03 6.56433E-03 7.54342E-03 7.87914E-03
