Yield function of production of Ti44 by protons, neutrons, alphas, [(Ti44 atoms * cm2) / (g * prim. part. nucleon)] (computed with Geant4.10).
The primaries are alphas.
Energy[GeV/nuc],depths[g/cm2]: 0 1 3 5 9.03 13.06 17.09 21.12 25.15 29.18 33.21
0.03 1.07151E-05 1.70729E-07 1.01740E-10 9.34918E-11 7.55159E-11 7.04961E-11 6.72748E-11 6.37724E-11 6.59230E-11 6.58447E-11 6.66318E-11
0.1 1.37668E-05 1.20814E-05 8.59697E-06 5.87100E-06 4.53152E-07 2.98908E-08 2.84834E-08 2.73217E-08 2.68523E-08 2.55189E-08 2.57319E-08
0.18 1.24724E-05 1.18471E-05 1.08440E-05 1.04969E-05 8.49400E-06 7.05036E-06 5.72823E-06 4.03766E-06 1.59936E-06 3.54273E-07 3.41127E-07
0.3 1.53876E-05 1.45699E-05 1.36234E-05 1.35957E-05 1.17782E-05 1.15842E-05 1.13145E-05 1.10513E-05 1.07223E-05 1.05091E-05 1.04269E-05
0.56 1.87300E-05 1.80394E-05 1.73949E-05 1.76513E-05 1.57216E-05 1.58492E-05 1.59689E-05 1.60617E-05 1.60725E-05 1.60182E-05 1.57963E-05
1.0 2.18875E-05 2.14572E-05 2.11206E-05 2.17425E-05 1.98398E-05 2.03254E-05 2.07069E-05 2.09423E-05 2.09453E-05 2.11502E-05 2.07978E-05
3.0 2.57756E-05 2.55771E-05 2.56402E-05 2.66467E-05 2.46325E-05 2.55520E-05 2.63233E-05 2.66227E-05 2.70753E-05 2.69987E-05 2.71376E-05
10.0 3.13125E-05 3.14740E-05 3.19067E-05 3.36780E-05 3.16161E-05 3.32596E-05 3.42022E-05 3.52546E-05 3.55710E-05 3.55938E-05 3.54508E-05
30.0 3.49256E-05 3.51239E-05 3.54475E-05 3.74033E-05 3.56833E-05 3.70046E-05 3.86031E-05 4.03231E-05 4.05988E-05 4.01198E-05 4.11967E-05
100.0 2.71899E-05 2.87022E-05 3.10266E-05 3.31650E-05 3.28140E-05 3.55044E-05 3.79020E-05 3.98311E-05 3.96129E-05 3.91668E-05 4.14335E-05
