Yield function of production of Ti44 by protons, neutrons, alphas, [(Ti44 atoms * cm2) / (g * prim. part. nucleon)] (computed with Geant4.10).
The primaries are protons.
Energy[GeV/nuc],depths[g/cm2]: 0 1 3 5 9.03 13.06 17.09 21.12 25.15 29.18 33.21
0.03 9.85999E-09 0.00000E+00 0.00000E+00 0.00000E+00 0.00000E+00 0.00000E+00 0.00000E+00 0.00000E+00 0.00000E+00 0.00000E+00 0.00000E+00
0.1 5.72643E-07 2.31014E-07 5.72769E-08 2.55393E-08 4.74343E-10 4.37827E-10 4.23357E-10 4.09487E-10 4.00527E-10 3.86978E-10 3.92438E-10
0.18 2.11944E-06 1.62678E-06 1.23682E-06 9.31029E-07 4.72159E-07 2.52556E-07 1.07377E-07 3.47938E-08 1.78451E-08 1.51790E-08 1.55142E-08
0.3 4.98085E-06 4.73123E-06 4.23053E-06 3.96449E-06 3.04501E-06 2.79607E-06 2.55831E-06 2.42007E-06 2.24409E-06 2.18433E-06 2.14611E-06
0.56 1.00803E-05 9.63093E-06 9.04095E-06 9.02932E-06 7.79752E-06 7.66276E-06 7.62538E-06 7.50351E-06 7.40786E-06 7.30710E-06 7.16205E-06
1.0 1.30166E-05 1.24541E-05 1.18037E-05 1.17954E-05 1.03154E-05 1.02851E-05 1.02244E-05 1.01265E-05 1.00627E-05 1.00565E-05 9.93135E-06
3.0 1.00543E-05 9.66503E-06 9.42132E-06 9.62964E-06 8.61574E-06 8.70760E-06 8.83213E-06 8.91768E-06 8.95782E-06 8.89184E-06 9.07475E-06
10.0 1.17579E-05 1.14644E-05 1.13713E-05 1.17393E-05 1.07108E-05 1.10334E-05 1.11478E-05 1.14697E-05 1.15115E-05 1.14971E-05 1.15989E-05
30.0 1.21561E-05 1.19914E-05 1.17307E-05 1.23201E-05 1.12045E-05 1.15049E-05 1.17350E-05 1.22555E-05 1.23967E-05 1.21404E-05 1.14634E-05
100.0 1.39654E-05 1.38638E-05 1.40413E-05 1.42505E-05 1.31401E-05 1.38010E-05 1.36624E-05 1.41975E-05 1.41457E-05 1.43017E-05 1.42273E-05
