Yield function of production of Ti44 by protons, neutrons, alphas, pi+ and pi-, [(Ti44 atoms * cm2) / (g * prim. part. nucleon)] (computed with Geant4.10).
The primaries are protons.
Energy[GeV/nuc],depths[g/cm2]: 1 3 5 10 15 20 30 40 50 60 70 80 90 100 110 124.6
0.01 1.06243E-04 2.42054E-08 1.97419E-08 1.89612E-08 1.76972E-08 1.71364E-08 1.61001E-08 1.44562E-08 1.13391E-08 8.76221E-09 1.12260E-08 7.18102E-09 4.49438E-09 5.81477E-09 4.13820E-09 3.65746E-09
0.03 1.07817E-04 1.37299E-05 3.73985E-07 3.49268E-07 3.32432E-07 3.24613E-07 3.26617E-07 2.96903E-07 2.70674E-07 2.44707E-07 2.42461E-07 2.00003E-07 1.87244E-07 1.74868E-07 1.60995E-07 1.20912E-07
0.1 1.20189E-04 1.09393E-04 8.63835E-05 6.38658E-05 1.22277E-05 1.23195E-05 1.25795E-05 1.21591E-05 1.17627E-05 1.10137E-05 1.06716E-05 9.83677E-06 9.48186E-06 7.93347E-06 8.20830E-06 7.13339E-06
0.18 3.12041E-05 4.82443E-05 5.90557E-05 7.07487E-05 9.99890E-05 1.04173E-04 8.52582E-05 5.92712E-05 5.81347E-05 5.69660E-05 5.53421E-05 5.26689E-05 5.11848E-05 4.90743E-05 4.82539E-05 5.02527E-05
0.3 5.74917E-05 7.12589E-05 8.78306E-05 1.02372E-04 1.36089E-04 1.59326E-04 1.76135E-04 2.07114E-04 2.20483E-04 2.25980E-04 2.05976E-04 1.99780E-04 1.90032E-04 1.94436E-04 1.89427E-04 1.79352E-04
0.56 1.16802E-04 1.40918E-04 1.75820E-04 2.10458E-04 2.71932E-04 3.26666E-04 3.81159E-04 4.64359E-04 5.30454E-04 5.85343E-04 6.26534E-04 6.59607E-04 6.77220E-04 7.13100E-04 7.18045E-04 7.07279E-04
1.0 1.95030E-04 2.34762E-04 2.93023E-04 3.43813E-04 4.62222E-04 5.56239E-04 6.38741E-04 8.04604E-04 9.17156E-04 1.00851E-03 1.10168E-03 1.17734E-03 1.22304E-03 1.25485E-03 1.25803E-03 1.27699E-03
3.0 3.85793E-04 4.65760E-04 5.77978E-04 6.82878E-04 9.15826E-04 1.11573E-03 1.31439E-03 1.64094E-03 1.92423E-03 2.14041E-03 2.33213E-03 2.47549E-03 2.62813E-03 2.71431E-03 2.72040E-03 2.85238E-03
10.0 9.42019E-04 1.13449E-03 1.39531E-03 1.64116E-03 2.19989E-03 2.68876E-03 3.18328E-03 3.97763E-03 4.71601E-03 5.26403E-03 5.70797E-03 6.02423E-03 6.33961E-03 6.57562E-03 6.73537E-03 6.98138E-03
30.0 1.48620E-03 1.77494E-03 2.20582E-03 2.61998E-03 3.52226E-03 4.31999E-03 5.13366E-03 6.58251E-03 7.77659E-03 8.83990E-03 9.71905E-03 1.04762E-02 1.09319E-02 1.14231E-02 1.18848E-02 1.18830E-02
100.0 2.88291E-03 3.47711E-03 4.29175E-03 5.01978E-03 6.85399E-03 8.40930E-03 1.00701E-02 1.26794E-02 1.49815E-02 1.72022E-02 1.88474E-02 2.03371E-02 2.16983E-02 2.19702E-02 2.27081E-02 2.37055E-02
