Yield function of production of Ti44 by protons, neutrons, alphas, pi+ and pi-, [(Ti44 atoms * cm2) / (g * prim. part. nucleon)] (computed with Geant4.10).
The primaries are alphas.
Energy[GeV/nuc],depths[g/cm2]: 1 3 5 10 15 20 30 40 50 60 70 80 90 100 110 120 130.2
0.01 3.99017E-07 1.98160E-07 1.78862E-07 1.74068E-07 1.56937E-07 1.64465E-07 1.50382E-07 1.44758E-07 1.38436E-07 1.32571E-07 1.24288E-07 1.10818E-07 9.97136E-08 7.24174E-08 6.54312E-08 1.15734E-07 8.09785E-08
0.03 3.62459E-06 3.96913E-06 3.07451E-06 2.93200E-06 2.81502E-06 2.82422E-06 2.84080E-06 2.87693E-06 2.66675E-06 2.51823E-06 2.40976E-06 2.19113E-06 2.04241E-06 1.98284E-06 1.74038E-06 1.66500E-06 1.55906E-06
0.1 4.48473E-05 6.41978E-05 7.84781E-05 8.19949E-05 7.92536E-05 8.02926E-05 8.30058E-05 8.45885E-05 8.49550E-05 8.36861E-05 8.24107E-05 7.89083E-05 7.72699E-05 7.51514E-05 7.49213E-05 7.64197E-05 7.82675E-05
0.18 1.22291E-04 1.61875E-04 2.00527E-04 2.30694E-04 2.84776E-04 3.19620E-04 3.38090E-04 3.50240E-04 3.61280E-04 3.66255E-04 3.71526E-04 3.58931E-04 3.53264E-04 3.51728E-04 3.42946E-04 3.29178E-04 3.15397E-04
0.3 2.49249E-04 3.09295E-04 3.86220E-04 4.45659E-04 5.77097E-04 6.83665E-04 7.85288E-04 9.32407E-04 1.02286E-03 1.09148E-03 1.12403E-03 1.13566E-03 1.15417E-03 1.17255E-03 1.14874E-03 1.24296E-03 1.18055E-03
0.56 4.97828E-04 6.01166E-04 7.43251E-04 8.70747E-04 1.13987E-03 1.38357E-03 1.59966E-03 1.97588E-03 2.30437E-03 2.55903E-03 2.74316E-03 2.90741E-03 3.01475E-03 3.18958E-03 3.25189E-03 3.19395E-03 3.32515E-03
1.0 8.11055E-04 9.70194E-04 1.21219E-03 1.40991E-03 1.86727E-03 2.27254E-03 2.65220E-03 3.29183E-03 3.88766E-03 4.28663E-03 4.67490E-03 4.95927E-03 5.18685E-03 5.52287E-03 5.52447E-03 5.68063E-03 5.81490E-03
3.0 1.63151E-03 1.95123E-03 2.43143E-03 2.80766E-03 3.74522E-03 4.59838E-03 5.34833E-03 6.72533E-03 7.93621E-03 8.94775E-03 9.82335E-03 1.03842E-02 1.10863E-02 1.14495E-02 1.18625E-02 1.20360E-02 1.19104E-02
10.0 3.65192E-03 4.38703E-03 5.39620E-03 6.27937E-03 8.49306E-03 1.03232E-02 1.20736E-02 1.52563E-02 1.79687E-02 2.02489E-02 2.19982E-02 2.39140E-02 2.50426E-02 2.60977E-02 2.70273E-02 2.74744E-02 2.65489E-02
30.0 6.65616E-03 7.96532E-03 9.80914E-03 1.15246E-02 1.54151E-02 1.88874E-02 2.24117E-02 2.84537E-02 3.40217E-02 3.87361E-02 4.27748E-02 4.61596E-02 4.90763E-02 5.10981E-02 5.28969E-02 5.22979E-02 5.77267E-02
100.0 1.31142E-02 1.54741E-02 1.95521E-02 2.26946E-02 3.01197E-02 3.76465E-02 4.41274E-02 5.66776E-02 6.82057E-02 7.73565E-02 8.51328E-02 9.19756E-02 1.00835E-01 1.01448E-01 1.06521E-01 1.11124E-01 1.09314E-01
