Yield function of production of Ti44 by protons, neutrons, alphas, pi+ and pi-, [(Ti44 atoms * cm2) / (g * prim. part. nucleon)] (computed with Geant4.10).
The primaries are protons.
Energy[GeV/nuc],depths[g/cm2]: 1 3 5 10 15 20 30 40 50 60 70 80 90 100 110 120 130.2
0.01 2.04251E-04 2.51320E-08 2.10547E-08 1.98708E-08 1.83794E-08 1.81121E-08 1.74012E-08 1.74014E-08 1.70134E-08 1.23176E-08 9.46694E-09 8.24390E-09 6.71094E-09 7.41519E-09 5.62333E-09 5.90895E-09 4.09653E-09
0.03 2.06956E-04 2.70125E-05 4.10507E-07 3.86147E-07 3.65389E-07 3.57995E-07 3.38750E-07 3.19084E-07 2.92226E-07 2.59783E-07 2.44177E-07 2.14937E-07 1.88184E-07 1.74794E-07 1.68887E-07 1.48805E-07 1.51991E-07
0.1 2.23545E-04 1.99777E-04 1.54275E-04 1.12247E-04 1.21003E-05 1.20595E-05 1.15857E-05 1.21015E-05 1.18239E-05 1.08726E-05 1.00984E-05 9.62311E-06 9.29290E-06 8.42989E-06 8.06681E-06 8.65260E-06 6.66474E-06
0.18 3.75366E-05 6.50601E-05 8.06452E-05 9.79429E-05 1.41774E-04 1.47656E-04 1.10746E-04 5.69506E-05 5.68547E-05 5.55535E-05 5.39564E-05 5.34517E-05 5.09373E-05 4.88953E-05 4.37408E-05 5.02702E-05 4.43735E-05
0.3 6.20034E-05 7.51244E-05 9.60698E-05 1.10291E-04 1.53131E-04 1.79979E-04 1.89806E-04 2.18926E-04 2.33859E-04 2.43901E-04 2.06613E-04 1.87500E-04 1.83533E-04 1.79907E-04 1.80609E-04 1.84012E-04 1.74105E-04
0.56 1.23372E-04 1.49049E-04 1.89850E-04 2.11995E-04 2.79109E-04 3.35944E-04 3.81006E-04 4.73761E-04 5.46106E-04 5.95979E-04 6.34811E-04 6.78995E-04 6.97383E-04 7.40984E-04 7.09000E-04 7.00715E-04 7.11794E-04
1.0 2.01607E-04 2.43689E-04 3.00559E-04 3.49431E-04 4.67243E-04 5.56081E-04 6.44966E-04 7.93430E-04 9.29118E-04 1.02711E-03 1.10275E-03 1.16488E-03 1.23146E-03 1.26488E-03 1.35233E-03 1.34392E-03 1.36109E-03
3.0 4.06643E-04 4.87390E-04 6.23695E-04 7.07400E-04 9.31798E-04 1.15226E-03 1.34488E-03 1.67874E-03 1.99027E-03 2.23120E-03 2.41044E-03 2.55102E-03 2.71434E-03 2.89392E-03 2.90338E-03 2.94323E-03 2.95633E-03
10.0 9.91035E-04 1.17780E-03 1.45557E-03 1.68803E-03 2.25138E-03 2.77270E-03 3.25099E-03 4.10207E-03 4.78274E-03 5.36786E-03 5.87273E-03 6.30179E-03 6.68570E-03 6.90289E-03 7.12409E-03 7.21286E-03 7.52269E-03
30.0 1.58591E-03 1.88164E-03 2.32546E-03 2.71312E-03 3.65635E-03 4.49045E-03 5.27617E-03 6.72400E-03 8.01872E-03 9.08629E-03 9.97406E-03 1.06321E-02 1.12707E-02 1.16483E-02 1.22929E-02 1.26432E-02 1.30037E-02
100.0 3.09269E-03 3.64146E-03 4.58893E-03 5.36157E-03 7.21762E-03 8.83667E-03 1.03591E-02 1.30526E-02 1.54650E-02 1.76945E-02 1.95716E-02 2.10041E-02 2.22463E-02 2.31723E-02 2.35937E-02 2.44211E-02 2.35729E-02
