Yield function of production of Ti44 by protons, neutrons, alphas, [(Ti44 atoms * cm2) / (g * prim. part. nucleon)] (computed with Geant4.10).
The primaries are alphas.
Energy[GeV/nuc],depths[g/cm2]: 0 1 3 5 12.14 19.28 26.42 33.56 40.7 47.84 54.98 62.12 69.26 76.4 83.54 90.68 97.82 104.96 112.1 119.24 126.38 133.52 140.66 147.8 154.94 162.08 169.22 176.36 183.5 190.64 197.78 204.92 212.06 219.2 226.34 233.48 240.62 247.76 254.9 262.04 269.18 276.32 283.46 290.6
0.03 9.51089E-06 8.97274E-08 9.51726E-11 8.05678E-11 5.79859E-11 4.72941E-11 3.96888E-11 3.34889E-11 2.97021E-11 2.53355E-11 2.31997E-11 1.98844E-11 1.74760E-11 1.54439E-11 1.40801E-11 1.28034E-11 1.09223E-11 1.05015E-11 9.21538E-12 8.20098E-12 8.03049E-12 6.86663E-12 7.23879E-12 6.85769E-12 5.66058E-12 5.47937E-12 4.50033E-12 4.89308E-12 4.41791E-12 4.90385E-12 4.06496E-12 4.10125E-12 3.62672E-12 4.09751E-12 3.39301E-12 3.47712E-12 2.76311E-12 3.20634E-12 3.51167E-12 2.57847E-12 2.55699E-12 3.55257E-12 1.68806E-12 0.00000E+00
0.1 1.08688E-05 9.76802E-06 7.28189E-06 4.81494E-06 2.14696E-08 1.74578E-08 1.52237E-08 1.37297E-08 1.24397E-08 1.14529E-08 1.04981E-08 9.81058E-09 9.10760E-09 8.48763E-09 7.91486E-09 7.36580E-09 6.88156E-09 6.51859E-09 6.14038E-09 5.78908E-09 5.46774E-09 5.20893E-09 4.91670E-09 4.73106E-09 4.48795E-09 4.28679E-09 4.17433E-09 4.00770E-09 3.87256E-09 3.81052E-09 3.64809E-09 3.47875E-09 3.38882E-09 3.25326E-09 3.18281E-09 3.13779E-09 2.93073E-09 3.48453E-09 3.01216E-09 2.78516E-09 2.73522E-09 2.75071E-09 3.79270E-09 2.87577E-09
0.18 8.70089E-06 8.30140E-06 7.41910E-06 6.88114E-06 4.68218E-06 2.50942E-06 3.32414E-07 1.69474E-07 1.52842E-07 1.39712E-07 1.29492E-07 1.20886E-07 1.12449E-07 1.05320E-07 9.95849E-08 9.33351E-08 8.91685E-08 8.44290E-08 8.03825E-08 7.68233E-08 7.32614E-08 7.01046E-08 6.67149E-08 6.48077E-08 6.22480E-08 5.99517E-08 5.80810E-08 5.60436E-08 5.42174E-08 5.27866E-08 5.16513E-08 4.97353E-08 4.89694E-08 4.74158E-08 4.65597E-08 4.58998E-08 4.54039E-08 4.55242E-08 4.50019E-08 4.62882E-08 4.14854E-08 4.20147E-08 3.96612E-08 3.98223E-08
0.3 9.27619E-06 9.06884E-06 8.43069E-06 7.88412E-06 6.25059E-06 5.23306E-06 4.36481E-06 3.62858E-06 2.97904E-06 2.36466E-06 1.72145E-06 1.06141E-06 8.40558E-07 7.88330E-07 7.42922E-07 7.04148E-07 6.68622E-07 6.36616E-07 6.07666E-07 5.80592E-07 5.60817E-07 5.38198E-07 5.16794E-07 5.00048E-07 4.82328E-07 4.65446E-07 4.50507E-07 4.41678E-07 4.24172E-07 4.12613E-07 4.03012E-07 3.94230E-07 3.85260E-07 3.77038E-07 3.73634E-07 3.65987E-07 3.58610E-07 3.54806E-07 3.53078E-07 3.53960E-07 3.51929E-07 3.40126E-07 3.33714E-07 3.18684E-07
0.56 1.13449E-05 1.14191E-05 1.14457E-05 1.14845E-05 1.09397E-05 1.05449E-05 1.01281E-05 9.70088E-06 9.20481E-06 8.73766E-06 8.29952E-06 7.82983E-06 7.41127E-06 7.01066E-06 6.62106E-06 6.26110E-06 5.92601E-06 5.58598E-06 5.30896E-06 5.03871E-06 4.80167E-06 4.54820E-06 4.33961E-06 4.15450E-06 3.96432E-06 3.78373E-06 3.60339E-06 3.47626E-06 3.38003E-06 3.30363E-06 3.22919E-06 3.15945E-06 3.08914E-06 3.05099E-06 3.00301E-06 2.95778E-06 2.94960E-06 2.86464E-06 2.82235E-06 2.81128E-06 2.81702E-06 2.76429E-06 2.68923E-06 2.49514E-06
1.0 1.46520E-05 1.52174E-05 1.57599E-05 1.63062E-05 1.67494E-05 1.72393E-05 1.74127E-05 1.75547E-05 1.74910E-05 1.73341E-05 1.71054E-05 1.67793E-05 1.65105E-05 1.61831E-05 1.58526E-05 1.54967E-05 1.51205E-05 1.47322E-05 1.44601E-05 1.40949E-05 1.38309E-05 1.35753E-05 1.32214E-05 1.28613E-05 1.25850E-05 1.22922E-05 1.20572E-05 1.17931E-05 1.16421E-05 1.13122E-05 1.10875E-05 1.10726E-05 1.07201E-05 1.05896E-05 1.05606E-05 1.02989E-05 1.02137E-05 1.00681E-05 9.81166E-06 9.92404E-06 1.01216E-05 9.78147E-06 9.39791E-06 9.59804E-06
3.0 2.27140E-05 2.38152E-05 2.51727E-05 2.63218E-05 2.81760E-05 2.98641E-05 3.10899E-05 3.20128E-05 3.27022E-05 3.32369E-05 3.34903E-05 3.39679E-05 3.42185E-05 3.41963E-05 3.40697E-05 3.41742E-05 3.41531E-05 3.42028E-05 3.40739E-05 3.38098E-05 3.36955E-05 3.37630E-05 3.35800E-05 3.33420E-05 3.30640E-05 3.29953E-05 3.29388E-05 3.26428E-05 3.28101E-05 3.24551E-05 3.21702E-05 3.22096E-05 3.18474E-05 3.17509E-05 3.14588E-05 3.11333E-05 3.12409E-05 3.10283E-05 3.07077E-05 3.07481E-05 3.10619E-05 3.07550E-05 3.05756E-05 3.05592E-05
10.0 3.78669E-05 3.98140E-05 4.22380E-05 4.45350E-05 4.83916E-05 5.23904E-05 5.55765E-05 5.80312E-05 6.02905E-05 6.21791E-05 6.33968E-05 6.47388E-05 6.58959E-05 6.65368E-05 6.76392E-05 6.79836E-05 6.85591E-05 6.89839E-05 6.93525E-05 6.99714E-05 6.97216E-05 7.02960E-05 7.02785E-05 7.07396E-05 7.07365E-05 7.09039E-05 7.11923E-05 7.11952E-05 7.06838E-05 7.11756E-05 7.09936E-05 7.11856E-05 7.07056E-05 7.09181E-05 7.06121E-05 7.19019E-05 7.01711E-05 7.13832E-05 6.94121E-05 7.03182E-05 7.02163E-05 6.86095E-05 6.85713E-05 6.70119E-05
30.0 6.43405E-05 6.71324E-05 7.03709E-05 7.40951E-05 8.05308E-05 8.75943E-05 9.37333E-05 9.91437E-05 1.04233E-04 1.08589E-04 1.11777E-04 1.15198E-04 1.17660E-04 1.20630E-04 1.23661E-04 1.25531E-04 1.28093E-04 1.29721E-04 1.31688E-04 1.33364E-04 1.34981E-04 1.37598E-04 1.36786E-04 1.38845E-04 1.41080E-04 1.41886E-04 1.42255E-04 1.43703E-04 1.42929E-04 1.44272E-04 1.44604E-04 1.44773E-04 1.42509E-04 1.44684E-04 1.47151E-04 1.47150E-04 1.45246E-04 1.46357E-04 1.47192E-04 1.46836E-04 1.47164E-04 1.47719E-04 1.53801E-04 1.46934E-04
100.0 1.22963E-04 1.27796E-04 1.34402E-04 1.41248E-04 1.54014E-04 1.68430E-04 1.82238E-04 1.92920E-04 2.04771E-04 2.13024E-04 2.25660E-04 2.33953E-04 2.39683E-04 2.46890E-04 2.54468E-04 2.60701E-04 2.66087E-04 2.70550E-04 2.77448E-04 2.83104E-04 2.88196E-04 2.93134E-04 2.98234E-04 2.99652E-04 3.04550E-04 3.08762E-04 3.08374E-04 3.10732E-04 3.13011E-04 3.11619E-04 3.14479E-04 3.17430E-04 3.19382E-04 3.18168E-04 3.19861E-04 3.28372E-04 3.24769E-04 3.28827E-04 3.24800E-04 3.18671E-04 3.24809E-04 3.29063E-04 3.27540E-04 3.43605E-04
