Yield function of production of Ti44 by protons, neutrons, alphas, [(Ti44 atoms * cm2) / (g * prim. part. nucleon)] (computed with Geant4.10).
The primaries are protons.
Energy[GeV/nuc],depths[g/cm2]: 0 1 3 5 12.14 19.28 26.42 33.56 40.7 47.84 54.98 62.12 69.26 76.4 83.54 90.68 97.82 104.96 112.1 119.24 126.38 133.52 140.66 147.8 154.94 162.08 169.22 176.36 183.5 190.64 197.78 204.92 212.06 219.2 226.34 233.48 240.62 247.76 254.9 262.04 269.18 276.32 283.46 290.6
0.03 1.06800E-08 1.15260E-16 1.19346E-16 1.00993E-16 1.08011E-16 0.00000E+00 0.00000E+00 0.00000E+00 0.00000E+00 0.00000E+00 0.00000E+00 0.00000E+00 0.00000E+00 0.00000E+00 0.00000E+00 0.00000E+00 0.00000E+00 0.00000E+00 0.00000E+00 0.00000E+00 0.00000E+00 0.00000E+00 0.00000E+00 0.00000E+00 0.00000E+00 0.00000E+00 0.00000E+00 0.00000E+00 0.00000E+00 0.00000E+00 0.00000E+00 0.00000E+00 0.00000E+00 0.00000E+00 0.00000E+00 0.00000E+00 0.00000E+00 0.00000E+00 0.00000E+00 0.00000E+00 0.00000E+00 0.00000E+00 0.00000E+00 0.00000E+00
0.1 4.94032E-07 2.12624E-07 5.70805E-08 2.55755E-08 3.53210E-10 2.85093E-10 2.39480E-10 2.06232E-10 1.78827E-10 1.55966E-10 1.36578E-10 1.20516E-10 1.07843E-10 9.69125E-11 8.61628E-11 7.83393E-11 7.16516E-11 6.56260E-11 5.87493E-11 5.36949E-11 4.88889E-11 4.53829E-11 4.13654E-11 3.83512E-11 3.63773E-11 3.54244E-11 3.09243E-11 3.28057E-11 2.82248E-11 2.55640E-11 2.21956E-11 2.16620E-11 2.07390E-11 1.91045E-11 1.93568E-11 1.97428E-11 1.63103E-11 1.70388E-11 1.98831E-11 2.01625E-11 8.39318E-12 1.00608E-11 1.73157E-11 2.19160E-11
0.18 1.64646E-06 1.20733E-06 9.28266E-07 6.84812E-07 2.13334E-07 3.40339E-08 8.89672E-09 7.88386E-09 7.14539E-09 6.46228E-09 5.94477E-09 5.49712E-09 5.13789E-09 4.66800E-09 4.35136E-09 4.09668E-09 3.84566E-09 3.71487E-09 3.41152E-09 3.18005E-09 3.02548E-09 2.89383E-09 2.74742E-09 2.58969E-09 2.41797E-09 2.29542E-09 2.25025E-09 2.15957E-09 2.17277E-09 2.00980E-09 1.91483E-09 1.88739E-09 1.78929E-09 1.77399E-09 1.74971E-09 1.75028E-09 1.64192E-09 1.51937E-09 1.56614E-09 1.55218E-09 1.38234E-09 1.41805E-09 1.62744E-09 1.11217E-09
0.3 3.49317E-06 3.29483E-06 2.80684E-06 2.42112E-06 1.59099E-06 1.08074E-06 7.16745E-07 4.55879E-07 2.70682E-07 1.48875E-07 8.31087E-08 6.45758E-08 6.05931E-08 5.65356E-08 5.36982E-08 5.04881E-08 4.73084E-08 4.51979E-08 4.27417E-08 4.06476E-08 3.88899E-08 3.74251E-08 3.58888E-08 3.42010E-08 3.27249E-08 3.18945E-08 3.03766E-08 3.05786E-08 2.87397E-08 2.79700E-08 2.74231E-08 2.69623E-08 2.68899E-08 2.47956E-08 2.52466E-08 2.55006E-08 2.32582E-08 2.32725E-08 2.34645E-08 2.26544E-08 2.60039E-08 2.18390E-08 2.24416E-08 1.88040E-08
0.56 6.10590E-06 6.08523E-06 5.78847E-06 5.54802E-06 4.69698E-06 4.12603E-06 3.61858E-06 3.19249E-06 2.79656E-06 2.45120E-06 2.15474E-06 1.90198E-06 1.66642E-06 1.47272E-06 1.29890E-06 1.13834E-06 9.98021E-07 8.63798E-07 7.50020E-07 6.42089E-07 5.58639E-07 4.83491E-07 4.21190E-07 3.71457E-07 3.35650E-07 3.11923E-07 2.95507E-07 2.87667E-07 2.83489E-07 2.71729E-07 2.67925E-07 2.61546E-07 2.56673E-07 2.51342E-07 2.51947E-07 2.43169E-07 2.42573E-07 2.40940E-07 2.28940E-07 2.26384E-07 2.35016E-07 2.29913E-07 2.54131E-07 2.44144E-07
1.0 8.07293E-06 8.07671E-06 7.88696E-06 7.75403E-06 7.08301E-06 6.67287E-06 6.33063E-06 5.98517E-06 5.67573E-06 5.43154E-06 5.08838E-06 4.93830E-06 4.72931E-06 4.41450E-06 4.25903E-06 4.02876E-06 3.86962E-06 3.69732E-06 3.51600E-06 3.38201E-06 3.20645E-06 3.05423E-06 2.96461E-06 2.79909E-06 2.70843E-06 2.58455E-06 2.55220E-06 2.47259E-06 2.38962E-06 2.33439E-06 2.29483E-06 2.15150E-06 2.13327E-06 2.05973E-06 1.99708E-06 1.93965E-06 1.84609E-06 1.84214E-06 1.98923E-06 1.82088E-06 1.83183E-06 1.75617E-06 1.77371E-06 1.52553E-06
3.0 7.81063E-06 7.87303E-06 8.07628E-06 8.16112E-06 8.20106E-06 8.42258E-06 8.55137E-06 8.61957E-06 8.67420E-06 8.71501E-06 8.72191E-06 8.75148E-06 8.77234E-06 8.74991E-06 8.69416E-06 8.74435E-06 8.61977E-06 8.50628E-06 8.51894E-06 8.43259E-06 8.42272E-06 8.31951E-06 8.21484E-06 8.24528E-06 8.09151E-06 8.04245E-06 7.92397E-06 7.93005E-06 7.95170E-06 7.82122E-06 7.80411E-06 7.77035E-06 7.63491E-06 7.80005E-06 7.72795E-06 7.47214E-06 7.46375E-06 7.62999E-06 7.28064E-06 7.31350E-06 7.31741E-06 7.35904E-06 7.01148E-06 8.02343E-06
10.0 1.16604E-05 1.20270E-05 1.25801E-05 1.29869E-05 1.36035E-05 1.43746E-05 1.49818E-05 1.52812E-05 1.58580E-05 1.60467E-05 1.64089E-05 1.64299E-05 1.67270E-05 1.68596E-05 1.68624E-05 1.71585E-05 1.70957E-05 1.71804E-05 1.72056E-05 1.72341E-05 1.73714E-05 1.73351E-05 1.74971E-05 1.72309E-05 1.74308E-05 1.74003E-05 1.72842E-05 1.72561E-05 1.69800E-05 1.71308E-05 1.70298E-05 1.73404E-05 1.73646E-05 1.69761E-05 1.70102E-05 1.69417E-05 1.71201E-05 1.69137E-05 1.67606E-05 1.71489E-05 1.72275E-05 1.69542E-05 1.67771E-05 1.51170E-05
30.0 1.81167E-05 1.85187E-05 1.93708E-05 2.00499E-05 2.13445E-05 2.25960E-05 2.37476E-05 2.52025E-05 2.60060E-05 2.70184E-05 2.79449E-05 2.89640E-05 2.94753E-05 3.01055E-05 3.09765E-05 3.15621E-05 3.18736E-05 3.24907E-05 3.28296E-05 3.35823E-05 3.33864E-05 3.31314E-05 3.42619E-05 3.46333E-05 3.46823E-05 3.46623E-05 3.48552E-05 3.53777E-05 3.54897E-05 3.58745E-05 3.63235E-05 3.58403E-05 3.63745E-05 3.66253E-05 3.58059E-05 3.61978E-05 3.54211E-05 3.68519E-05 3.53975E-05 3.63096E-05 3.58680E-05 3.81846E-05 3.37747E-05 3.35466E-05
100.0 3.53592E-05 3.63355E-05 3.74667E-05 3.93505E-05 4.15703E-05 4.50869E-05 4.75037E-05 5.08809E-05 5.26810E-05 5.57749E-05 5.83614E-05 6.00757E-05 6.18297E-05 6.36294E-05 6.48200E-05 6.73287E-05 6.79802E-05 6.92203E-05 7.24344E-05 7.23806E-05 7.41268E-05 7.41069E-05 7.50012E-05 7.56881E-05 7.77105E-05 7.78976E-05 7.79416E-05 7.90723E-05 8.04407E-05 8.10068E-05 8.59742E-05 8.16454E-05 8.14953E-05 8.15166E-05 8.27991E-05 8.33667E-05 8.41857E-05 8.28728E-05 8.41844E-05 8.48819E-05 8.39487E-05 8.68826E-05 8.23549E-05 7.81394E-05
