Yield function of production of Ti44 by protons, neutrons, alphas, [(Ti44 atoms * cm2) / (g * prim. part. nucleon)] (computed with Geant4.10).
The primaries are protons.
Energy[GeV/nuc],depths[g/cm2]: 1 3 10 20 30 40 50 60 71.6
0.01 2.68885E-06 0.00000E+00 0.00000E+00 0.00000E+00 0.00000E+00 0.00000E+00 0.00000E+00 0.00000E+00 0.00000E+00
0.03 1.83802E-06 4.26230E-07 9.51978E-13 5.66727E-13 3.60263E-13 2.23554E-13 1.81321E-13 2.24605E-13 8.90500E-14
0.1 1.31090E-06 1.25585E-06 1.02202E-06 4.12931E-09 3.06072E-09 2.71810E-09 2.49231E-09 2.42783E-09 2.00474E-09
0.18 1.41382E-06 1.44100E-06 1.33074E-06 9.44337E-07 4.99556E-07 2.36965E-08 2.18706E-08 2.16032E-08 2.01853E-08
0.3 1.53093E-06 1.59007E-06 1.60057E-06 1.49867E-06 1.36980E-06 1.12876E-06 9.80085E-07 7.77506E-07 5.13996E-07
0.56 2.96515E-06 4.04699E-06 3.79108E-06 4.17993E-06 3.85108E-06 3.60601E-06 3.19668E-06 1.07472E-05 2.85682E-06
1.0 1.15194E-05 1.37781E-05 1.61680E-05 2.25496E-05 2.74289E-05 2.40221E-05 2.73584E-05 2.26800E-05 1.89334E-05
3.0 4.34652E-05 5.18024E-05 5.73789E-05 7.57273E-05 9.65623E-05 9.54666E-05 1.17549E-04 9.71821E-05 1.03176E-04
10.0 1.45178E-04 1.73294E-04 1.86977E-04 2.58217E-04 2.98580E-04 3.58071E-04 3.46021E-04 3.45581E-04 3.31730E-04
30.0 2.69484E-04 3.02451E-04 3.46547E-04 4.36279E-04 5.20615E-04 5.53840E-04 5.91679E-04 6.18813E-04 6.40357E-04
100.0 5.61309E-04 6.41834E-04 6.85205E-04 8.67936E-04 9.82195E-04 1.39386E-03 1.22113E-03 1.44359E-03 1.73143E-03
