Yield function of production of Ti44 by protons, neutrons, alphas, pi+ and pi-, [(Ti44 atoms * cm2) / (g * prim. part. nucleon)] (computed with Geant4.10).
The primaries are alphas.
Energy[GeV/nuc],depths[g/cm2]: 1 3 10 20 30 40 50 60 71.6
0.01 1.69853E-04 2.04774E-07 1.86251E-07 1.76578E-07 1.80235E-07 1.93509E-07 2.04276E-07 2.02387E-07 1.92374E-07
0.03 1.74121E-04 2.72017E-05 3.02550E-06 2.95624E-06 3.09957E-06 3.25190E-06 3.34489E-06 3.29329E-06 3.34222E-06
0.1 3.19533E-04 2.90026E-04 2.42861E-04 8.37934E-05 8.92125E-05 9.46261E-05 9.74173E-05 1.02022E-04 1.04156E-04
0.18 4.11763E-04 4.32598E-04 4.37057E-04 4.37807E-04 4.11889E-04 3.76636E-04 3.85521E-04 4.03366E-04 4.00974E-04
0.3 2.92551E-04 3.77602E-04 5.03256E-04 7.75443E-04 9.37393E-04 1.06495E-03 1.15203E-03 1.17852E-03 1.20920E-03
0.56 3.93055E-04 4.69670E-04 5.84453E-04 8.80223E-04 1.21903E-03 1.49129E-03 1.67128E-03 1.81761E-03 1.90687E-03
1.0 5.94106E-04 7.11042E-04 8.88696E-04 1.34910E-03 1.93652E-03 2.29538E-03 2.66578E-03 2.87308E-03 3.05003E-03
3.0 1.14878E-03 1.37555E-03 1.70084E-03 2.58041E-03 3.71687E-03 4.47087E-03 5.28616E-03 5.56456E-03 6.03282E-03
10.0 2.56860E-03 3.01817E-03 3.76691E-03 5.61777E-03 7.89789E-03 9.83144E-03 1.11962E-02 1.20939E-02 1.28567E-02
30.0 4.46524E-03 5.23902E-03 6.40846E-03 9.55249E-03 1.34494E-02 1.70636E-02 1.93792E-02 2.05369E-02 2.16650E-02
100.0 7.81364E-03 9.13523E-03 1.14956E-02 1.72526E-02 2.39979E-02 2.93050E-02 3.39648E-02 3.67450E-02 4.82191E-02
