Yield function of production of Ti44 by protons, neutrons, alphas, [(Ti44 atoms * cm2) / (g * prim. part. nucleon)] (computed with Geant4.10).
The primaries are alphas.
Energy[GeV/nuc],depths[g/cm2]: 1 3 10 20 30 40 50 60 71.6
0.01 1.69853E-04 2.04774E-07 1.86251E-07 1.76578E-07 1.80235E-07 1.93509E-07 2.04276E-07 2.02387E-07 1.92374E-07
0.03 1.74121E-04 2.72017E-05 3.02550E-06 2.95624E-06 3.09957E-06 3.25190E-06 3.34489E-06 3.29329E-06 3.34222E-06
0.1 3.19533E-04 2.90026E-04 2.42861E-04 8.37934E-05 8.92125E-05 9.46261E-05 9.74173E-05 1.02022E-04 1.04156E-04
0.18 4.11756E-04 4.32598E-04 4.37057E-04 4.37807E-04 4.11889E-04 3.76636E-04 3.85521E-04 4.03366E-04 4.00974E-04
0.3 2.92508E-04 3.77585E-04 5.03238E-04 7.75420E-04 9.37371E-04 1.06491E-03 1.15199E-03 1.17852E-03 1.20920E-03
0.56 3.87298E-04 4.64293E-04 5.73780E-04 8.72720E-04 1.21111E-03 1.48448E-03 1.66459E-03 1.81052E-03 1.89885E-03
1.0 5.58978E-04 6.67259E-04 8.39003E-04 1.27136E-03 1.82179E-03 2.21173E-03 2.56666E-03 2.79681E-03 2.97943E-03
3.0 1.00357E-03 1.19967E-03 1.49834E-03 2.31228E-03 3.33805E-03 4.16019E-03 4.91257E-03 5.20668E-03 5.66374E-03
10.0 2.02525E-03 2.41392E-03 3.04041E-03 4.71979E-03 6.79667E-03 8.57602E-03 9.93085E-03 1.07925E-02 1.14772E-02
30.0 3.27437E-03 3.89359E-03 4.87376E-03 7.63005E-03 1.10723E-02 1.40235E-02 1.62847E-02 1.77952E-02 1.87738E-02
100.0 5.53966E-03 6.63996E-03 8.61603E-03 1.33407E-02 1.92540E-02 2.40411E-02 2.82416E-02 3.17693E-02 4.24621E-02
