Yield function of production of Ti44 by protons, neutrons, alphas, [(Ti44 atoms * cm2) / (g * prim. part. nucleon)] (computed with Geant4.10).
The primaries are protons.
Energy[GeV/nuc],depths[g/cm2]: 1 3 10 20 30 40 50 60 71.6
0.01 2.68885E-06 0.00000E+00 0.00000E+00 0.00000E+00 0.00000E+00 0.00000E+00 0.00000E+00 0.00000E+00 0.00000E+00
0.03 1.83802E-06 4.26230E-07 9.51978E-13 5.66727E-13 3.60263E-13 2.23554E-13 1.81321E-13 2.24605E-13 8.90500E-14
0.1 1.31090E-06 1.25585E-06 1.02202E-06 4.12931E-09 3.06072E-09 2.71810E-09 2.49231E-09 2.42783E-09 2.00474E-09
0.18 1.41382E-06 1.44100E-06 1.33074E-06 9.44337E-07 4.99556E-07 2.36965E-08 2.18706E-08 2.16032E-08 2.01853E-08
0.3 1.52919E-06 1.58894E-06 1.59713E-06 1.49739E-06 1.36886E-06 1.12826E-06 9.80085E-07 7.77506E-07 5.13996E-07
0.56 1.88340E-06 1.99029E-06 1.95766E-06 1.98769E-06 1.93433E-06 1.90457E-06 1.86402E-06 1.86937E-06 1.83149E-06
1.0 2.01233E-06 2.09799E-06 2.08221E-06 2.19291E-06 2.09511E-06 2.14675E-06 2.05241E-06 2.36924E-06 2.12031E-06
3.0 2.27890E-06 2.38025E-06 2.40148E-06 2.56461E-06 2.67665E-06 2.71517E-06 2.68124E-06 2.71034E-06 2.65904E-06
10.0 3.00667E-06 3.21102E-06 3.35667E-06 3.73333E-06 4.01092E-06 4.16155E-06 4.32740E-06 4.34853E-06 4.02957E-06
30.0 1.64177E-06 1.83186E-06 2.04274E-06 2.74544E-06 2.92639E-06 3.29031E-06 3.86703E-06 3.63682E-06 6.68874E-06
100.0 2.66296E-06 3.29412E-06 3.36287E-06 4.13400E-06 6.18100E-06 5.38804E-06 5.60249E-06 6.37240E-06 6.93001E-06
