Yield function of production of Ti44 by protons, neutrons, alphas, [(Ti44 atoms * cm2) / (g * prim. part. nucleon)] (computed with Geant4.10).
The primaries are alphas.
Energy[GeV/nuc],depths[g/cm2]: 1 3 10 20 30 40 50 60 71.6
0.01 7.33732E-07 1.25498E-12 7.60511E-13 4.60022E-13 3.57959E-13 3.77091E-13 5.40072E-13 2.54341E-13 1.56229E-12
0.03 4.15076E-07 4.01167E-08 1.25277E-09 6.53125E-10 5.62975E-10 4.84828E-10 4.36783E-10 4.21577E-10 3.81313E-10
0.1 3.40707E-07 3.85280E-07 3.42792E-07 6.57476E-08 4.37676E-08 3.75177E-08 3.48190E-08 3.23660E-08 3.48739E-08
0.18 4.20116E-07 5.63658E-07 5.90878E-07 5.97873E-07 4.29747E-07 2.36954E-07 2.10276E-07 1.93359E-07 1.68264E-07
0.3 7.07115E-07 8.93125E-07 1.08452E-06 1.18717E-06 1.33150E-06 1.33598E-06 1.21964E-06 1.07087E-06 9.35338E-07
0.56 1.47263E-06 1.69313E-06 2.00145E-06 2.41337E-06 2.83269E-06 3.15937E-06 3.05943E-06 2.99464E-06 2.92755E-06
1.0 2.08364E-06 2.41496E-06 2.61320E-06 3.19445E-06 3.71096E-06 4.15272E-06 4.18397E-06 4.18025E-06 4.18497E-06
3.0 3.39945E-06 3.84207E-06 4.38621E-06 5.45166E-06 6.12806E-06 6.69307E-06 7.00170E-06 7.46790E-06 7.18638E-06
10.0 5.57351E-06 6.33663E-06 7.17654E-06 8.96816E-06 1.03101E-05 1.17533E-05 1.20407E-05 1.23341E-05 1.31491E-05
30.0 7.51249E-06 8.30953E-06 9.41815E-06 1.14681E-05 1.44022E-05 1.48362E-05 1.60184E-05 1.65557E-05 1.61380E-05
100.0 1.13615E-05 1.26878E-05 1.67700E-05 1.72598E-05 2.24447E-05 2.42151E-05 2.72429E-05 2.65141E-05 2.95440E-05
