Yield function of production of Ti44 by protons, neutrons, alphas, [(Ti44 atoms * cm2) / (g * prim. part. nucleon)] (computed with Geant4.10).
The primaries are protons.
Energy[GeV/nuc],depths[g/cm2]: 1 3 10 20 30 40 50 60 71.6
0.01 1.02088E-04 2.41767E-08 2.20360E-08 2.12241E-08 2.23499E-08 2.14129E-08 2.08692E-08 2.20915E-08 1.76202E-08
0.03 1.04106E-04 1.38538E-05 4.20393E-07 3.89594E-07 3.87236E-07 3.93415E-07 3.83326E-07 3.78923E-07 3.62631E-07
0.1 1.22588E-04 1.10108E-04 8.62718E-05 1.32231E-05 1.31089E-05 1.38889E-05 1.39981E-05 1.51143E-05 1.49983E-05
0.18 3.39614E-05 5.14363E-05 7.06896E-05 1.06700E-04 9.47685E-05 6.51733E-05 6.74088E-05 6.81188E-05 6.92556E-05
0.3 6.14507E-05 7.40596E-05 9.25737E-05 1.40367E-04 1.92975E-04 2.31221E-04 2.60705E-04 2.87463E-04 2.57771E-04
0.56 1.02123E-04 1.24324E-04 1.53948E-04 2.32907E-04 3.27825E-04 3.91769E-04 4.49499E-04 4.78571E-04 4.83617E-04
1.0 1.49556E-04 1.82012E-04 2.22746E-04 3.44900E-04 4.86594E-04 5.92978E-04 6.66566E-04 7.61842E-04 7.97277E-04
3.0 2.52831E-04 3.04466E-04 3.76880E-04 5.87643E-04 8.36139E-04 1.03659E-03 1.17007E-03 1.33549E-03 1.36641E-03
10.0 5.96562E-04 7.18004E-04 9.05404E-04 1.37487E-03 1.97020E-03 2.46405E-03 2.87561E-03 3.06200E-03 3.15285E-03
30.0 7.56723E-04 9.02963E-04 1.12771E-03 1.76911E-03 2.56699E-03 3.22282E-03 3.68109E-03 4.14603E-03 4.61608E-03
100.0 1.35570E-03 1.63364E-03 2.01176E-03 3.18256E-03 4.72763E-03 5.88115E-03 6.89374E-03 7.51301E-03 7.98273E-03
