Yield function of production of Ti44 by protons, neutrons, alphas, pi+ and pi-, [(Ti44 atoms * cm2) / (g * prim. part. nucleon)] (computed with Geant4.10).
The primaries are protons.
Energy[GeV/nuc],depths[g/cm2]: 1 3 10 20 30 40 50 60 71.6
0.01 1.02088E-04 2.41767E-08 2.20360E-08 2.12241E-08 2.23499E-08 2.14129E-08 2.08692E-08 2.20915E-08 1.76202E-08
0.03 1.04106E-04 1.38538E-05 4.20393E-07 3.89594E-07 3.87236E-07 3.93415E-07 3.83326E-07 3.78923E-07 3.62631E-07
0.1 1.22588E-04 1.10108E-04 8.62718E-05 1.32231E-05 1.31089E-05 1.38889E-05 1.39981E-05 1.51143E-05 1.49983E-05
0.18 3.39614E-05 5.14363E-05 7.06896E-05 1.06700E-04 9.47685E-05 6.51733E-05 6.74088E-05 6.81188E-05 6.92556E-05
0.3 6.14525E-05 7.40607E-05 9.25771E-05 1.40368E-04 1.92976E-04 2.31222E-04 2.60705E-04 2.87463E-04 2.57771E-04
0.56 1.03205E-04 1.26381E-04 1.55782E-04 2.35099E-04 3.29742E-04 3.93471E-04 4.50831E-04 4.87448E-04 4.84643E-04
1.0 1.59063E-04 1.93692E-04 2.36832E-04 3.65257E-04 5.11928E-04 6.14853E-04 6.91872E-04 7.82153E-04 8.14090E-04
3.0 2.94017E-04 3.53889E-04 4.31857E-04 6.60806E-04 9.30025E-04 1.12934E-03 1.28494E-03 1.42996E-03 1.46693E-03
10.0 7.38733E-04 8.88088E-04 1.08902E-03 1.62936E-03 2.26477E-03 2.81796E-03 3.21730E-03 3.40323E-03 3.48055E-03
30.0 1.02457E-03 1.20358E-03 1.47222E-03 2.20264E-03 3.08468E-03 3.77337E-03 4.26890E-03 4.76121E-03 5.24974E-03
100.0 1.91435E-03 2.27218E-03 2.69360E-03 4.04636E-03 5.70364E-03 7.26963E-03 8.10926E-03 8.95023E-03 9.70724E-03
