Yield function of production of Ti44 by protons, neutrons, alphas, [(Ti44 atoms * cm2) / (g * prim. part. nucleon)] (computed with Geant4.10).
The primaries are alphas.
Energy[GeV/nuc],depths[g/cm2]: 1 3 10 20 30 40 50 60 71.6
0.01 7.33732E-07 1.25498E-12 7.60511E-13 4.60022E-13 3.57959E-13 3.77091E-13 5.40072E-13 2.54341E-13 1.56229E-12
0.03 4.15076E-07 4.01167E-08 1.25277E-09 6.53125E-10 5.62975E-10 4.84828E-10 4.36783E-10 4.21577E-10 3.81313E-10
0.1 3.40707E-07 3.85280E-07 3.42792E-07 6.57476E-08 4.37676E-08 3.75177E-08 3.48190E-08 3.23660E-08 3.48739E-08
0.18 4.27361E-07 5.63658E-07 5.90905E-07 5.97898E-07 4.29747E-07 2.36954E-07 2.10276E-07 1.93359E-07 1.68264E-07
0.3 7.50418E-07 9.09527E-07 1.10205E-06 1.20965E-06 1.35282E-06 1.38024E-06 1.25435E-06 1.07910E-06 9.35338E-07
0.56 7.23008E-06 7.07085E-06 1.26740E-05 9.91681E-06 1.07538E-05 9.96881E-06 9.75080E-06 1.00891E-05 1.09545E-05
1.0 3.72119E-05 4.61972E-05 5.23062E-05 8.09360E-05 1.18436E-04 8.78027E-05 1.03304E-04 8.04438E-05 7.47857E-05
3.0 1.48602E-04 1.79720E-04 2.06889E-04 2.73578E-04 3.84944E-04 3.17374E-04 3.80592E-04 3.65354E-04 3.76259E-04
10.0 5.48932E-04 6.10582E-04 7.33674E-04 9.06941E-04 1.11154E-03 1.26717E-03 1.27736E-03 1.31366E-03 1.39265E-03
30.0 1.19839E-03 1.35374E-03 1.54413E-03 1.93391E-03 2.39144E-03 3.05494E-03 3.11053E-03 2.75828E-03 2.90735E-03
100.0 2.28534E-03 2.50795E-03 2.89632E-03 3.92910E-03 4.76627E-03 5.28810E-03 5.75048E-03 5.00223E-03 5.78650E-03
