Yield function of production of Ti44 by protons, neutrons, alphas, pi+ and pi-, [(Ti44 atoms * cm2) / (g * prim. part. nucleon)] (computed with Geant4.10).
The primaries are protons.
Energy[GeV/nuc],depths[g/cm2]: 1 3 5 10 15 20 30 40 50 60 70 80 90 100 110 120 130 140 148.8
0.01 1.92546E-16 0.00000E+00 0.00000E+00 0.00000E+00 0.00000E+00 0.00000E+00 0.00000E+00 0.00000E+00 0.00000E+00 0.00000E+00 0.00000E+00 0.00000E+00 0.00000E+00 0.00000E+00 0.00000E+00 0.00000E+00 0.00000E+00 0.00000E+00 0.00000E+00
0.03 9.58150E-09 0.00000E+00 0.00000E+00 0.00000E+00 0.00000E+00 0.00000E+00 0.00000E+00 0.00000E+00 0.00000E+00 0.00000E+00 0.00000E+00 0.00000E+00 0.00000E+00 0.00000E+00 0.00000E+00 0.00000E+00 0.00000E+00 0.00000E+00 0.00000E+00
0.1 6.45840E-07 2.63523E-07 5.73318E-08 2.40634E-08 3.98284E-10 3.58089E-10 3.08815E-10 2.52683E-10 2.22444E-10 1.87363E-10 1.70084E-10 1.59421E-10 1.44720E-10 1.21948E-10 1.26230E-10 1.24156E-10 1.05120E-10 6.34305E-11 1.09301E-10
0.18 2.37223E-06 1.76226E-06 1.33691E-06 9.86455E-07 4.55799E-07 1.64561E-07 3.56460E-08 1.43000E-08 1.22832E-08 1.11525E-08 9.68129E-09 8.94196E-09 8.69015E-09 8.77066E-09 8.23059E-09 7.52061E-09 7.47895E-09 9.29509E-09 6.70274E-09
0.3 5.22409E-06 5.28765E-06 4.37315E-06 3.81542E-06 2.86462E-06 2.19716E-06 1.70354E-06 9.83875E-07 4.96846E-07 2.23444E-07 1.35239E-07 1.23453E-07 1.14355E-07 1.14988E-07 1.18178E-07 1.09614E-07 1.06170E-07 1.29144E-07 6.86282E-08
0.56 9.62090E-06 9.58584E-06 9.06257E-06 9.30805E-06 8.32926E-06 7.80439E-06 7.23285E-06 6.36246E-06 5.94179E-06 4.81976E-06 4.31002E-06 3.75231E-06 3.54361E-06 2.99256E-06 3.52319E-06 2.40231E-06 2.16550E-06 3.42928E-06 1.69766E-06
1.0 1.33774E-05 1.34157E-05 1.34219E-05 1.28897E-05 1.29786E-05 1.26452E-05 1.20024E-05 1.15628E-05 1.11572E-05 1.07185E-05 1.00947E-05 1.00926E-05 1.04998E-05 9.32273E-06 9.40422E-06 9.01806E-06 9.25456E-06 8.97792E-06 9.54567E-06
3.0 1.29041E-05 1.29717E-05 1.33169E-05 1.35978E-05 1.41336E-05 1.45582E-05 1.47394E-05 1.49142E-05 1.53558E-05 1.56407E-05 1.58830E-05 1.54469E-05 1.55840E-05 1.59158E-05 1.54705E-05 1.62837E-05 1.73944E-05 1.45780E-05 1.58639E-05
10.0 1.75255E-05 1.81998E-05 1.86069E-05 1.92768E-05 2.00701E-05 2.10108E-05 2.27440E-05 2.22745E-05 2.35818E-05 2.44798E-05 2.40772E-05 2.47596E-05 2.53720E-05 2.60558E-05 2.64457E-05 2.44676E-05 3.18066E-05 2.63627E-05 2.84549E-05
30.0 2.31779E-05 2.37486E-05 2.50206E-05 2.56307E-05 2.77677E-05 2.84692E-05 2.92409E-05 3.23753E-05 3.33657E-05 3.55875E-05 3.59045E-05 3.72037E-05 3.88212E-05 3.90318E-05 4.06910E-05 4.05227E-05 4.25016E-05 3.89675E-05 3.86724E-05
100.0 3.63509E-05 3.73961E-05 3.92482E-05 4.08555E-05 4.25730E-05 4.36564E-05 4.80648E-05 5.06899E-05 5.55512E-05 5.56004E-05 5.75021E-05 5.84979E-05 6.35027E-05 6.69006E-05 6.76355E-05 6.61270E-05 6.43216E-05 7.27130E-05 7.14801E-05
