Yield function of production of Ti44 by protons, neutrons, alphas, pi+ and pi-, [(Ti44 atoms * cm2) / (g * prim. part. nucleon)] (computed with Geant4.10).
The primaries are alphas.
Energy[GeV/nuc],depths[g/cm2]: 1 3 5 10 15 20 30 40 50 60 70 80 90 100 110 120 130 140 148.8
0.01 3.62551E-06 3.72732E-15 2.71381E-15 3.01790E-15 3.42603E-15 1.71670E-15 1.53748E-15 4.91234E-15 5.15652E-16 6.36036E-16 8.06500E-16 1.06155E-15 1.22233E-15 1.82974E-15 0.00000E+00 0.00000E+00 0.00000E+00 0.00000E+00 0.00000E+00
0.03 1.35251E-05 1.93571E-07 1.04156E-10 9.31471E-11 7.65639E-11 6.33773E-11 5.90313E-11 5.11016E-11 4.19556E-11 3.82290E-11 3.22665E-11 2.94804E-11 3.05234E-11 2.15007E-11 2.47225E-11 2.80785E-11 1.62012E-11 1.93530E-11 7.06392E-12
0.1 1.55857E-05 1.41653E-05 1.06556E-05 7.12382E-06 3.18787E-08 2.70530E-08 2.44204E-08 2.09332E-08 1.92986E-08 1.75764E-08 1.66898E-08 1.49886E-08 1.41592E-08 1.32872E-08 1.26525E-08 1.18702E-08 1.28043E-08 1.46873E-08 4.57329E-09
0.18 1.26117E-05 1.24239E-05 1.11323E-05 1.03207E-05 8.31461E-06 6.08339E-06 3.64357E-06 2.91950E-07 2.59642E-07 2.45647E-07 2.24590E-07 2.15818E-07 1.99547E-07 1.97566E-07 1.90003E-07 1.87482E-07 1.92704E-07 1.81001E-07 1.51552E-07
0.3 1.40101E-05 1.33039E-05 1.32020E-05 1.20110E-05 1.07421E-05 9.60714E-06 8.73077E-06 6.92880E-06 5.45977E-06 4.06700E-06 2.46638E-06 1.62755E-06 1.61490E-06 1.47232E-06 1.54959E-06 1.40787E-06 1.44227E-06 1.37389E-06 1.81687E-06
0.56 1.89326E-05 1.88810E-05 1.92912E-05 1.90612E-05 2.06203E-05 1.87225E-05 1.83075E-05 1.78415E-05 1.71468E-05 1.69101E-05 1.58208E-05 1.51260E-05 1.59638E-05 1.45792E-05 1.40610E-05 1.38937E-05 1.29662E-05 1.34668E-05 1.51419E-05
1.0 2.56539E-05 2.65014E-05 2.75602E-05 2.80038E-05 2.95321E-05 3.09852E-05 3.17388E-05 3.26864E-05 3.30021E-05 3.34756E-05 3.35331E-05 3.21051E-05 3.22095E-05 3.60437E-05 3.13098E-05 3.92179E-05 3.32695E-05 3.32013E-05 3.04416E-05
3.0 3.77508E-05 3.95181E-05 4.15607E-05 4.26431E-05 4.61618E-05 4.76167E-05 4.94799E-05 5.30573E-05 5.57846E-05 5.77585E-05 5.83269E-05 6.03707E-05 5.99187E-05 6.01712E-05 6.07404E-05 6.15130E-05 6.15148E-05 6.02984E-05 5.53798E-05
10.0 5.64188E-05 5.88134E-05 6.22280E-05 6.49400E-05 7.05473E-05 7.57464E-05 7.91297E-05 8.27752E-05 9.01755E-05 9.43968E-05 9.69138E-05 9.84564E-05 9.90245E-05 9.94263E-05 1.00799E-04 1.05222E-04 9.81326E-05 1.40738E-04 9.54530E-05
30.0 8.27220E-05 8.56182E-05 9.11728E-05 9.53559E-05 1.05581E-04 1.10555E-04 1.15898E-04 1.27953E-04 1.35811E-04 1.41010E-04 1.43081E-04 1.54156E-04 1.58165E-04 1.65306E-04 1.59748E-04 1.68207E-04 1.76668E-04 1.79369E-04 2.01881E-04
100.0 1.22319E-04 1.28211E-04 1.38172E-04 1.44325E-04 1.59461E-04 1.69586E-04 1.78508E-04 2.03003E-04 2.15817E-04 2.38875E-04 2.34567E-04 2.49380E-04 2.65518E-04 2.69573E-04 2.94318E-04 2.88887E-04 3.15173E-04 3.13450E-04 3.42512E-04
