Yield function of production of Ti44 by protons, neutrons, alphas, [(Ti44 atoms * cm2) / (g * prim. part. nucleon)] (computed with Geant4.10).
The primaries are protons.
Energy[GeV/nuc],depths[g/cm2]: 0 1 3 5 12.02 19.04 26.06 33.08 40.1 47.12 54.14 61.16 68.18 75.2 82.22 89.24 96.26 103.28 110.3 117.32 124.34 131.36 138.38 145.4 152.42 159.44 166.46 173.48 180.5 187.52 194.54 201.56 208.58 215.6 222.62 229.64 236.66 243.68 250.7 257.72 264.74 271.76 278.78 285.8 292.82 299.84 306.86 313.88 320.9 327.92
0.03 1.06793E-08 4.10967E-16 1.82959E-16 8.01446E-17 8.27894E-17 0.00000E+00 0.00000E+00 0.00000E+00 0.00000E+00 0.00000E+00 0.00000E+00 0.00000E+00 0.00000E+00 0.00000E+00 0.00000E+00 0.00000E+00 0.00000E+00 0.00000E+00 0.00000E+00 0.00000E+00 0.00000E+00 0.00000E+00 0.00000E+00 0.00000E+00 0.00000E+00 0.00000E+00 0.00000E+00 0.00000E+00 0.00000E+00 0.00000E+00 0.00000E+00 0.00000E+00 0.00000E+00 0.00000E+00 0.00000E+00 0.00000E+00 0.00000E+00 0.00000E+00 0.00000E+00 0.00000E+00 0.00000E+00 0.00000E+00 0.00000E+00 0.00000E+00 0.00000E+00 0.00000E+00 0.00000E+00 0.00000E+00 0.00000E+00 0.00000E+00
0.1 4.93078E-07 2.17141E-07 5.86826E-08 2.58886E-08 3.49055E-10 2.85167E-10 2.38254E-10 2.02534E-10 1.76196E-10 1.54515E-10 1.35500E-10 1.18131E-10 1.06190E-10 9.42851E-11 8.49233E-11 7.69286E-11 6.88567E-11 6.05179E-11 5.56829E-11 5.13388E-11 4.72553E-11 4.50508E-11 3.85300E-11 3.48360E-11 3.12779E-11 2.94623E-11 2.72576E-11 2.64480E-11 2.27728E-11 2.30049E-11 2.05442E-11 1.91554E-11 1.88481E-11 1.60204E-11 1.61985E-11 1.71845E-11 1.56055E-11 1.20349E-11 1.26918E-11 1.27395E-11 1.01662E-11 1.17505E-11 1.07215E-11 1.10308E-11 9.67470E-12 9.64498E-12 8.56235E-12 7.13845E-12 8.08918E-12 0.00000E+00
0.18 1.63487E-06 1.20814E-06 9.30844E-07 6.87534E-07 2.19688E-07 3.72856E-08 8.87558E-09 7.84654E-09 6.99404E-09 6.41898E-09 5.77112E-09 5.31642E-09 4.89362E-09 4.56519E-09 4.25049E-09 3.97701E-09 3.67847E-09 3.42191E-09 3.20076E-09 2.95265E-09 2.82799E-09 2.62441E-09 2.53995E-09 2.33075E-09 2.24850E-09 2.12645E-09 2.01266E-09 1.91254E-09 1.82496E-09 1.84374E-09 1.67211E-09 1.67090E-09 1.54842E-09 1.48730E-09 1.44424E-09 1.37497E-09 1.27158E-09 1.26348E-09 1.22018E-09 1.19734E-09 1.16073E-09 1.14178E-09 1.16020E-09 1.03395E-09 1.07705E-09 1.06348E-09 1.02480E-09 1.03965E-09 7.97536E-10 9.85740E-10
0.3 3.45742E-06 3.26887E-06 2.78140E-06 2.40285E-06 1.59598E-06 1.08809E-06 7.25140E-07 4.64360E-07 2.79400E-07 1.54899E-07 8.60895E-08 6.39884E-08 5.89404E-08 5.50447E-08 5.12948E-08 4.79854E-08 4.52354E-08 4.30454E-08 4.05513E-08 3.89894E-08 3.64406E-08 3.50601E-08 3.31907E-08 3.15181E-08 3.01951E-08 2.93941E-08 2.80209E-08 2.67301E-08 2.63385E-08 2.49423E-08 2.48906E-08 2.37539E-08 2.28467E-08 2.18280E-08 2.12874E-08 2.08027E-08 1.97451E-08 1.95579E-08 1.99105E-08 1.97627E-08 1.93958E-08 1.82895E-08 1.80856E-08 1.65184E-08 1.76244E-08 1.75626E-08 1.77110E-08 1.74018E-08 1.51379E-08 2.21458E-08
0.56 6.03087E-06 6.00235E-06 5.70504E-06 5.49702E-06 4.63587E-06 4.08266E-06 3.55233E-06 3.13199E-06 2.74580E-06 2.40444E-06 2.11115E-06 1.86826E-06 1.63869E-06 1.43911E-06 1.27135E-06 1.11239E-06 9.73848E-07 8.39280E-07 7.26242E-07 6.23263E-07 5.37642E-07 4.67226E-07 4.01129E-07 3.52692E-07 3.15250E-07 2.84923E-07 2.69352E-07 2.58548E-07 2.48775E-07 2.40871E-07 2.37034E-07 2.28930E-07 2.23071E-07 2.17277E-07 2.11509E-07 2.10267E-07 2.07892E-07 2.01114E-07 1.93973E-07 1.97127E-07 1.89453E-07 1.85406E-07 1.85349E-07 1.91953E-07 1.81870E-07 1.75146E-07 1.76450E-07 1.85889E-07 1.73285E-07 1.75690E-07
1.0 7.90825E-06 7.94877E-06 7.73281E-06 7.56761E-06 6.90702E-06 6.56117E-06 6.15662E-06 5.85404E-06 5.54014E-06 5.26333E-06 4.98202E-06 4.72752E-06 4.45983E-06 4.26125E-06 4.02443E-06 3.82370E-06 3.65359E-06 3.49547E-06 3.28549E-06 3.14457E-06 2.99978E-06 2.87597E-06 2.73492E-06 2.60608E-06 2.50054E-06 2.37664E-06 2.26288E-06 2.19333E-06 2.13462E-06 2.06275E-06 1.93598E-06 1.86924E-06 1.78874E-06 1.70408E-06 1.65907E-06 1.62836E-06 1.57586E-06 1.51003E-06 1.43812E-06 1.43874E-06 1.38221E-06 1.30431E-06 1.32746E-06 1.27699E-06 1.27018E-06 1.26173E-06 1.21634E-06 1.24525E-06 1.24835E-06 1.51884E-06
3.0 7.47151E-06 7.61467E-06 7.77076E-06 7.94399E-06 7.97900E-06 8.18564E-06 8.31813E-06 8.35432E-06 8.40568E-06 8.34978E-06 8.37493E-06 8.39519E-06 8.31094E-06 8.24757E-06 8.27242E-06 8.22245E-06 8.23998E-06 8.08905E-06 8.03664E-06 7.92688E-06 7.85306E-06 7.77652E-06 7.72365E-06 7.60997E-06 7.50394E-06 7.39732E-06 7.42207E-06 7.41253E-06 7.22004E-06 7.28526E-06 7.18020E-06 7.08628E-06 7.08470E-06 7.12967E-06 6.90840E-06 6.90802E-06 6.78655E-06 6.71339E-06 6.65074E-06 6.64211E-06 6.88130E-06 6.73889E-06 6.51336E-06 6.54916E-06 6.47715E-06 6.77892E-06 6.46725E-06 6.30661E-06 6.63745E-06 6.39048E-06
10.0 1.11855E-05 1.15484E-05 1.20148E-05 1.25237E-05 1.31339E-05 1.38974E-05 1.45163E-05 1.49260E-05 1.52083E-05 1.55603E-05 1.58698E-05 1.59935E-05 1.61239E-05 1.62531E-05 1.63199E-05 1.65872E-05 1.65430E-05 1.65398E-05 1.69223E-05 1.68049E-05 1.66652E-05 1.65216E-05 1.65124E-05 1.65060E-05 1.65078E-05 1.66047E-05 1.64827E-05 1.63895E-05 1.62596E-05 1.61788E-05 1.63944E-05 1.65037E-05 1.63939E-05 1.64160E-05 1.61090E-05 1.62508E-05 1.62491E-05 1.59824E-05 1.59327E-05 1.59517E-05 1.61260E-05 1.62572E-05 1.65749E-05 1.59999E-05 1.61493E-05 1.57469E-05 1.58542E-05 1.60141E-05 1.51682E-05 1.40990E-05
30.0 1.75135E-05 1.79503E-05 1.87381E-05 1.93586E-05 2.05471E-05 2.21774E-05 2.31922E-05 2.43361E-05 2.54973E-05 2.64312E-05 2.73933E-05 2.80181E-05 2.89118E-05 2.95193E-05 2.95983E-05 3.06418E-05 3.07305E-05 3.11470E-05 3.20948E-05 3.22072E-05 3.24105E-05 3.28522E-05 3.30880E-05 3.38372E-05 3.32595E-05 3.38939E-05 3.41212E-05 3.45026E-05 3.37735E-05 3.45356E-05 3.47389E-05 3.49053E-05 3.51421E-05 3.46453E-05 3.54905E-05 3.49394E-05 3.49347E-05 3.55965E-05 3.51140E-05 3.50031E-05 3.47332E-05 3.60335E-05 3.68900E-05 3.66957E-05 3.51454E-05 3.63793E-05 3.49136E-05 3.50529E-05 3.30793E-05 3.33806E-05
100.0 3.48067E-05 3.58292E-05 3.74297E-05 3.83480E-05 4.12416E-05 4.49342E-05 4.75924E-05 5.08289E-05 5.28437E-05 5.49670E-05 5.68491E-05 6.05390E-05 6.10413E-05 6.36731E-05 6.47890E-05 6.68443E-05 6.85797E-05 7.02984E-05 7.00523E-05 7.31080E-05 7.22594E-05 7.47591E-05 7.54839E-05 7.57948E-05 7.78399E-05 7.75120E-05 7.92823E-05 7.88620E-05 7.96519E-05 8.09348E-05 8.13864E-05 8.25822E-05 8.38609E-05 8.43702E-05 8.25193E-05 8.43331E-05 8.44902E-05 8.52913E-05 8.72372E-05 8.71042E-05 8.72805E-05 8.73880E-05 8.63292E-05 8.46139E-05 8.82517E-05 8.71619E-05 8.93900E-05 8.54402E-05 8.64784E-05 7.95932E-05
