Yield function of production of Ti44 by protons, neutrons, alphas, [(Ti44 atoms * cm2) / (g * prim. part. nucleon)] (computed with Geant4.10).
The primaries are alphas.
Energy[GeV/nuc],depths[g/cm2]: 0 1 3 5 12.02 19.04 26.06 33.08 40.1 47.12 54.14 61.16 68.18 75.2 82.22 89.24 96.26 103.28 110.3 117.32 124.34 131.36 138.38 145.4 152.42 159.44 166.46 173.48 180.5 187.52 194.54 201.56 208.58 215.6 222.62 229.64 236.66 243.68 250.7 257.72 264.74 271.76 278.78 285.8 292.82 299.84 306.86 313.88 320.9 327.92
0.03 9.50969E-06 1.59332E-07 9.23602E-11 7.89672E-11 5.77488E-11 4.82360E-11 3.77809E-11 3.36852E-11 3.04572E-11 2.58783E-11 2.23508E-11 1.97437E-11 1.83947E-11 1.61758E-11 1.51923E-11 1.34894E-11 1.12396E-11 1.01339E-11 9.13825E-12 8.49686E-12 7.87625E-12 7.20101E-12 6.90375E-12 5.69855E-12 5.07529E-12 4.89747E-12 5.07135E-12 4.12932E-12 3.99295E-12 4.52056E-12 3.25569E-12 3.21503E-12 2.59027E-12 2.91500E-12 2.48822E-12 1.86899E-12 1.89425E-12 2.12821E-12 2.04376E-12 1.93741E-12 1.82070E-12 1.22925E-12 1.07866E-12 1.47068E-12 1.24952E-12 1.36892E-12 1.77541E-12 9.58853E-13 1.25837E-13 7.23214E-13
0.1 1.08440E-05 9.79773E-06 7.32073E-06 4.85303E-06 2.14182E-08 1.73299E-08 1.51095E-08 1.34657E-08 1.22452E-08 1.11709E-08 1.02503E-08 9.42299E-09 8.79222E-09 8.20228E-09 7.58847E-09 7.08708E-09 6.65830E-09 6.26311E-09 5.82838E-09 5.54259E-09 5.17803E-09 4.91612E-09 4.65722E-09 4.39990E-09 4.13424E-09 3.93976E-09 3.77679E-09 3.56399E-09 3.44220E-09 3.27947E-09 3.17580E-09 2.99825E-09 2.93017E-09 2.93451E-09 2.75732E-09 2.74684E-09 2.60930E-09 2.56257E-09 2.47229E-09 2.36645E-09 2.43466E-09 2.24051E-09 2.18279E-09 2.35271E-09 2.43208E-09 2.29747E-09 1.79607E-09 2.22767E-09 2.09748E-09 2.08580E-09
0.18 8.64510E-06 8.26240E-06 7.39660E-06 6.85243E-06 4.71239E-06 2.58876E-06 4.18831E-07 1.66935E-07 1.49670E-07 1.36023E-07 1.25714E-07 1.16750E-07 1.08608E-07 1.01500E-07 9.48044E-08 8.97166E-08 8.45847E-08 8.01460E-08 7.55638E-08 7.21353E-08 6.81476E-08 6.48749E-08 6.16101E-08 5.89565E-08 5.60657E-08 5.35966E-08 5.20975E-08 4.99066E-08 4.77981E-08 4.63159E-08 4.48358E-08 4.28811E-08 4.16048E-08 4.04023E-08 3.92041E-08 3.85522E-08 3.73932E-08 3.65837E-08 3.60837E-08 3.46239E-08 3.42623E-08 3.47330E-08 3.41469E-08 3.29423E-08 3.31932E-08 3.21356E-08 3.24368E-08 2.97474E-08 3.24490E-08 4.06479E-08
0.3 9.16511E-06 8.95078E-06 8.32669E-06 7.76784E-06 6.19677E-06 5.20166E-06 4.34242E-06 3.60977E-06 2.97241E-06 2.37313E-06 1.75015E-06 1.10721E-06 8.09099E-07 7.59428E-07 7.10819E-07 6.71395E-07 6.32554E-07 5.99721E-07 5.72112E-07 5.46728E-07 5.21769E-07 4.98009E-07 4.77473E-07 4.57355E-07 4.42083E-07 4.23006E-07 4.09339E-07 3.93342E-07 3.80010E-07 3.69814E-07 3.57557E-07 3.50086E-07 3.39871E-07 3.30941E-07 3.22528E-07 3.12094E-07 3.09628E-07 2.95894E-07 2.92609E-07 2.88118E-07 2.85762E-07 2.83847E-07 2.71714E-07 2.70422E-07 2.67464E-07 2.66503E-07 2.67338E-07 2.51804E-07 2.57365E-07 2.48257E-07
0.56 1.10453E-05 1.11743E-05 1.11716E-05 1.12237E-05 1.06634E-05 1.03155E-05 9.88999E-06 9.40390E-06 8.92389E-06 8.46875E-06 7.98992E-06 7.56408E-06 7.12962E-06 6.71395E-06 6.36816E-06 5.99135E-06 5.65704E-06 5.31885E-06 5.02960E-06 4.76132E-06 4.50258E-06 4.25907E-06 4.02900E-06 3.84555E-06 3.66445E-06 3.48459E-06 3.32857E-06 3.15810E-06 3.05715E-06 2.97010E-06 2.90213E-06 2.79633E-06 2.73396E-06 2.66507E-06 2.61501E-06 2.55127E-06 2.51808E-06 2.46636E-06 2.42630E-06 2.40274E-06 2.35025E-06 2.31642E-06 2.31961E-06 2.29463E-06 2.20488E-06 2.20845E-06 2.23074E-06 2.20208E-06 2.25555E-06 2.24684E-06
1.0 1.40894E-05 1.45962E-05 1.52685E-05 1.58173E-05 1.62829E-05 1.67658E-05 1.68900E-05 1.69061E-05 1.67445E-05 1.65468E-05 1.63934E-05 1.59865E-05 1.57517E-05 1.53788E-05 1.50291E-05 1.47124E-05 1.42773E-05 1.38802E-05 1.35561E-05 1.31733E-05 1.28842E-05 1.25435E-05 1.21842E-05 1.18747E-05 1.15254E-05 1.12792E-05 1.09996E-05 1.06962E-05 1.04203E-05 1.02725E-05 9.92997E-06 9.74897E-06 9.57282E-06 9.32756E-06 9.18472E-06 8.91895E-06 8.78926E-06 8.58494E-06 8.53616E-06 8.33529E-06 8.23495E-06 8.20420E-06 8.04518E-06 7.99136E-06 7.81104E-06 7.69294E-06 7.63050E-06 7.90838E-06 7.69831E-06 8.26563E-06
3.0 2.16290E-05 2.26939E-05 2.40683E-05 2.50645E-05 2.69127E-05 2.87353E-05 2.98593E-05 3.07312E-05 3.15024E-05 3.18870E-05 3.22063E-05 3.24729E-05 3.27800E-05 3.29077E-05 3.26329E-05 3.27334E-05 3.26551E-05 3.24632E-05 3.22942E-05 3.20453E-05 3.19817E-05 3.18161E-05 3.13757E-05 3.15213E-05 3.10227E-05 3.08201E-05 3.07003E-05 3.04008E-05 3.00046E-05 2.98458E-05 2.98335E-05 2.95227E-05 2.91519E-05 2.89619E-05 2.89199E-05 2.86938E-05 2.85219E-05 2.88622E-05 2.79549E-05 2.82472E-05 2.79046E-05 2.76056E-05 2.76649E-05 2.74961E-05 2.74014E-05 2.70670E-05 2.71711E-05 2.72859E-05 2.77312E-05 2.52239E-05
10.0 3.60882E-05 3.79829E-05 4.04023E-05 4.26647E-05 4.65728E-05 5.07115E-05 5.37686E-05 5.59946E-05 5.83309E-05 5.99240E-05 6.11924E-05 6.24552E-05 6.35403E-05 6.41744E-05 6.52920E-05 6.58263E-05 6.64006E-05 6.66313E-05 6.67688E-05 6.69645E-05 6.73321E-05 6.74455E-05 6.77401E-05 6.78621E-05 6.79598E-05 6.78852E-05 6.78140E-05 6.79596E-05 6.80001E-05 6.75405E-05 6.76621E-05 6.77176E-05 6.73019E-05 6.74646E-05 6.72132E-05 6.64642E-05 6.65901E-05 6.60733E-05 6.65046E-05 6.60439E-05 6.65485E-05 6.61683E-05 6.52864E-05 6.54765E-05 6.57583E-05 6.63547E-05 6.48332E-05 6.53213E-05 6.22725E-05 6.28800E-05
30.0 6.17916E-05 6.45641E-05 6.87033E-05 7.16363E-05 7.78117E-05 8.50644E-05 9.12103E-05 9.64365E-05 1.01517E-04 1.05133E-04 1.09080E-04 1.11992E-04 1.15448E-04 1.17779E-04 1.20572E-04 1.23496E-04 1.25392E-04 1.26221E-04 1.28885E-04 1.30123E-04 1.31498E-04 1.32145E-04 1.34020E-04 1.34591E-04 1.35521E-04 1.36939E-04 1.37448E-04 1.38006E-04 1.39614E-04 1.39781E-04 1.39735E-04 1.39910E-04 1.40875E-04 1.42646E-04 1.42778E-04 1.42606E-04 1.43614E-04 1.43557E-04 1.42532E-04 1.42206E-04 1.40896E-04 1.39393E-04 1.39021E-04 1.40455E-04 1.38775E-04 1.36782E-04 1.38880E-04 1.43681E-04 1.38825E-04 1.41770E-04
100.0 1.20756E-04 1.25953E-04 1.32682E-04 1.39333E-04 1.52537E-04 1.67034E-04 1.79663E-04 1.92447E-04 2.02738E-04 2.11994E-04 2.19209E-04 2.28642E-04 2.34368E-04 2.41476E-04 2.48341E-04 2.56593E-04 2.61943E-04 2.68162E-04 2.70686E-04 2.78424E-04 2.83943E-04 2.84692E-04 2.89880E-04 2.92219E-04 2.96684E-04 3.01618E-04 3.04326E-04 3.05787E-04 3.08639E-04 3.13076E-04 3.17710E-04 3.18982E-04 3.22309E-04 3.23662E-04 3.27947E-04 3.26076E-04 3.30154E-04 3.35798E-04 3.27875E-04 3.26033E-04 3.27401E-04 3.31284E-04 3.23777E-04 3.23630E-04 3.35279E-04 3.31889E-04 3.25011E-04 3.29818E-04 3.25795E-04 3.30747E-04
