Yield function of production of Ti44 by protons, neutrons, alphas, pi+ and pi-, [(Ti44 atoms * cm2) / (g * prim. part. nucleon)] (computed with Geant4.10).
The primaries are protons.
Energy[GeV/nuc],depths[g/cm2]: 1 3 5 10 15 20 30 40 50 60 70 80 90 100 110 120 130 140 150 160 170 180 190 200 210 220 230 240 250 260 270 280 290 300 310 316.2
0.01 1.02034E-04 2.51074E-08 2.07949E-08 1.98565E-08 1.87040E-08 1.75254E-08 1.59735E-08 1.46253E-08 1.28545E-08 8.94753E-09 5.88586E-09 5.39622E-09 3.65279E-09 3.20888E-09 2.48427E-09 1.79655E-09 1.54745E-09 1.00310E-09 8.16225E-10 6.84822E-10 2.80245E-10 7.20830E-10 1.11967E-10 1.50823E-10 1.92152E-10 5.22193E-11 9.73738E-11 6.88539E-11 3.88346E-10 1.56371E-10 0.00000E+00 0.00000E+00 0.00000E+00 0.00000E+00 0.00000E+00 0.00000E+00
0.03 1.03473E-04 1.36874E-05 4.00131E-07 3.73236E-07 3.43942E-07 3.26433E-07 3.14800E-07 2.77772E-07 2.32790E-07 1.98685E-07 1.62984E-07 1.32922E-07 1.01916E-07 8.07043E-08 6.67075E-08 5.14868E-08 3.75851E-08 2.69620E-08 2.29651E-08 1.68325E-08 1.34646E-08 1.08537E-08 1.10849E-08 5.97205E-09 5.96104E-09 4.15609E-09 3.59603E-09 1.29944E-09 2.20065E-09 1.85363E-09 6.62794E-10 8.80763E-10 3.85799E-09 2.55578E-09 0.00000E+00 0.00000E+00
0.1 1.12724E-04 1.02239E-04 8.00910E-05 5.99096E-05 1.07866E-05 1.05159E-05 9.96427E-06 9.32166E-06 8.50293E-06 7.49682E-06 6.68287E-06 5.90899E-06 4.79809E-06 4.08958E-06 3.49323E-06 2.99292E-06 2.40580E-06 2.13492E-06 1.69211E-06 1.45723E-06 1.35933E-06 1.01331E-06 8.91409E-07 7.91625E-07 6.99551E-07 6.32848E-07 6.74442E-07 5.89745E-07 4.66549E-07 4.82343E-07 3.58786E-07 2.38913E-07 3.48323E-07 4.14914E-07 1.80936E-07 0.00000E+00
0.18 2.53393E-05 3.80069E-05 4.97279E-05 6.16253E-05 8.66933E-05 9.00430E-05 7.21673E-05 4.59521E-05 4.25746E-05 3.90197E-05 3.57058E-05 3.26399E-05 2.82382E-05 2.50042E-05 2.32300E-05 2.08560E-05 1.78185E-05 1.58156E-05 1.42401E-05 1.31521E-05 1.12697E-05 1.09346E-05 9.42820E-06 8.91151E-06 8.07088E-06 7.72070E-06 7.42153E-06 7.37333E-06 6.24088E-06 7.45603E-06 5.32242E-06 6.46149E-06 7.09965E-06 7.77709E-06 9.09353E-06 4.07785E-06
0.3 4.75476E-05 5.90457E-05 7.46154E-05 8.64992E-05 1.12894E-04 1.27393E-04 1.39622E-04 1.56155E-04 1.64777E-04 1.59431E-04 1.38646E-04 1.20739E-04 1.09314E-04 1.00524E-04 8.99011E-05 7.98190E-05 7.58375E-05 6.98897E-05 6.19716E-05 5.94728E-05 5.76514E-05 5.15655E-05 4.75793E-05 4.90656E-05 4.35426E-05 4.32730E-05 3.65890E-05 3.78748E-05 3.66656E-05 3.09005E-05 3.22629E-05 3.59992E-05 3.13954E-05 2.97654E-05 2.20038E-05 4.71760E-05
0.56 9.79599E-05 1.18213E-04 1.54279E-04 1.72912E-04 2.22546E-04 2.64352E-04 2.99846E-04 3.51922E-04 3.92823E-04 4.20043E-04 4.25775E-04 4.24955E-04 4.24010E-04 4.09109E-04 3.97764E-04 3.79730E-04 3.63967E-04 3.43344E-04 3.22390E-04 3.06140E-04 2.88994E-04 2.72610E-04 2.63380E-04 2.37113E-04 2.23516E-04 2.21414E-04 2.08029E-04 2.08899E-04 1.97826E-04 1.88127E-04 1.85703E-04 1.85355E-04 1.77945E-04 1.51887E-04 1.63399E-04 2.81719E-04
1.0 1.74908E-04 2.11296E-04 2.63260E-04 3.13273E-04 4.03151E-04 4.84096E-04 5.55422E-04 6.71903E-04 7.50931E-04 8.23215E-04 8.54766E-04 8.90315E-04 9.09452E-04 9.10575E-04 9.11092E-04 8.96900E-04 8.94845E-04 8.96438E-04 8.74194E-04 8.57754E-04 8.45281E-04 8.55750E-04 8.16489E-04 8.04987E-04 8.13416E-04 7.61831E-04 7.72174E-04 7.90833E-04 7.34726E-04 7.01339E-04 7.34428E-04 7.09494E-04 6.93903E-04 6.60671E-04 7.15666E-04 1.69880E-03
3.0 4.23235E-04 5.03744E-04 6.20281E-04 7.27454E-04 9.59610E-04 1.16367E-03 1.34738E-03 1.66795E-03 1.93966E-03 2.16432E-03 2.32120E-03 2.47063E-03 2.56696E-03 2.66585E-03 2.71136E-03 2.74413E-03 2.79743E-03 2.81275E-03 2.80785E-03 2.80690E-03 2.83280E-03 2.84322E-03 2.85373E-03 2.86655E-03 2.81589E-03 2.78299E-03 2.76933E-03 2.79405E-03 2.74756E-03 2.75342E-03 2.73657E-03 2.74991E-03 2.84453E-03 2.79075E-03 2.41757E-03 2.48083E-03
10.0 1.09433E-03 1.30894E-03 1.61090E-03 1.87500E-03 2.47077E-03 3.01129E-03 3.51089E-03 4.32594E-03 5.09523E-03 5.70732E-03 6.18698E-03 6.56312E-03 6.85919E-03 7.11764E-03 7.27736E-03 7.42812E-03 7.60504E-03 7.61026E-03 7.72237E-03 7.76229E-03 7.73705E-03 7.84870E-03 7.95150E-03 7.87886E-03 7.93431E-03 7.94706E-03 7.91243E-03 7.87363E-03 7.91387E-03 7.81843E-03 7.87123E-03 7.79693E-03 8.16239E-03 7.90627E-03 8.29031E-03 8.22458E-03
30.0 2.19409E-03 2.61260E-03 3.21802E-03 3.78524E-03 5.03743E-03 6.16882E-03 7.29117E-03 9.14480E-03 1.08279E-02 1.22733E-02 1.34454E-02 1.45906E-02 1.54149E-02 1.63264E-02 1.70163E-02 1.77212E-02 1.82495E-02 1.87420E-02 1.90670E-02 1.94714E-02 1.97923E-02 1.99620E-02 2.01081E-02 2.03802E-02 2.07909E-02 2.10787E-02 2.07364E-02 2.10180E-02 2.07725E-02 2.08754E-02 2.05923E-02 2.09540E-02 2.10013E-02 2.08186E-02 2.25046E-02 1.98032E-02
100.0 5.18093E-03 6.14081E-03 7.63057E-03 8.85529E-03 1.18388E-02 1.44950E-02 1.70766E-02 2.15633E-02 2.55256E-02 2.91906E-02 3.23984E-02 3.51790E-02 3.75728E-02 3.93686E-02 4.14368E-02 4.29664E-02 4.43407E-02 4.55147E-02 4.63362E-02 4.72436E-02 4.82447E-02 4.91827E-02 5.00382E-02 5.03976E-02 5.09238E-02 5.22489E-02 5.14569E-02 5.22699E-02 5.21948E-02 5.32764E-02 5.20855E-02 5.30541E-02 5.16370E-02 5.38732E-02 5.01594E-02 5.13228E-02
