Yield function of production of Ti44 by protons, neutrons, alphas, [(Ti44 atoms * cm2) / (g * prim. part. nucleon)] (computed with Geant4.10).
The primaries are alphas.
Energy[GeV/nuc],depths[g/cm2]: 1 3 5 10 15 20 30 40 50 60 70 80 90 100 110 120 130 140 150 160 170 180 190 200 210 220 230 240 250 260 270 280 290 300 310 316.2
0.01 7.33472E-07 8.51213E-13 7.45694E-13 8.74412E-13 4.35753E-13 3.35400E-13 2.48683E-13 1.57569E-13 1.00459E-13 8.41384E-14 8.27983E-14 7.29169E-14 1.16668E-13 6.14499E-14 6.89274E-14 8.57721E-14 2.83301E-13 8.54695E-14 1.95342E-13 0.00000E+00 0.00000E+00 0.00000E+00 0.00000E+00 0.00000E+00 0.00000E+00 0.00000E+00 0.00000E+00 0.00000E+00 0.00000E+00 0.00000E+00 0.00000E+00 0.00000E+00 0.00000E+00 0.00000E+00 0.00000E+00 0.00000E+00
0.03 4.14025E-07 3.96817E-08 1.06821E-09 7.23391E-10 5.15647E-10 4.41195E-10 3.68950E-10 2.80277E-10 2.27082E-10 1.75992E-10 1.57598E-10 1.26953E-10 1.03933E-10 9.22084E-11 7.62366E-11 6.43468E-11 5.29833E-11 4.64594E-11 4.30959E-11 3.74078E-11 3.16625E-11 3.83585E-11 3.21965E-11 2.64558E-11 3.29132E-11 1.80573E-11 1.34009E-11 1.16500E-11 1.49935E-11 1.63773E-11 6.92586E-12 1.07320E-11 1.00219E-11 2.30426E-11 6.85695E-11 0.00000E+00
0.1 3.10902E-07 3.46749E-07 3.16813E-07 2.50512E-07 5.03610E-08 3.68784E-08 3.06470E-08 2.32793E-08 1.90114E-08 1.67413E-08 1.45064E-08 1.27758E-08 1.39531E-08 9.96076E-09 9.63527E-09 8.40702E-09 7.50603E-09 6.72604E-09 6.36015E-09 5.64227E-09 5.65625E-09 4.93004E-09 4.62572E-09 4.57596E-09 4.06423E-09 3.72298E-09 3.87667E-09 3.37519E-09 3.14266E-09 3.33015E-09 3.58750E-09 3.15451E-09 4.50892E-09 4.35606E-09 2.64176E-09 2.81373E-10
0.18 3.28670E-07 4.13435E-07 4.82399E-07 4.74691E-07 4.39882E-07 3.59605E-07 2.79121E-07 1.43751E-07 1.16298E-07 9.80677E-08 8.40005E-08 7.59866E-08 6.96348E-08 6.18089E-08 5.73829E-08 5.25098E-08 4.93587E-08 4.44095E-08 4.19790E-08 4.00995E-08 4.07367E-08 3.60915E-08 3.30035E-08 3.14610E-08 2.97616E-08 2.94416E-08 2.64345E-08 2.41859E-08 2.66156E-08 2.56860E-08 2.25351E-08 2.57527E-08 2.81409E-08 2.02005E-08 1.96166E-08 2.17458E-08
0.3 4.53596E-07 5.77694E-07 6.74364E-07 7.39070E-07 8.46790E-07 8.23077E-07 8.19013E-07 7.23768E-07 6.10671E-07 4.95261E-07 4.03445E-07 3.34064E-07 3.03912E-07 2.74204E-07 2.49888E-07 2.38118E-07 2.18481E-07 2.04392E-07 1.87864E-07 1.80302E-07 1.72036E-07 1.66750E-07 1.55369E-07 1.47127E-07 1.43309E-07 1.47816E-07 1.29241E-07 1.26025E-07 1.20312E-07 1.14558E-07 1.11537E-07 1.22372E-07 1.46715E-07 1.24264E-07 1.00074E-07 1.00800E-07
0.56 8.55386E-07 1.06667E-06 1.32954E-06 1.41207E-06 1.63412E-06 1.79520E-06 1.75292E-06 1.89469E-06 1.84426E-06 1.80627E-06 1.76508E-06 1.62428E-06 1.51124E-06 1.44483E-06 1.45726E-06 1.30654E-06 1.17231E-06 1.09180E-06 1.01062E-06 9.46172E-07 9.02780E-07 9.90327E-07 8.28668E-07 8.00246E-07 7.75367E-07 7.32194E-07 7.03276E-07 6.80645E-07 6.57279E-07 7.51074E-07 6.26675E-07 6.24159E-07 6.08949E-07 6.15229E-07 5.91590E-07 5.96129E-07
1.0 1.42214E-06 1.73001E-06 2.00835E-06 2.19691E-06 2.47339E-06 2.75514E-06 2.88196E-06 3.17923E-06 3.25424E-06 3.39800E-06 3.25349E-06 3.24727E-06 3.12541E-06 3.06180E-06 3.00909E-06 2.97927E-06 3.21278E-06 2.84431E-06 2.68468E-06 2.71645E-06 2.70440E-06 2.53155E-06 2.43199E-06 2.39692E-06 2.32932E-06 2.22912E-06 2.28229E-06 3.26319E-06 2.49826E-06 2.29590E-06 2.13057E-06 2.02357E-06 1.91046E-06 1.98338E-06 2.67240E-06 1.94025E-06
3.0 3.30401E-06 3.64591E-06 4.31865E-06 4.61268E-06 5.14744E-06 5.72883E-06 5.95324E-06 6.47066E-06 6.74556E-06 7.00812E-06 7.27185E-06 7.49119E-06 7.24224E-06 7.70686E-06 7.62381E-06 7.48788E-06 7.65400E-06 7.61517E-06 7.58770E-06 7.23839E-06 7.36164E-06 7.17277E-06 7.55897E-06 6.95576E-06 7.28335E-06 9.39215E-06 6.81487E-06 7.03238E-06 7.04949E-06 6.85259E-06 6.93820E-06 6.63123E-06 7.10721E-06 6.08459E-06 7.13980E-06 4.72300E-06
10.0 7.12370E-06 7.83122E-06 8.84819E-06 9.30132E-06 1.02709E-05 1.15728E-05 1.22126E-05 1.45811E-05 1.44337E-05 1.52442E-05 1.59258E-05 1.64512E-05 1.73905E-05 1.73083E-05 1.73924E-05 1.78364E-05 1.85448E-05 1.83880E-05 1.86894E-05 1.82149E-05 1.78633E-05 1.81360E-05 2.08060E-05 1.87973E-05 1.84336E-05 1.99506E-05 2.13363E-05 1.78861E-05 1.83953E-05 1.73885E-05 1.70041E-05 1.82146E-05 1.74768E-05 3.45759E-05 1.54185E-05 1.85846E-05
30.0 1.32416E-05 1.45818E-05 1.64308E-05 1.69389E-05 1.97419E-05 2.07681E-05 2.21095E-05 2.47207E-05 2.71851E-05 2.83277E-05 2.92249E-05 3.18940E-05 3.29932E-05 3.40024E-05 3.47648E-05 3.46055E-05 3.53731E-05 3.66880E-05 3.73770E-05 3.86808E-05 3.78616E-05 3.96899E-05 3.87664E-05 3.82873E-05 3.84464E-05 3.91240E-05 3.89039E-05 3.88720E-05 3.71750E-05 3.93399E-05 3.73171E-05 4.05314E-05 3.64063E-05 3.90000E-05 3.83471E-05 4.25710E-05
100.0 2.90136E-05 3.11294E-05 3.50946E-05 3.56764E-05 4.21669E-05 4.34539E-05 4.79592E-05 4.97541E-05 5.46954E-05 5.87655E-05 5.99215E-05 6.44617E-05 7.45295E-05 6.95292E-05 7.34503E-05 7.38675E-05 7.92619E-05 7.74841E-05 7.84538E-05 7.94924E-05 8.12024E-05 8.37909E-05 8.45421E-05 8.14503E-05 8.47567E-05 8.68388E-05 9.03752E-05 9.80494E-05 8.97725E-05 9.05066E-05 9.25887E-05 9.32868E-05 9.29821E-05 9.80896E-05 1.10412E-04 9.40607E-05
