Yield function of production of Ti44 by protons, neutrons, alphas, pi+ and pi-, [(Ti44 atoms * cm2) / (g * prim. part. nucleon)] (computed with Geant4.10).
The primaries are alphas.
Energy[GeV/nuc],depths[g/cm2]: 1 3 5 10 15 20 30 40 50 60 70 80 90 100 110 120 130 140 150 160 170 180 190 200 210 220 230 240 250 260 270 280 290 300 310 316.2
0.01 1.69653E-04 2.11740E-07 1.78178E-07 1.68676E-07 1.52100E-07 1.49100E-07 1.40832E-07 1.18154E-07 1.04396E-07 8.62880E-08 7.36893E-08 6.25103E-08 4.99738E-08 4.43487E-08 3.18818E-08 2.66395E-08 1.86832E-08 1.60012E-08 1.08753E-08 9.19662E-09 8.64600E-09 5.39692E-09 3.18209E-09 2.18316E-09 2.89779E-09 4.98581E-10 0.00000E+00 0.00000E+00 0.00000E+00 0.00000E+00 0.00000E+00 0.00000E+00 0.00000E+00 0.00000E+00 0.00000E+00 0.00000E+00
0.03 1.73556E-04 2.68454E-05 2.92578E-06 2.75018E-06 2.61229E-06 2.58114E-06 2.50214E-06 2.28897E-06 2.03880E-06 1.81518E-06 1.60151E-06 1.31110E-06 1.11760E-06 9.31756E-07 8.03734E-07 6.44307E-07 5.49431E-07 4.52548E-07 4.17302E-07 3.23161E-07 2.93403E-07 2.06671E-07 2.18101E-07 1.71108E-07 1.56846E-07 1.20134E-07 9.70738E-08 8.18170E-08 5.84582E-08 4.29722E-08 3.85483E-08 4.15417E-08 1.33367E-08 3.29595E-08 1.85421E-08 0.00000E+00
0.1 2.95323E-04 2.71222E-04 2.23233E-04 1.77094E-04 7.12302E-05 7.02883E-05 6.98506E-05 6.74531E-05 6.35642E-05 5.92057E-05 5.46045E-05 4.91373E-05 4.42409E-05 3.83764E-05 3.48635E-05 3.08799E-05 2.75405E-05 2.52906E-05 2.17359E-05 1.98491E-05 1.81301E-05 1.70928E-05 1.50895E-05 1.34930E-05 1.34609E-05 1.26467E-05 1.24290E-05 1.05753E-05 1.00876E-05 1.05641E-05 9.13539E-06 9.20083E-06 9.22909E-06 1.03628E-05 1.41109E-05 6.04904E-06
0.18 3.64923E-04 3.70902E-04 3.70994E-04 3.70081E-04 3.61143E-04 3.42074E-04 3.18101E-04 2.73694E-04 2.71799E-04 2.55230E-04 2.39167E-04 2.25748E-04 2.07074E-04 1.95158E-04 1.77278E-04 1.63760E-04 1.50760E-04 1.40312E-04 1.30160E-04 1.19546E-04 1.08998E-04 1.03207E-04 9.78143E-05 9.24024E-05 8.60303E-05 8.19831E-05 8.10069E-05 7.72031E-05 7.82342E-05 7.33842E-05 6.65245E-05 6.73344E-05 6.65202E-05 6.72413E-05 5.59573E-05 9.28584E-05
0.3 2.19425E-04 3.00538E-04 4.21723E-04 5.09519E-04 6.44275E-04 7.08286E-04 7.52029E-04 8.20821E-04 8.33314E-04 8.26219E-04 7.92875E-04 7.58399E-04 7.28697E-04 6.89941E-04 6.55202E-04 6.17257E-04 5.85092E-04 5.44003E-04 5.16687E-04 4.81931E-04 4.66071E-04 4.41830E-04 4.29481E-04 4.05292E-04 4.02093E-04 3.88380E-04 3.51760E-04 3.40006E-04 3.19397E-04 3.11217E-04 3.21072E-04 2.82718E-04 3.05275E-04 3.20470E-04 3.60699E-04 2.61535E-04
0.56 4.24058E-04 5.11041E-04 6.35962E-04 7.41008E-04 9.65665E-04 1.17775E-03 1.33763E-03 1.61923E-03 1.85028E-03 1.99247E-03 2.08968E-03 2.17210E-03 2.16975E-03 2.18512E-03 2.16332E-03 2.15616E-03 2.11077E-03 2.05587E-03 2.01262E-03 1.97616E-03 1.89625E-03 1.84781E-03 1.80432E-03 1.74963E-03 1.69875E-03 1.67504E-03 1.65508E-03 1.59881E-03 1.58531E-03 1.64412E-03 1.56117E-03 1.43488E-03 1.49270E-03 1.43380E-03 1.67345E-03 1.65119E-03
1.0 7.42450E-04 8.91211E-04 1.10754E-03 1.29310E-03 1.71177E-03 2.05447E-03 2.40156E-03 2.92090E-03 3.37206E-03 3.70939E-03 3.92033E-03 4.09936E-03 4.20717E-03 4.28168E-03 4.33898E-03 4.34483E-03 4.35998E-03 4.34514E-03 4.33285E-03 4.30411E-03 4.24273E-03 4.17872E-03 4.10192E-03 4.05824E-03 4.00102E-03 3.96912E-03 3.83206E-03 3.83638E-03 3.78524E-03 3.85446E-03 3.78641E-03 4.01544E-03 3.68011E-03 3.60728E-03 3.55428E-03 3.30449E-03
3.0 1.72195E-03 2.05329E-03 2.53612E-03 2.97375E-03 3.93622E-03 4.75916E-03 5.58339E-03 6.87559E-03 7.98751E-03 8.96650E-03 9.68442E-03 1.02583E-02 1.07795E-02 1.11427E-02 1.14258E-02 1.16760E-02 1.18536E-02 1.21215E-02 1.20869E-02 1.21541E-02 1.22269E-02 1.21986E-02 1.23693E-02 1.22322E-02 1.22213E-02 1.21935E-02 1.19422E-02 1.20808E-02 1.19656E-02 1.20233E-02 1.21457E-02 1.19570E-02 1.18604E-02 1.17774E-02 1.15690E-02 1.17012E-02
10.0 4.23698E-03 5.06419E-03 6.31567E-03 7.29435E-03 9.72821E-03 1.18441E-02 1.39562E-02 1.74563E-02 2.04122E-02 2.29314E-02 2.49826E-02 2.67602E-02 2.83442E-02 2.95239E-02 3.05728E-02 3.12321E-02 3.18852E-02 3.27064E-02 3.32000E-02 3.35239E-02 3.37480E-02 3.39010E-02 3.43346E-02 3.40528E-02 3.47648E-02 3.47515E-02 3.44094E-02 3.52560E-02 3.52236E-02 3.46612E-02 3.54257E-02 3.58575E-02 3.47205E-02 3.76275E-02 3.58719E-02 3.14204E-02
30.0 9.01999E-03 1.07526E-02 1.32541E-02 1.54510E-02 2.05627E-02 2.53406E-02 2.96462E-02 3.74197E-02 4.44401E-02 5.01975E-02 5.52265E-02 5.97914E-02 6.34266E-02 6.68436E-02 6.95685E-02 7.17145E-02 7.41957E-02 7.61689E-02 7.74497E-02 7.93465E-02 8.07284E-02 8.16868E-02 8.23148E-02 8.23570E-02 8.29108E-02 8.28700E-02 8.47222E-02 8.38224E-02 8.50026E-02 8.69876E-02 8.42170E-02 8.54131E-02 8.56000E-02 8.47632E-02 8.05559E-02 8.79140E-02
100.0 2.04485E-02 2.44101E-02 3.00368E-02 3.47545E-02 4.67670E-02 5.78984E-02 6.77581E-02 8.47834E-02 9.98660E-02 1.13257E-01 1.24843E-01 1.36478E-01 1.44536E-01 1.52345E-01 1.60006E-01 1.64822E-01 1.70597E-01 1.75189E-01 1.80868E-01 1.82391E-01 1.87236E-01 1.93528E-01 1.94693E-01 1.95207E-01 1.96945E-01 1.99590E-01 2.05848E-01 2.03956E-01 2.06262E-01 2.09366E-01 2.15522E-01 2.06436E-01 2.17884E-01 2.19462E-01 2.40103E-01 2.17571E-01
