Yield function of production of Ti44 by protons, neutrons, alphas, pi+ and pi-, [(Ti44 atoms * cm2) / (g * prim. part. nucleon)] (computed with Geant4.10).
The primaries are protons.
Energy[GeV/nuc],depths[g/cm2]: 1 3 5 10 15 20 30 40 50 60 70 80 90 100 110 120 130 140 150 160 170 180 190 200 210 220 230 240 250 260 270 280 290 300 310 316.2
0.01 1.02034E-04 2.51074E-08 2.07949E-08 1.98565E-08 1.87040E-08 1.75254E-08 1.59735E-08 1.46253E-08 1.28545E-08 8.94753E-09 5.88586E-09 5.39622E-09 3.65279E-09 3.20888E-09 2.48427E-09 1.79655E-09 1.54745E-09 1.00310E-09 8.16225E-10 6.84822E-10 2.80245E-10 7.20830E-10 1.11967E-10 1.50823E-10 1.92152E-10 5.22193E-11 9.73738E-11 6.88539E-11 3.88346E-10 1.56371E-10 0.00000E+00 0.00000E+00 0.00000E+00 0.00000E+00 0.00000E+00 0.00000E+00
0.03 1.03473E-04 1.36874E-05 4.00131E-07 3.73236E-07 3.43942E-07 3.26433E-07 3.14800E-07 2.77772E-07 2.32790E-07 1.98685E-07 1.62984E-07 1.32922E-07 1.01916E-07 8.07043E-08 6.67075E-08 5.14868E-08 3.75851E-08 2.69620E-08 2.29651E-08 1.68325E-08 1.34646E-08 1.08537E-08 1.10849E-08 5.97205E-09 5.96104E-09 4.15609E-09 3.59603E-09 1.29944E-09 2.20065E-09 1.85363E-09 6.62794E-10 8.80763E-10 3.85799E-09 2.55578E-09 0.00000E+00 0.00000E+00
0.1 1.12724E-04 1.02239E-04 8.00910E-05 5.99096E-05 1.07866E-05 1.05159E-05 9.96427E-06 9.32166E-06 8.50293E-06 7.49682E-06 6.68287E-06 5.90899E-06 4.79809E-06 4.08958E-06 3.49323E-06 2.99292E-06 2.40580E-06 2.13492E-06 1.69211E-06 1.45723E-06 1.35933E-06 1.01331E-06 8.91409E-07 7.91625E-07 6.99551E-07 6.32848E-07 6.74442E-07 5.89745E-07 4.66549E-07 4.82343E-07 3.58786E-07 2.38913E-07 3.48323E-07 4.14914E-07 1.80936E-07 0.00000E+00
0.18 2.53393E-05 3.80069E-05 4.97279E-05 6.16253E-05 8.66933E-05 9.00430E-05 7.21673E-05 4.59521E-05 4.25746E-05 3.90197E-05 3.57058E-05 3.26399E-05 2.82382E-05 2.50042E-05 2.32300E-05 2.08560E-05 1.78185E-05 1.58156E-05 1.42401E-05 1.31521E-05 1.12697E-05 1.09346E-05 9.42820E-06 8.91151E-06 8.07088E-06 7.72070E-06 7.42153E-06 7.37333E-06 6.24088E-06 7.45603E-06 5.32242E-06 6.46149E-06 7.09965E-06 7.77709E-06 9.09353E-06 4.07785E-06
0.3 4.75493E-05 5.90469E-05 7.46168E-05 8.64997E-05 1.12894E-04 1.27393E-04 1.39622E-04 1.56155E-04 1.64777E-04 1.59431E-04 1.38646E-04 1.20739E-04 1.09314E-04 1.00524E-04 8.99011E-05 7.98190E-05 7.58375E-05 6.98897E-05 6.19716E-05 5.94728E-05 5.76514E-05 5.15655E-05 4.75793E-05 4.90656E-05 4.35426E-05 4.32730E-05 3.65890E-05 3.78748E-05 3.66656E-05 3.09005E-05 3.22629E-05 3.59992E-05 3.13954E-05 2.97654E-05 2.20038E-05 4.71760E-05
0.56 9.88157E-05 1.19413E-04 1.55600E-04 1.74256E-04 2.25143E-04 2.65665E-04 3.01327E-04 3.52818E-04 3.93418E-04 4.20444E-04 4.26018E-04 4.25110E-04 4.24116E-04 4.09180E-04 3.97812E-04 3.79758E-04 3.63986E-04 3.43366E-04 3.22405E-04 3.06149E-04 2.89021E-04 2.72626E-04 2.63467E-04 2.37113E-04 2.23517E-04 2.21450E-04 2.08029E-04 2.08912E-04 1.97826E-04 1.88127E-04 1.85703E-04 1.85355E-04 1.77994E-04 1.51912E-04 1.63399E-04 2.81719E-04
1.0 1.80798E-04 2.19032E-04 2.72154E-04 3.25889E-04 4.16182E-04 4.98646E-04 5.67708E-04 6.84051E-04 7.65533E-04 8.33911E-04 8.64153E-04 8.98649E-04 9.18115E-04 9.17031E-04 9.17246E-04 9.02495E-04 9.00714E-04 9.00714E-04 8.77639E-04 8.60823E-04 8.47964E-04 8.58694E-04 8.18539E-04 8.06755E-04 8.14820E-04 7.63459E-04 7.73839E-04 7.91700E-04 7.35359E-04 7.01724E-04 7.34908E-04 7.09987E-04 6.94156E-04 6.61231E-04 7.15713E-04 1.69880E-03
3.0 4.54701E-04 5.40362E-04 6.68450E-04 7.80656E-04 1.01571E-03 1.23001E-03 1.41139E-03 1.73588E-03 2.01525E-03 2.24250E-03 2.39886E-03 2.53641E-03 2.65972E-03 2.74114E-03 2.78588E-03 2.81362E-03 2.86098E-03 2.87664E-03 2.87009E-03 2.86928E-03 2.90859E-03 2.89923E-03 2.90725E-03 2.91724E-03 2.86115E-03 2.82646E-03 2.81423E-03 2.83696E-03 2.79105E-03 2.82612E-03 2.78236E-03 2.78674E-03 2.88816E-03 2.83162E-03 2.46683E-03 2.58297E-03
10.0 1.20811E-03 1.44849E-03 1.78265E-03 2.04946E-03 2.69068E-03 3.23700E-03 3.73764E-03 4.58120E-03 5.38740E-03 6.03105E-03 6.50294E-03 6.86314E-03 7.14059E-03 7.42234E-03 7.56451E-03 7.72164E-03 7.94228E-03 7.87481E-03 7.98990E-03 8.01937E-03 8.07522E-03 8.10819E-03 8.20246E-03 8.11224E-03 8.18636E-03 8.25920E-03 8.39432E-03 8.09327E-03 8.15843E-03 8.02848E-03 8.09903E-03 8.03945E-03 8.43469E-03 8.23544E-03 8.49273E-03 8.43496E-03
30.0 2.54266E-03 2.98699E-03 3.61740E-03 4.19887E-03 5.51581E-03 6.72398E-03 7.88380E-03 9.79359E-03 1.15611E-02 1.30427E-02 1.42722E-02 1.54426E-02 1.62647E-02 1.72433E-02 1.79061E-02 1.85888E-02 1.91087E-02 1.96536E-02 2.00252E-02 2.03525E-02 2.06883E-02 2.08284E-02 2.11388E-02 2.12834E-02 2.16438E-02 2.18999E-02 2.16898E-02 2.22343E-02 2.18020E-02 2.17748E-02 2.14185E-02 2.18337E-02 2.31217E-02 2.15995E-02 2.32388E-02 2.08670E-02
100.0 6.06941E-03 7.09931E-03 8.72210E-03 9.96154E-03 1.31589E-02 1.59336E-02 1.85623E-02 2.33054E-02 2.73946E-02 3.13440E-02 3.45400E-02 3.72956E-02 3.98647E-02 4.16229E-02 4.38768E-02 4.56674E-02 4.66973E-02 4.79367E-02 4.88138E-02 4.96778E-02 5.10065E-02 5.21501E-02 5.24381E-02 5.30389E-02 5.35163E-02 5.49565E-02 5.43025E-02 5.47296E-02 5.49088E-02 5.60087E-02 5.52779E-02 5.54087E-02 5.44036E-02 5.62602E-02 5.24917E-02 5.36080E-02
