Yield function of production of Ti44 by protons, neutrons, alphas, [(Ti44 atoms * cm2) / (g * prim. part. nucleon)] (computed with Geant4.10).
The primaries are protons.
Energy[GeV/nuc],depths[g/cm2]: 1 3 5 10 15 20 30 40 50 60 70 80 90 100 110 120 130 140 150 160 170 180 190 200 210 220 230 240 250 260 270 280 290 300 310 316.2
0.01 2.68659E-06 0.00000E+00 0.00000E+00 0.00000E+00 0.00000E+00 0.00000E+00 0.00000E+00 0.00000E+00 0.00000E+00 0.00000E+00 0.00000E+00 0.00000E+00 0.00000E+00 0.00000E+00 0.00000E+00 0.00000E+00 0.00000E+00 0.00000E+00 0.00000E+00 0.00000E+00 0.00000E+00 0.00000E+00 0.00000E+00 0.00000E+00 0.00000E+00 0.00000E+00 0.00000E+00 0.00000E+00 0.00000E+00 0.00000E+00 0.00000E+00 0.00000E+00 0.00000E+00 0.00000E+00 0.00000E+00 0.00000E+00
0.03 1.82348E-06 4.21555E-07 7.52347E-13 5.79176E-13 3.68906E-13 3.43977E-13 2.06088E-13 1.31279E-13 9.86957E-14 7.81556E-14 5.74634E-14 4.06181E-14 3.30094E-14 2.16378E-14 1.26834E-14 2.04635E-14 7.99265E-15 9.26565E-15 1.08595E-14 8.95242E-15 8.33332E-15 8.67766E-15 9.35453E-15 1.41944E-15 0.00000E+00 0.00000E+00 0.00000E+00 0.00000E+00 0.00000E+00 0.00000E+00 0.00000E+00 0.00000E+00 0.00000E+00 0.00000E+00 0.00000E+00 0.00000E+00
0.1 1.19297E-06 1.14861E-06 9.48794E-07 7.40394E-07 3.02880E-09 2.20353E-09 1.87355E-09 1.46868E-09 1.18061E-09 1.05566E-09 8.51342E-10 6.85410E-10 5.96772E-10 6.05608E-10 5.13887E-10 4.44724E-10 3.68376E-10 3.27943E-10 2.53074E-10 2.24230E-10 1.64206E-10 1.63394E-10 1.65562E-10 1.33439E-10 1.25726E-10 1.01262E-10 9.48892E-11 8.56971E-11 7.94802E-11 9.66109E-11 8.43023E-11 8.09242E-11 1.19999E-10 7.75202E-11 2.78567E-10 0.00000E+00
0.18 1.17647E-06 1.16087E-06 1.04010E-06 9.55502E-07 7.49209E-07 5.57076E-07 3.69080E-07 1.40997E-08 1.15635E-08 1.02256E-08 9.10977E-09 7.88788E-09 7.26684E-09 6.48013E-09 5.57912E-09 5.09777E-09 4.63188E-09 4.51041E-09 3.92341E-09 3.67205E-09 3.26856E-09 2.98980E-09 2.77033E-09 2.55944E-09 2.56418E-09 2.37218E-09 2.35690E-09 1.91144E-09 2.18152E-09 2.74839E-09 2.73767E-09 2.61214E-09 2.53924E-09 1.88528E-09 2.15288E-09 1.00848E-09
0.3 1.21684E-06 1.22252E-06 1.16837E-06 1.10349E-06 1.02709E-06 8.78472E-07 7.73353E-07 6.00348E-07 4.27095E-07 2.71804E-07 1.22981E-07 3.68080E-08 3.21547E-08 2.89928E-08 2.61898E-08 2.53263E-08 2.25290E-08 2.13848E-08 1.99028E-08 1.90296E-08 1.72369E-08 1.63844E-08 2.29949E-08 1.70338E-08 1.55282E-08 1.35565E-08 1.33294E-08 1.30201E-08 1.31497E-08 1.03971E-08 9.66803E-09 1.23171E-08 9.23637E-09 2.02496E-08 1.00278E-08 2.07786E-08
0.56 1.34324E-06 1.39973E-06 1.40966E-06 1.34019E-06 1.31412E-06 1.20494E-06 1.22131E-06 1.02982E-06 9.45303E-07 8.45256E-07 7.69003E-07 6.87180E-07 5.86213E-07 5.17033E-07 4.38794E-07 3.86261E-07 3.28033E-07 2.88789E-07 2.30005E-07 1.87721E-07 1.53389E-07 1.08090E-07 8.82353E-08 8.38278E-08 7.85862E-08 8.97763E-08 7.62616E-08 7.52096E-08 7.06797E-08 6.56465E-08 6.57200E-08 5.90827E-08 6.77822E-08 4.81386E-08 5.96508E-08 1.78450E-08
1.0 1.54148E-06 1.51939E-06 1.53164E-06 1.55335E-06 1.54251E-06 1.52080E-06 1.48366E-06 1.35274E-06 1.29490E-06 1.24136E-06 1.16235E-06 1.12325E-06 1.05124E-06 9.59738E-07 9.60656E-07 9.87891E-07 8.92750E-07 8.28233E-07 8.15655E-07 7.16010E-07 6.77140E-07 6.62687E-07 6.36889E-07 5.92912E-07 5.55325E-07 5.73828E-07 5.47383E-07 6.53198E-07 4.99166E-07 5.00605E-07 5.01981E-07 4.49968E-07 5.20582E-07 3.64165E-07 3.78896E-07 4.58135E-07
3.0 1.93785E-06 1.95130E-06 2.04955E-06 2.10652E-06 2.08471E-06 2.14710E-06 2.19177E-06 2.11561E-06 2.16940E-06 2.08915E-06 2.05326E-06 2.05277E-06 1.99312E-06 2.02960E-06 2.03350E-06 2.03192E-06 2.03226E-06 2.21326E-06 1.91574E-06 1.96788E-06 1.91939E-06 1.85266E-06 1.87010E-06 1.86986E-06 1.76705E-06 1.66996E-06 1.70352E-06 1.68366E-06 1.57966E-06 1.62009E-06 1.60541E-06 1.58707E-06 1.53284E-06 1.67716E-06 1.80258E-06 1.01406E-06
10.0 2.92036E-06 3.10965E-06 3.39670E-06 3.39388E-06 3.75155E-06 3.76189E-06 3.86501E-06 4.05121E-06 4.28553E-06 4.22217E-06 4.38826E-06 4.31273E-06 4.32552E-06 4.44225E-06 4.49743E-06 4.49504E-06 4.45623E-06 4.39403E-06 4.51059E-06 4.34491E-06 4.18373E-06 4.16891E-06 4.35731E-06 4.51177E-06 4.43327E-06 4.29041E-06 4.09586E-06 4.14841E-06 4.22749E-06 4.31170E-06 4.27088E-06 4.20939E-06 4.47938E-06 4.19541E-06 4.46660E-06 5.48381E-06
30.0 3.17747E-06 3.49820E-06 3.75724E-06 4.06569E-06 4.52399E-06 5.10945E-06 5.53796E-06 6.19503E-06 6.42635E-06 6.84499E-06 7.24306E-06 7.68643E-06 7.95344E-06 8.40436E-06 8.47478E-06 8.64790E-06 9.49754E-06 9.49980E-06 9.27743E-06 9.09979E-06 9.30574E-06 9.15361E-06 9.62300E-06 9.59361E-06 9.44967E-06 9.78014E-06 9.64752E-06 1.05519E-05 1.00905E-05 9.89407E-06 9.83247E-06 1.02791E-05 9.26483E-06 9.54066E-06 1.75048E-05 9.90637E-06
100.0 7.24952E-06 8.02387E-06 8.45119E-06 9.32708E-06 9.87674E-06 1.07133E-05 1.15590E-05 1.30534E-05 1.39410E-05 1.55259E-05 1.57933E-05 1.71004E-05 1.71352E-05 1.80342E-05 1.91980E-05 1.99485E-05 2.05313E-05 2.21377E-05 2.18413E-05 2.12666E-05 2.10251E-05 2.09478E-05 2.16779E-05 2.20306E-05 2.30203E-05 2.36748E-05 2.15388E-05 2.24568E-05 2.28138E-05 2.26322E-05 2.23758E-05 2.19753E-05 2.24134E-05 2.23373E-05 2.65784E-05 1.45843E-05
