Yield function of production of Ti44 by protons, neutrons, alphas, [(Ti44 atoms * cm2) / (g * prim. part. nucleon)] (computed with Geant4.10).
The primaries are protons.
Energy[GeV/nuc],depths[g/cm2]: 1 3 5 10 15 20 30 40 50 60 70 80 90 100 110 120 130 140 150 160 170 180 190 200 210 220 230 240 250 260 270 280 290 300 310 316.2
0.01 2.68659E-06 0.00000E+00 0.00000E+00 0.00000E+00 0.00000E+00 0.00000E+00 0.00000E+00 0.00000E+00 0.00000E+00 0.00000E+00 0.00000E+00 0.00000E+00 0.00000E+00 0.00000E+00 0.00000E+00 0.00000E+00 0.00000E+00 0.00000E+00 0.00000E+00 0.00000E+00 0.00000E+00 0.00000E+00 0.00000E+00 0.00000E+00 0.00000E+00 0.00000E+00 0.00000E+00 0.00000E+00 0.00000E+00 0.00000E+00 0.00000E+00 0.00000E+00 0.00000E+00 0.00000E+00 0.00000E+00 0.00000E+00
0.03 1.82348E-06 4.21555E-07 7.52347E-13 5.79176E-13 3.68906E-13 3.43977E-13 2.06088E-13 1.31279E-13 9.86957E-14 7.81556E-14 5.74634E-14 4.06181E-14 3.30094E-14 2.16378E-14 1.26834E-14 2.04635E-14 7.99265E-15 9.26565E-15 1.08595E-14 8.95242E-15 8.33332E-15 8.67766E-15 9.35453E-15 1.41944E-15 0.00000E+00 0.00000E+00 0.00000E+00 0.00000E+00 0.00000E+00 0.00000E+00 0.00000E+00 0.00000E+00 0.00000E+00 0.00000E+00 0.00000E+00 0.00000E+00
0.1 1.19297E-06 1.14861E-06 9.48794E-07 7.40394E-07 3.02880E-09 2.20353E-09 1.87355E-09 1.46868E-09 1.18061E-09 1.05566E-09 8.51342E-10 6.85410E-10 5.96772E-10 6.05608E-10 5.13887E-10 4.44724E-10 3.68376E-10 3.27943E-10 2.53074E-10 2.24230E-10 1.64206E-10 1.63394E-10 1.65562E-10 1.33439E-10 1.25726E-10 1.01262E-10 9.48892E-11 8.56971E-11 7.94802E-11 9.66109E-11 8.43023E-11 8.09242E-11 1.19999E-10 7.75202E-11 2.78567E-10 0.00000E+00
0.18 1.17647E-06 1.16087E-06 1.04010E-06 9.55502E-07 7.49209E-07 5.57076E-07 3.69080E-07 1.40997E-08 1.15635E-08 1.02256E-08 9.10977E-09 7.88788E-09 7.26684E-09 6.48013E-09 5.57912E-09 5.09777E-09 4.63188E-09 4.51041E-09 3.92341E-09 3.67205E-09 3.26856E-09 2.98980E-09 2.77033E-09 2.55944E-09 2.56418E-09 2.37218E-09 2.35690E-09 1.91144E-09 2.18152E-09 2.74839E-09 2.73767E-09 2.61214E-09 2.53924E-09 1.88528E-09 2.15288E-09 1.00848E-09
0.3 1.21861E-06 1.22374E-06 1.16978E-06 1.10400E-06 1.02717E-06 8.78721E-07 7.73552E-07 6.00387E-07 4.27095E-07 2.71804E-07 1.22981E-07 3.68080E-08 3.21547E-08 2.89928E-08 2.61898E-08 2.53263E-08 2.25290E-08 2.13848E-08 1.99028E-08 1.90296E-08 1.72369E-08 1.63844E-08 2.29949E-08 1.70338E-08 1.55282E-08 1.35565E-08 1.33294E-08 1.30201E-08 1.31497E-08 1.03971E-08 9.66803E-09 1.23171E-08 9.23637E-09 2.02496E-08 1.00278E-08 2.07786E-08
0.56 2.19906E-06 2.59918E-06 2.73070E-06 2.68382E-06 3.91049E-06 2.51761E-06 2.70192E-06 1.92498E-06 1.54031E-06 1.24563E-06 1.01168E-06 8.42251E-07 6.92637E-07 5.88700E-07 4.86663E-07 4.14426E-07 3.46257E-07 3.10373E-07 2.44930E-07 1.96267E-07 1.79695E-07 1.24207E-07 1.75674E-07 8.41040E-08 7.95148E-08 1.25404E-07 7.62616E-08 8.85672E-08 7.06797E-08 6.56465E-08 6.57200E-08 5.90827E-08 1.16112E-07 7.33750E-08 5.96508E-08 1.78450E-08
1.0 7.43108E-06 9.25520E-06 1.04260E-05 1.41698E-05 1.45730E-05 1.60708E-05 1.37698E-05 1.35008E-05 1.58964E-05 1.19370E-05 1.05491E-05 9.45807E-06 9.71361E-06 7.41533E-06 7.11539E-06 6.58353E-06 6.76185E-06 5.10444E-06 4.26065E-06 3.78500E-06 3.35978E-06 3.60648E-06 2.68662E-06 2.36075E-06 1.95988E-06 2.20185E-06 2.21206E-06 1.52041E-06 1.13191E-06 8.84700E-07 9.82727E-07 9.42949E-07 7.73962E-07 9.24204E-07 4.25296E-07 4.58135E-07
3.0 3.34037E-05 3.85694E-05 5.02188E-05 5.53089E-05 5.81863E-05 6.84896E-05 6.62066E-05 7.00427E-05 7.77668E-05 8.02738E-05 7.97106E-05 6.78345E-05 9.47501E-05 7.73244E-05 7.65597E-05 7.15235E-05 6.55780E-05 6.61016E-05 6.41495E-05 6.43491E-05 7.77079E-05 5.78593E-05 5.53898E-05 5.25585E-05 4.70218E-05 4.51385E-05 4.65953E-05 4.45865E-05 4.50698E-05 7.43199E-05 4.73947E-05 3.84140E-05 4.51597E-05 4.25485E-05 5.10625E-05 1.03150E-04
10.0 1.16703E-04 1.42655E-04 1.75149E-04 1.77850E-04 2.23665E-04 2.29465E-04 2.30617E-04 2.59312E-04 2.96451E-04 3.27954E-04 3.20355E-04 3.04326E-04 2.85729E-04 3.09143E-04 2.91640E-04 2.98012E-04 3.41699E-04 2.68949E-04 2.72037E-04 2.61425E-04 3.42356E-04 2.63661E-04 2.55317E-04 2.37892E-04 2.56486E-04 3.16430E-04 4.85984E-04 2.23790E-04 2.48793E-04 2.14360E-04 2.32076E-04 2.46731E-04 2.76775E-04 3.33365E-04 2.06885E-04 2.15866E-04
30.0 3.51752E-04 3.77889E-04 4.03146E-04 4.17690E-04 4.82897E-04 5.60271E-04 5.98173E-04 6.54980E-04 7.39628E-04 7.76257E-04 8.34065E-04 8.59735E-04 8.57734E-04 9.25290E-04 8.98198E-04 8.76288E-04 8.68687E-04 9.21091E-04 9.67519E-04 8.90184E-04 9.05283E-04 8.75544E-04 1.04038E-03 9.12796E-04 8.62265E-04 8.30976E-04 9.63018E-04 1.22684E-03 1.03962E-03 9.09280E-04 8.36023E-04 8.89964E-04 2.12963E-03 7.90365E-04 7.51648E-04 1.07375E-03
100.0 8.95730E-04 9.66524E-04 1.09998E-03 1.11558E-03 1.32997E-03 1.44934E-03 1.49720E-03 1.75519E-03 1.88292E-03 2.16893E-03 2.15744E-03 2.13370E-03 2.30904E-03 2.27230E-03 2.45920E-03 2.72090E-03 2.37715E-03 2.44413E-03 2.49947E-03 2.45546E-03 2.78283E-03 2.98834E-03 2.42152E-03 2.66330E-03 2.61545E-03 2.73125E-03 2.86707E-03 2.48209E-03 2.73681E-03 2.75491E-03 3.21483E-03 2.37659E-03 2.78906E-03 2.40933E-03 2.35888E-03 2.29974E-03
