Yield function of production of Ti44 by protons, neutrons, alphas, pi+ and pi-, [(Ti44 atoms * cm2) / (g * prim. part. nucleon)] (computed with Geant4.10).
The primaries are alphas.
Energy[GeV/nuc],depths[g/cm2]: 1 3 5 10 15 20 30 40 50 60 70 80 90 100 110 120 130 140 150 160 170 180 190 200 210 220 230 240 250 260 270 280 290 300 310 316.2
0.01 1.69653E-04 2.11740E-07 1.78178E-07 1.68676E-07 1.52100E-07 1.49100E-07 1.40832E-07 1.18154E-07 1.04396E-07 8.62880E-08 7.36893E-08 6.25103E-08 4.99738E-08 4.43487E-08 3.18818E-08 2.66395E-08 1.86832E-08 1.60012E-08 1.08753E-08 9.19662E-09 8.64600E-09 5.39692E-09 3.18209E-09 2.18316E-09 2.89779E-09 4.98581E-10 0.00000E+00 0.00000E+00 0.00000E+00 0.00000E+00 0.00000E+00 0.00000E+00 0.00000E+00 0.00000E+00 0.00000E+00 0.00000E+00
0.03 1.73556E-04 2.68454E-05 2.92578E-06 2.75018E-06 2.61229E-06 2.58114E-06 2.50214E-06 2.28897E-06 2.03880E-06 1.81518E-06 1.60151E-06 1.31110E-06 1.11760E-06 9.31756E-07 8.03734E-07 6.44307E-07 5.49431E-07 4.52548E-07 4.17302E-07 3.23161E-07 2.93403E-07 2.06671E-07 2.18101E-07 1.71108E-07 1.56846E-07 1.20134E-07 9.70738E-08 8.18170E-08 5.84582E-08 4.29722E-08 3.85483E-08 4.15417E-08 1.33367E-08 3.29595E-08 1.85421E-08 0.00000E+00
0.1 2.95323E-04 2.71222E-04 2.23233E-04 1.77094E-04 7.12302E-05 7.02883E-05 6.98506E-05 6.74531E-05 6.35642E-05 5.92057E-05 5.46045E-05 4.91373E-05 4.42409E-05 3.83764E-05 3.48635E-05 3.08799E-05 2.75405E-05 2.52906E-05 2.17359E-05 1.98491E-05 1.81301E-05 1.70928E-05 1.50895E-05 1.34930E-05 1.34609E-05 1.26467E-05 1.24290E-05 1.05753E-05 1.00876E-05 1.05641E-05 9.13539E-06 9.20083E-06 9.22909E-06 1.03628E-05 1.41109E-05 6.04904E-06
0.18 3.64923E-04 3.70902E-04 3.70994E-04 3.70081E-04 3.61143E-04 3.42074E-04 3.18101E-04 2.73694E-04 2.71799E-04 2.55230E-04 2.39167E-04 2.25748E-04 2.07074E-04 1.95158E-04 1.77278E-04 1.63760E-04 1.50760E-04 1.40312E-04 1.30160E-04 1.19546E-04 1.08998E-04 1.03207E-04 9.78143E-05 9.24024E-05 8.60303E-05 8.19831E-05 8.10069E-05 7.72031E-05 7.82342E-05 7.33842E-05 6.65245E-05 6.73344E-05 6.65202E-05 6.72413E-05 5.59573E-05 9.28584E-05
0.3 2.19444E-04 3.00564E-04 4.21753E-04 5.09563E-04 6.44315E-04 7.08321E-04 7.52071E-04 8.20845E-04 8.33328E-04 8.26234E-04 7.92883E-04 7.58403E-04 7.28704E-04 6.89953E-04 6.55202E-04 6.17259E-04 5.85096E-04 5.44005E-04 5.16692E-04 4.81954E-04 4.66071E-04 4.41830E-04 4.29481E-04 4.05292E-04 4.02100E-04 3.88383E-04 3.51760E-04 3.40006E-04 3.19397E-04 3.11217E-04 3.21072E-04 2.82718E-04 3.05275E-04 3.20470E-04 3.60699E-04 2.61535E-04
0.56 4.27468E-04 5.17173E-04 6.42369E-04 7.46065E-04 9.71049E-04 1.18344E-03 1.34256E-03 1.62292E-03 1.85418E-03 1.99507E-03 2.09176E-03 2.17473E-03 2.17092E-03 2.18632E-03 2.16433E-03 2.15690E-03 2.11143E-03 2.05649E-03 2.01314E-03 1.97658E-03 1.89674E-03 1.84849E-03 1.80498E-03 1.75005E-03 1.69909E-03 1.67528E-03 1.65537E-03 1.59977E-03 1.58615E-03 1.64439E-03 1.56154E-03 1.43530E-03 1.49321E-03 1.43470E-03 1.67345E-03 1.65119E-03
1.0 7.63337E-04 9.21121E-04 1.14065E-03 1.32672E-03 1.76233E-03 2.09782E-03 2.45158E-03 2.97466E-03 3.42593E-03 3.76480E-03 3.96761E-03 4.13981E-03 4.24154E-03 4.31171E-03 4.37064E-03 4.37836E-03 4.39011E-03 4.36746E-03 4.35248E-03 4.35136E-03 4.25989E-03 4.19394E-03 4.12118E-03 4.07295E-03 4.01354E-03 3.98146E-03 3.84148E-03 3.84478E-03 3.79344E-03 3.86275E-03 3.79510E-03 4.02377E-03 3.69551E-03 3.61342E-03 3.56529E-03 3.30449E-03
3.0 1.83774E-03 2.18397E-03 2.70338E-03 3.16663E-03 4.13924E-03 5.01094E-03 5.83807E-03 7.18074E-03 8.27888E-03 9.24362E-03 1.00054E-02 1.05519E-02 1.10803E-02 1.14308E-02 1.16935E-02 1.19444E-02 1.21061E-02 1.24016E-02 1.23415E-02 1.23868E-02 1.24728E-02 1.24280E-02 1.25729E-02 1.25438E-02 1.24470E-02 1.24130E-02 1.21924E-02 1.22698E-02 1.21422E-02 1.24028E-02 1.23295E-02 1.21356E-02 1.20556E-02 1.19197E-02 1.17079E-02 1.17737E-02
10.0 4.70570E-03 5.59538E-03 6.93594E-03 8.02165E-03 1.06413E-02 1.28044E-02 1.49443E-02 1.86248E-02 2.15997E-02 2.41194E-02 2.63202E-02 2.80672E-02 2.95759E-02 3.07900E-02 3.18691E-02 3.24820E-02 3.30686E-02 3.38917E-02 3.45154E-02 3.47722E-02 3.49710E-02 3.51194E-02 3.56167E-02 3.53168E-02 3.59809E-02 3.58716E-02 3.55458E-02 3.62852E-02 3.65246E-02 3.62526E-02 3.64842E-02 3.69343E-02 3.59709E-02 3.86485E-02 3.68962E-02 3.17969E-02
30.0 1.04104E-02 1.22625E-02 1.49784E-02 1.72167E-02 2.26743E-02 2.76711E-02 3.21275E-02 4.02210E-02 4.74620E-02 5.32724E-02 5.84029E-02 6.32464E-02 6.69493E-02 7.05467E-02 7.31918E-02 7.53177E-02 7.77400E-02 7.99252E-02 8.11378E-02 8.31863E-02 8.45122E-02 8.52054E-02 8.59230E-02 8.58489E-02 8.68780E-02 8.61868E-02 8.82404E-02 8.71650E-02 8.82457E-02 9.01122E-02 8.73861E-02 8.85191E-02 8.86222E-02 8.76023E-02 8.34300E-02 9.11577E-02
100.0 2.39464E-02 2.81806E-02 3.40725E-02 3.93807E-02 5.20182E-02 6.39527E-02 7.40019E-02 9.16511E-02 1.07483E-01 1.21276E-01 1.32231E-01 1.45183E-01 1.53301E-01 1.62067E-01 1.69796E-01 1.76034E-01 1.80071E-01 1.84612E-01 1.90608E-01 1.91630E-01 1.96393E-01 2.02463E-01 2.04102E-01 2.04536E-01 2.06675E-01 2.11446E-01 2.17584E-01 2.14125E-01 2.17131E-01 2.24344E-01 2.26006E-01 2.32150E-01 2.27099E-01 2.31415E-01 2.57229E-01 2.29865E-01
