Yield function of production of Ti44 by protons, neutrons, alphas, [(Ti44 atoms * cm2) / (g * prim. part. nucleon)] (computed with Geant4.10).
The primaries are alphas.
Energy[GeV/nuc],depths[g/cm2]: 1 3 5 10 15 20 30 40 50 60 70 80 90 100 110 120 130 140 150 160 170 180 190 200 210 220 230 240 250 260 270 280 290 300 310 316.2
0.01 7.33472E-07 8.51213E-13 7.45694E-13 8.74412E-13 4.35753E-13 3.35400E-13 2.48683E-13 1.57569E-13 1.00459E-13 8.41384E-14 8.27983E-14 7.29169E-14 1.16668E-13 6.14499E-14 6.89274E-14 8.57721E-14 2.83301E-13 8.54695E-14 1.95342E-13 0.00000E+00 0.00000E+00 0.00000E+00 0.00000E+00 0.00000E+00 0.00000E+00 0.00000E+00 0.00000E+00 0.00000E+00 0.00000E+00 0.00000E+00 0.00000E+00 0.00000E+00 0.00000E+00 0.00000E+00 0.00000E+00 0.00000E+00
0.03 4.14025E-07 3.96817E-08 1.06821E-09 7.23391E-10 5.15647E-10 4.41195E-10 3.68950E-10 2.80277E-10 2.27082E-10 1.75992E-10 1.57598E-10 1.26953E-10 1.03933E-10 9.22084E-11 7.62366E-11 6.43468E-11 5.29833E-11 4.64594E-11 4.30959E-11 3.74078E-11 3.16625E-11 3.83585E-11 3.21965E-11 2.64558E-11 3.29132E-11 1.80573E-11 1.34009E-11 1.16500E-11 1.49935E-11 1.63773E-11 6.92586E-12 1.07320E-11 1.00219E-11 2.30426E-11 6.85695E-11 0.00000E+00
0.1 3.10902E-07 3.46749E-07 3.16813E-07 2.50512E-07 5.03610E-08 3.68784E-08 3.06470E-08 2.32793E-08 1.90114E-08 1.67413E-08 1.45064E-08 1.27758E-08 1.39531E-08 9.96076E-09 9.63527E-09 8.40702E-09 7.50603E-09 6.72604E-09 6.36015E-09 5.64227E-09 5.65625E-09 4.93004E-09 4.62572E-09 4.57596E-09 4.06423E-09 3.72298E-09 3.87667E-09 3.37519E-09 3.14266E-09 3.33015E-09 3.58750E-09 3.15451E-09 4.50892E-09 4.35606E-09 2.64176E-09 2.81373E-10
0.18 3.28670E-07 4.13435E-07 4.82399E-07 4.74691E-07 4.39882E-07 3.59605E-07 2.79121E-07 1.44076E-07 1.16356E-07 9.80677E-08 8.40005E-08 7.59866E-08 6.96348E-08 6.18089E-08 5.73829E-08 5.25098E-08 4.93587E-08 4.44095E-08 4.19790E-08 4.00995E-08 4.07367E-08 3.60915E-08 3.30035E-08 3.14610E-08 2.97616E-08 2.94416E-08 2.64345E-08 2.41859E-08 2.66156E-08 2.56860E-08 2.25351E-08 2.57527E-08 2.81409E-08 2.02005E-08 1.96166E-08 2.17458E-08
0.3 4.72650E-07 6.03544E-07 7.04971E-07 7.83711E-07 8.87140E-07 8.57795E-07 8.60860E-07 7.47773E-07 6.24787E-07 5.10320E-07 4.11305E-07 3.38543E-07 3.10725E-07 2.86070E-07 2.49888E-07 2.39770E-07 2.22613E-07 2.06166E-07 1.92831E-07 2.03995E-07 1.72036E-07 1.66750E-07 1.55369E-07 1.47127E-07 1.50464E-07 1.50921E-07 1.29241E-07 1.26025E-07 1.20312E-07 1.14558E-07 1.11537E-07 1.22372E-07 1.46715E-07 1.24264E-07 1.00074E-07 1.00800E-07
0.56 4.26527E-06 7.19936E-06 7.73603E-06 6.46913E-06 7.01738E-06 7.48247E-06 6.68718E-06 5.58044E-06 5.74157E-06 4.40531E-06 3.84431E-06 4.26231E-06 2.67950E-06 2.64316E-06 2.45985E-06 2.05250E-06 1.83482E-06 1.71683E-06 1.53185E-06 1.36949E-06 1.38893E-06 1.67166E-06 1.48982E-06 1.21702E-06 1.12382E-06 9.71951E-07 9.96206E-07 1.64167E-06 1.49978E-06 1.02362E-06 9.96815E-07 1.04115E-06 1.11645E-06 1.51212E-06 5.91590E-07 5.96129E-07
1.0 2.23095E-05 3.16396E-05 3.51215E-05 3.58167E-05 5.30339E-05 4.61118E-05 5.29019E-05 5.69327E-05 5.71295E-05 5.88162E-05 5.05305E-05 4.36974E-05 3.74973E-05 3.30944E-05 3.46633E-05 3.65178E-05 3.33422E-05 2.51624E-05 2.23199E-05 4.99717E-05 1.98626E-05 1.77504E-05 2.16934E-05 1.71107E-05 1.48500E-05 1.45695E-05 1.17019E-05 1.16670E-05 1.06948E-05 1.05840E-05 1.08255E-05 1.03580E-05 1.73105E-05 8.12989E-06 1.36750E-05 1.94025E-06
3.0 1.19087E-04 1.34319E-04 1.71571E-04 1.97492E-04 2.08167E-04 2.57510E-04 2.60633E-04 3.11619E-04 2.98118E-04 2.84131E-04 3.28264E-04 3.01102E-04 3.08058E-04 2.95718E-04 2.75377E-04 2.75891E-04 2.60147E-04 2.87644E-04 2.62112E-04 2.39955E-04 2.53253E-04 2.36643E-04 2.11169E-04 3.18494E-04 2.32968E-04 2.28922E-04 2.57017E-04 1.96046E-04 1.83651E-04 3.86281E-04 1.90721E-04 1.85258E-04 2.02402E-04 1.48394E-04 1.46092E-04 7.72374E-05
10.0 4.75845E-04 5.39021E-04 6.29124E-04 7.36600E-04 9.23338E-04 9.71838E-04 1.00030E-03 1.18304E-03 1.20195E-03 1.20327E-03 1.35352E-03 1.32350E-03 1.24911E-03 1.28336E-03 1.31374E-03 1.26776E-03 1.20196E-03 1.20366E-03 1.33409E-03 1.26649E-03 1.24086E-03 1.23653E-03 1.30288E-03 1.28281E-03 1.23454E-03 1.14005E-03 1.15772E-03 1.04710E-03 1.31934E-03 1.60879E-03 1.07549E-03 1.09501E-03 1.26781E-03 1.05563E-03 1.03978E-03 3.95004E-04
30.0 1.40363E-03 1.52451E-03 1.74081E-03 1.78257E-03 2.13128E-03 2.35131E-03 2.50343E-03 2.82603E-03 3.04908E-03 3.10324E-03 3.20554E-03 3.48688E-03 3.55572E-03 3.73709E-03 3.65804E-03 3.63788E-03 3.57970E-03 3.79301E-03 3.72551E-03 3.87848E-03 3.82172E-03 3.55835E-03 3.64701E-03 3.53018E-03 4.00564E-03 3.35590E-03 3.55709E-03 3.38152E-03 3.28030E-03 3.16389E-03 3.20644E-03 3.14653E-03 3.05857E-03 2.87808E-03 2.91243E-03 3.28627E-03
100.0 3.52699E-03 3.80156E-03 4.07073E-03 4.66184E-03 5.29340E-03 6.09783E-03 6.29172E-03 6.91747E-03 7.67179E-03 8.07778E-03 7.44872E-03 8.76885E-03 8.83910E-03 9.79195E-03 9.86333E-03 1.12861E-02 9.55383E-03 9.50054E-03 9.81838E-03 9.31875E-03 9.23773E-03 9.01897E-03 9.49405E-03 9.41034E-03 9.81491E-03 1.19430E-02 1.18264E-02 1.02673E-02 1.09585E-02 1.50688E-02 1.05763E-02 2.58069E-02 9.30834E-03 1.20517E-02 1.72362E-02 1.23872E-02
