Yield function of production of Ti44 by protons, neutrons, alphas, [(Ti44 atoms * cm2) / (g * prim. part. nucleon)] (computed with Geant4.10).
The primaries are alphas.
Energy[GeV/nuc],depths[g/cm2]: 1 3 10 20 30 40 50 60 71.6
0.01 9.05756E-07 1.92569E-15 2.22603E-15 3.08971E-15 0.00000E+00 0.00000E+00 0.00000E+00 0.00000E+00 0.00000E+00
0.03 3.38433E-06 5.01632E-08 2.74314E-11 2.26115E-11 1.84978E-11 1.71924E-11 1.43608E-11 1.57519E-11 8.92855E-12
0.1 3.96960E-06 3.67912E-06 2.78609E-06 9.02789E-09 7.40408E-09 7.75106E-09 7.16795E-09 6.80352E-09 6.38393E-09
0.18 3.41200E-06 3.33109E-06 3.36139E-06 2.39338E-06 1.13605E-06 9.41205E-08 8.69534E-08 8.81608E-08 9.38976E-08
0.3 3.96123E-06 3.89986E-06 3.81130E-06 3.41354E-06 2.86711E-06 2.54238E-06 2.28966E-06 1.82712E-06 1.15527E-06
0.56 5.45256E-06 5.59419E-06 5.58761E-06 5.95759E-06 5.64327E-06 5.67979E-06 5.50362E-06 5.87043E-06 5.13094E-06
1.0 6.95464E-06 7.21203E-06 7.53047E-06 7.86440E-06 7.97327E-06 8.50199E-06 8.70415E-06 9.22906E-06 9.03190E-06
3.0 9.14099E-06 9.43957E-06 9.95859E-06 1.09650E-05 1.18569E-05 1.31547E-05 1.22200E-05 1.24783E-05 1.63551E-05
10.0 1.21087E-05 1.26744E-05 1.31321E-05 1.55855E-05 1.70976E-05 1.91492E-05 1.94240E-05 1.79586E-05 1.97672E-05
30.0 1.54051E-05 1.58746E-05 1.69301E-05 1.86292E-05 2.27746E-05 2.28334E-05 2.73236E-05 2.85724E-05 2.48349E-05
100.0 1.49024E-05 1.58199E-05 1.99641E-05 2.25626E-05 2.37539E-05 2.49069E-05 2.73550E-05 3.53126E-05 1.39011E-05
