Yield function of production of Ti44 by protons, neutrons, alphas, pi+ and pi-, [(Ti44 atoms * cm2) / (g * prim. part. nucleon)] (computed with Geant4.10).
The primaries are protons.
Energy[GeV/nuc],depths[g/cm2]: 1 3 10 20 30 40 50 60 71.6
0.01 3.03739E-16 0.00000E+00 0.00000E+00 0.00000E+00 0.00000E+00 0.00000E+00 0.00000E+00 0.00000E+00 0.00000E+00
0.03 9.58629E-09 0.00000E+00 0.00000E+00 0.00000E+00 0.00000E+00 0.00000E+00 0.00000E+00 0.00000E+00 0.00000E+00
0.1 6.60695E-07 2.68503E-07 5.95060E-08 4.78900E-10 4.05898E-10 3.69071E-10 3.50474E-10 3.67413E-10 2.97736E-10
0.18 2.55504E-06 1.91718E-06 1.43881E-06 5.09746E-07 4.34727E-08 1.71937E-08 1.60520E-08 1.50049E-08 1.48930E-08
0.3 5.56407E-06 5.48735E-06 4.93970E-06 3.55461E-06 2.32178E-06 1.41787E-06 8.12643E-07 4.00909E-07 2.02423E-07
0.56 1.13344E-05 1.16160E-05 1.10144E-05 1.07977E-05 9.90838E-06 9.14758E-06 8.91052E-06 8.77926E-06 8.44486E-06
1.0 1.53335E-05 1.57077E-05 1.52090E-05 1.55996E-05 1.45944E-05 1.46315E-05 1.38282E-05 1.48094E-05 1.37058E-05
3.0 1.31503E-05 1.34745E-05 1.35704E-05 1.45679E-05 1.49866E-05 1.51095E-05 1.54291E-05 1.60018E-05 1.58831E-05
10.0 1.59922E-05 1.64430E-05 1.69231E-05 1.84161E-05 2.04534E-05 2.07669E-05 2.11167E-05 2.16012E-05 1.95823E-05
30.0 1.84387E-05 1.86179E-05 1.92466E-05 2.16412E-05 2.28972E-05 2.39152E-05 2.48643E-05 2.65828E-05 3.18199E-05
100.0 2.39824E-05 2.45605E-05 2.54624E-05 2.79220E-05 2.97475E-05 3.26665E-05 3.42445E-05 3.66411E-05 3.32368E-05
