Yield function of production of Ti44 by protons, neutrons, alphas, pi+ and pi-, [(Ti44 atoms * cm2) / (g * prim. part. nucleon)] (computed with Geant4.10).
The primaries are alphas.
Energy[GeV/nuc],depths[g/cm2]: 1 3 10 20 30 40 50 60 71.6
0.01 3.62600E-06 1.19302E-14 6.87864E-15 3.57672E-15 6.67335E-15 1.17238E-14 5.55918E-14 1.63447E-14 0.00000E+00
0.03 1.35276E-05 1.94904E-07 1.23885E-10 9.10460E-11 7.83118E-11 6.84262E-11 6.04655E-11 5.72170E-11 5.74335E-11
0.1 1.67373E-05 1.47418E-05 1.11294E-05 3.75568E-08 3.06670E-08 2.84964E-08 2.63298E-08 2.82237E-08 3.09908E-08
0.18 1.38703E-05 1.40156E-05 1.29368E-05 9.56693E-06 4.51588E-06 3.75370E-07 3.55151E-07 3.27831E-07 3.07995E-07
0.3 1.58509E-05 1.61464E-05 1.52369E-05 1.34527E-05 1.22107E-05 1.03117E-05 8.62099E-06 7.68192E-06 4.86146E-06
0.56 2.27731E-05 2.25798E-05 2.28570E-05 2.30282E-05 2.33145E-05 2.37939E-05 2.37211E-05 2.23949E-05 2.16341E-05
1.0 2.84628E-05 2.90488E-05 3.02624E-05 3.23458E-05 3.37720E-05 3.62358E-05 3.52693E-05 3.52355E-05 3.42312E-05
3.0 3.61739E-05 3.76405E-05 3.98987E-05 4.51001E-05 4.70893E-05 4.95673E-05 5.18432E-05 5.36824E-05 5.19289E-05
10.0 4.67345E-05 5.00982E-05 5.31015E-05 5.96089E-05 6.73352E-05 7.23673E-05 7.43223E-05 7.38475E-05 7.97291E-05
30.0 5.86713E-05 6.14247E-05 6.60766E-05 7.39720E-05 8.58347E-05 9.07526E-05 9.77605E-05 1.00152E-04 1.03455E-04
100.0 6.33335E-05 6.81957E-05 7.59444E-05 9.02713E-05 1.17808E-04 1.20599E-04 1.39152E-04 1.32936E-04 1.21705E-04
