Yield function of production of Ti44 by protons, neutrons, alphas, pi+ and pi-, [(Ti44 atoms * cm2) / (g * prim. part. nucleon)] (computed with Geant4.10).
The primaries are alphas.
Energy[GeV/nuc],depths[g/cm2]: 1.0 3.0 10.0 20.0 30.0 40.0 50.0 60.0 71.6
0.01 3.5462788406079034e-06 7.491912826708071e-09 6.2092544250804996e-09 5.263273405801013e-09 5.351931914158701e-09 5.486676716230121e-09 5.325429467156352e-09 4.4655737002131825e-09 3.917117430335237e-09
0.03 3.63255164560135e-06 1.45963704165406e-06 1.570106129958381e-07 1.4391331894406945e-07 1.4487385389054426e-07 1.4358597901809122e-07 1.3540360931970004e-07 1.2258692084119333e-07 1.0314337310896583e-07
0.1 5.88637473883696e-06 6.817578434362153e-06 7.511359219718107e-06 4.74743801132547e-06 4.713100496558331e-06 4.722957745662851e-06 4.582500424714208e-06 4.210695842164606e-06 3.3204470544766036e-06
1.0 6.264005105754334e-05 7.218467655034346e-05 8.957888711602964e-05 0.0001246394841533494 0.00016616573805098818 0.00018829068699730627 0.00019506425520660062 0.0001833477176561707 0.00014723181302725728
3.0 0.0001251647221714048 0.00014419696650570278 0.0001781757404374105 0.00024253726629023276 0.00032319400240584913 0.0003692459561028913 0.0003835796533022027 0.00035956538786582426 0.0002879368079790491
10.0 0.0002914574554430495 0.00033141843002581107 0.0004072804777634803 0.0005517326681750193 0.0007370860190487058 0.0008391032755519011 0.0008721396452738885 0.000814481383889624 0.0006763363706087676
30.0 0.0005540336271312517 0.0006191656196732118 0.0007412560478635364 0.0009960042827089836 0.00130661744880945 0.0014947398545472341 0.0015627353715615452 0.0014878846889616701 0.0012047167107925695
100.0 0.0011980624645411893 0.0013046328698121034 0.0015132361671480678 0.0019746449979596435 0.0025329978559102705 0.002826190525816817 0.0030029312503800903 0.002813558535913104 0.0022758212148326594
