Yield function of production of Ti44 by protons, neutrons, alphas, pi+ and pi-, [(Ti44 atoms * cm2) / (g * prim. part. nucleon)] (computed with Geant4.10).
The primaries are protons.
Energy[GeV/nuc],depths[g/cm2]: 1 3 10 20 30 40 50 60 71.6
0.01 0.00000E+00 0.00000E+00 0.00000E+00 0.00000E+00 0.00000E+00 0.00000E+00 0.00000E+00 0.00000E+00 0.00000E+00
0.03 2.39811E-09 9.15861E-17 9.45581E-17 1.11598E-16 3.06128E-16 0.00000E+00 0.00000E+00 0.00000E+00 0.00000E+00
0.1 1.62930E-07 6.52943E-08 1.37305E-08 8.56475E-11 4.70485E-11 3.03049E-11 1.66705E-11 6.92067E-12 2.96846E-12
0.18 6.36630E-07 4.66424E-07 3.32474E-07 9.48068E-08 5.94714E-09 1.40794E-09 8.41728E-10 3.28858E-10 7.52973E-11
0.3 1.42851E-06 1.27612E-06 1.11014E-06 6.78632E-07 2.93536E-07 1.19972E-07 3.84190E-08 9.08204E-09 1.07192E-09
0.56 2.82588E-06 2.71806E-06 2.60228E-06 1.89852E-06 1.33025E-06 7.58976E-07 4.30376E-07 1.75534E-07 5.17429E-08
1.0 3.77269E-06 3.72316E-06 3.47180E-06 2.77329E-06 1.88001E-06 1.22910E-06 6.81340E-07 3.17212E-07 1.09899E-07
3.0 3.29645E-06 3.22387E-06 3.05299E-06 2.59488E-06 1.89953E-06 1.22807E-06 7.64353E-07 3.51232E-07 9.61919E-08
10.0 3.92457E-06 3.81565E-06 3.85325E-06 3.33974E-06 2.48642E-06 1.84611E-06 9.85771E-07 4.94615E-07 1.39831E-07
30.0 4.81664E-06 4.41057E-06 4.26578E-06 3.77912E-06 2.80479E-06 1.78072E-06 1.00031E-06 5.34918E-07 1.52068E-07
100.0 5.73213E-06 5.92017E-06 5.82335E-06 5.11043E-06 4.14820E-06 2.52687E-06 1.51445E-06 7.46822E-07 1.77571E-07
