Yield function of production of Ti44 by protons, neutrons, alphas, pi+ and pi-, [(Ti44 atoms * cm2) / (g * prim. part. nucleon)] (computed with Geant4.10).
The primaries are protons.
Energy[GeV/nuc],depths[g/cm2]: 1 3 10 20 30 40 50 60 71.6
0.01 0.00000E+00 0.00000E+00 0.00000E+00 0.00000E+00 0.00000E+00 0.00000E+00 0.00000E+00 0.00000E+00 0.00000E+00
0.03 2.39811E-09 9.41990E-17 1.03009E-16 1.50772E-16 5.89426E-16 0.00000E+00 0.00000E+00 0.00000E+00 0.00000E+00
0.1 1.62930E-07 6.71571E-08 1.49576E-08 1.15712E-10 9.05884E-11 8.97742E-11 8.55857E-11 7.60443E-11 1.13094E-10
0.18 6.36630E-07 4.79730E-07 3.62189E-07 1.28087E-07 1.14508E-08 4.17083E-09 4.32139E-09 3.61349E-09 2.86873E-09
0.3 1.42851E-06 1.31253E-06 1.20936E-06 9.16852E-07 5.65181E-07 3.55400E-07 1.97241E-07 9.97934E-08 4.08388E-08
0.56 2.82588E-06 2.79560E-06 2.83487E-06 2.56496E-06 2.56130E-06 2.24837E-06 2.20953E-06 1.92877E-06 1.97134E-06
1.0 3.77269E-06 3.82938E-06 3.78209E-06 3.74679E-06 3.61983E-06 3.64104E-06 3.49797E-06 3.48552E-06 4.18699E-06
3.0 3.29645E-06 3.31584E-06 3.32585E-06 3.50576E-06 3.65741E-06 3.63799E-06 3.92415E-06 3.85934E-06 3.66478E-06
10.0 3.92457E-06 3.92450E-06 4.19764E-06 4.51208E-06 4.78742E-06 5.46887E-06 5.06090E-06 5.43483E-06 5.32736E-06
30.0 4.81664E-06 4.53640E-06 4.64704E-06 5.10571E-06 5.40042E-06 5.27514E-06 5.13556E-06 5.87768E-06 5.79360E-06
100.0 5.73213E-06 6.08906E-06 6.34382E-06 6.90434E-06 7.98704E-06 7.48552E-06 7.77511E-06 8.20608E-06 6.76523E-06
