Yield function of production of Ti44 by protons, neutrons, alphas, pi+ and pi-, [(Ti44 atoms * cm2) / (g * prim. part. nucleon)] (computed with Geant4.10).
The primaries are alphas.
Energy[GeV/nuc],depths[g/cm2]: 1 3 10 20 30 40 50 60 71.6
0.01 9.05756E-07 1.87228E-15 2.04340E-15 2.28693E-15 0.00000E+00 0.00000E+00 0.00000E+00 0.00000E+00 0.00000E+00
0.03 3.38433E-06 4.87718E-08 2.51809E-11 1.67365E-11 9.60714E-12 5.80360E-12 2.79723E-12 1.43355E-12 2.34353E-13
0.1 3.96960E-06 3.57707E-06 2.55751E-06 6.68223E-09 3.84542E-09 2.61650E-09 1.39619E-09 6.19177E-10 1.67563E-10
0.18 3.41200E-06 3.23869E-06 3.08561E-06 1.77152E-06 5.90027E-07 3.17720E-08 1.69369E-08 8.02337E-09 2.46459E-09
0.3 3.96123E-06 3.79169E-06 3.49861E-06 2.52662E-06 1.48908E-06 8.58225E-07 4.45985E-07 1.66283E-07 3.03230E-08
0.56 5.45256E-06 5.43902E-06 5.12918E-06 4.40967E-06 2.93092E-06 1.91731E-06 1.07200E-06 5.34258E-07 1.34675E-07
1.0 6.95464E-06 7.01198E-06 6.91264E-06 5.82105E-06 4.14104E-06 2.87000E-06 1.69541E-06 8.39922E-07 2.37066E-07
3.0 9.14099E-06 9.17774E-06 9.14155E-06 8.11601E-06 6.15805E-06 4.44060E-06 2.38024E-06 1.13563E-06 4.29283E-07
10.0 1.21087E-05 1.23229E-05 1.20547E-05 1.15360E-05 8.87993E-06 6.46416E-06 3.78344E-06 1.63439E-06 5.18843E-07
30.0 1.54051E-05 1.54343E-05 1.55411E-05 1.37889E-05 1.18283E-05 7.70781E-06 5.32214E-06 2.60033E-06 6.51858E-07
100.0 1.49024E-05 1.53811E-05 1.83262E-05 1.67003E-05 1.23370E-05 8.40775E-06 5.32826E-06 3.21374E-06 3.64871E-07
