Yield function of production of Ti44 by protons, neutrons, alphas, pi+ and pi-, [(Ti44 atoms * cm2) / (g * prim. part. nucleon)] (computed with Geant4.10).
The primaries are protons.
Energy[GeV/nuc],depths[g/cm2]: 1.0 3.0 10.0 20.0 30.0 40.0 50.0 60.0 71.6
0.01 4.446924706740133e-06 1.3842869158178132e-09 1.1333601336816676e-09 9.358547303971116e-10 8.642152371336108e-10 8.326581178281133e-10 7.214998437879497e-10 5.267308117097456e-10 3.9723891931596466e-10
0.03 4.461048217748168e-06 1.485196560025982e-06 2.2406390795727928e-08 1.9077980733939994e-08 1.814510643333905e-08 1.72035783003534e-08 1.574810993844227e-08 1.3436137604476638e-08 9.76447095605138e-09
0.1 4.8753151726619725e-06 5.147672063228936e-06 5.436461416759743e-06 7.415318852818028e-07 7.170790102775081e-07 7.000038006990093e-07 6.60761140359862e-07 5.882164595745696e-07 4.888410057644033e-07
1.0 1.9788196130882447e-05 2.248504616875114e-05 2.772923562828745e-05 3.8436022192914454e-05 5.021751543744635e-05 5.510725870560697e-05 5.6399734346001556e-05 5.156123669383847e-05 4.169457898098936e-05
3.0 3.752598051412534e-05 4.3197211834466025e-05 5.273273071908766e-05 7.26455244973303e-05 9.511868885455602e-05 0.00010533662490150513 0.00010855371407549948 0.00010227309118896723 8.37154577755805e-05
10.0 8.110892060270238e-05 9.23846003120119e-05 0.0001137986971788664 0.00015617351042280378 0.00020351530110570805 0.00023004645962530106 0.00023860431687321794 0.00022455017752850517 0.00018312949682722604
30.0 0.00015263884752027653 0.00017143285494261934 0.0002072476684416376 0.0002764660408582128 0.0003642390580953662 0.0004159758408300761 0.00042991318607545423 0.00040651049177413347 0.00033381015457434245
100.0 0.00030655889977940795 0.0003386950698504168 0.0003914813054552934 0.0005137864749126744 0.0006635385075561049 0.0007397099945948295 0.0007838834194497817 0.0007358999210042337 0.0005918352757252114
