1.61257e+3 8.48236e+2
1.61281e+3 8.79756e+2
1.61337e+3 9.65411e+2
1.61423e+3 9.99949e+2
1.61458e+3 1.02974e+3
1.61494e+3 9.24439e+2
1.61522e+3 8.87862e+2
1.61547e+3 7.78961e+2
1.61547e+3 8.12213e+2
1.61583e+3 7.04143e+2
1.61594e+3 6.70059e+2
1.61618e+3 5.96073e+2
1.61629e+3 5.61990e+2
1.61663e+3 4.80210e+2
1.61698e+3 4.51114e+2
1.61761e+3 3.79934e+2
1.61778e+3 3.46682e+2
1.61814e+3 2.72557e+2
1.61880e+3 2.37424e+2
1.62110e+3 2.54892e+2
1.62205e+3 2.69786e+2
1.62269e+3 3.39615e+2
1.62312e+3 3.75084e+2
1.62463e+3 4.47997e+2
1.62498e+3 4.76573e+2
1.62560e+3 5.46195e+2
1.62596e+3 5.19870e+2
1.62703e+3 4.42282e+2
1.62756e+3 4.17862e+2
1.62951e+3 4.56830e+2
1.62987e+3 4.26695e+2
1.63023e+3 4.11108e+2
1.63058e+3 3.48760e+2
1.63094e+3 3.18625e+2
1.63129e+3 3.03038e+2
1.63271e+3 2.33208e+2
1.63467e+3 2.09862e+2
1.63609e+3 2.13673e+2
1.63627e+3 2.41729e+2
1.63669e+3 3.26315e+2
1.63680e+3 3.61229e+2
1.63710e+3 4.31890e+2
1.63733e+3 4.65143e+2
1.63800e+3 5.55287e+2
1.63840e+3 5.83604e+2
1.63876e+3 5.19697e+2
1.63911e+3 4.99088e+2
1.63947e+3 4.34661e+2
1.63975e+3 3.99469e+2
1.64044e+3 3.19145e+2
1.64107e+3 2.92127e+2
1.64124e+3 2.78099e+2
1.64409e+3 2.31338e+2
1.64480e+3 2.02762e+2
1.64649e+3 1.37296e+2
1.64771e+3 2.22401e+2
1.64800e+3 2.59394e+2
1.64843e+3 3.32965e+2
1.64942e+3 3.71621e+2
1.64978e+3 4.07644e+2
1.65049e+3 3.69542e+2
1.65075e+3 2.91608e+2
1.65111e+3 2.64071e+2
1.65226e+3 1.86655e+2
1.65312e+3 1.56728e+2
1.65623e+3 1.14262e+2
1.65724e+3 1.43704e+2
1.65777e+3 2.10555e+2
1.65802e+3 2.40274e+2
1.65896e+3 3.24513e+2
1.65916e+3 3.54163e+2
1.66026e+3 3.04077e+2
1.66044e+3 3.25899e+2
1.66115e+3 2.35148e+2
1.66240e+3 2.07091e+2
1.66506e+3 1.21709e+2
1.66631e+3 9.52115e+1
1.66897e+3 1.45783e+2
1.66933e+3 1.74186e+2
1.67011e+3 2.47340e+2
1.67075e+3 2.78099e+2
1.67235e+3 2.61473e+2
1.67253e+3 2.30299e+2
1.67608e+3 2.01982e+2
1.67715e+3 1.86655e+2
1.67875e+3 1.13570e+2
1.68052e+3 1.26386e+2
1.68141e+3 2.03801e+2
1.68159e+3 2.34455e+2
1.68195e+3 3.05116e+2
1.68219e+3 3.32549e+2
1.68283e+3 4.15264e+2
1.68355e+3 4.40203e+2
1.68417e+3 3.63308e+2
1.68437e+3 3.35597e+2
1.68497e+3 2.63551e+2
1.68525e+3 2.27805e+2
1.68603e+3 1.54788e+2
1.68639e+3 1.30542e+2
1.68692e+3 1.11838e+2
1.69073e+3 1.21813e+2
1.69125e+3 1.49939e+2
1.69208e+3 2.21986e+2
1.69228e+3 2.49300e+2
1.69279e+3 2.93166e+2
1.69368e+3 2.64071e+2
1.69741e+3 1.88041e+2
1.69826e+3 1.56728e+2
1.70068e+3 1.38439e+2
1.70132e+3 1.71588e+2
1.70196e+3 2.50666e+2
1.70221e+3 2.84334e+2
1.70345e+3 3.58112e+2
1.70452e+3 2.94032e+2
1.70537e+3 2.64798e+2
1.70558e+3 2.46925e+2
1.70790e+3 1.85270e+2
1.71003e+3 1.63102e+2
1.71127e+3 1.63794e+2
1.71394e+3 1.31581e+2
1.71483e+3 1.63275e+2
1.71525e+3 2.41937e+2
1.71536e+3 2.76021e+2
1.71714e+3 3.51184e+2
1.71874e+3 3.45296e+2
1.72036e+3 4.10217e+2
1.72051e+3 4.41035e+2
1.72238e+3 4.14225e+2
1.72425e+3 4.13532e+2
1.72567e+3 3.81492e+2
1.72596e+3 4.85925e+2
1.72602e+3 4.17343e+2
1.72620e+3 5.17619e+2
1.72632e+3 5.93995e+2
1.72715e+3 6.23091e+2
1.72780e+3 6.56343e+2
1.72833e+3 5.48966e+2
1.72833e+3 6.21012e+2
1.72862e+3 5.12111e+2
1.72946e+3 4.05566e+2
1.73002e+3 4.39424e+2
1.73189e+3 4.25656e+2
1.73207e+3 3.92403e+2
1.73253e+3 3.05948e+2
1.73390e+3 2.80523e+2
1.73482e+3 2.58875e+2
1.73527e+3 2.97842e+2
1.73551e+3 3.69127e+2
1.73562e+3 4.04873e+2
1.73598e+3 4.79690e+2
1.73615e+3 5.14328e+2
1.73651e+3 6.21012e+2
1.73671e+3 5.89542e+2
1.73758e+3 5.65592e+2
1.73829e+3 5.42038e+2
1.73857e+3 4.48932e+2
1.73880e+3 4.90082e+2
1.73978e+3 5.17515e+2
1.74042e+3 4.84540e+2
1.74060e+3 4.66182e+2
1.74398e+3 4.49763e+2
1.74477e+3 4.18901e+2
1.74589e+3 3.10520e+2
1.74611e+3 3.51729e+2
1.74700e+3 3.88247e+2
1.74700e+3 4.63064e+2
1.74717e+3 3.63308e+2
1.74726e+3 4.92680e+2
1.74735e+3 5.71134e+2
1.74753e+3 6.05772e+2
1.74789e+3 6.70891e+2
1.74809e+3 6.97314e+2
1.74824e+3 7.85195e+2
1.74860e+3 8.04939e+2
1.74922e+3 7.37915e+2
1.74948e+3 7.13495e+2
1.75014e+3 6.29325e+2
1.75055e+3 6.01788e+2
1.75108e+3 5.29569e+2
1.75137e+3 4.94238e+2
1.75339e+3 4.17343e+2
1.75464e+3 3.86688e+2
1.75642e+3 3.01791e+2
1.75662e+3 2.76021e+2
1.75784e+3 3.75084e+2
1.75784e+3 3.09273e+2
1.75791e+3 4.02379e+2
1.75831e+3 4.85925e+2
1.75883e+3 5.21256e+2
1.75951e+3 5.96964e+2
1.76059e+3 5.16580e+2
1.76068e+3 5.02551e+2
1.76175e+3 5.88057e+2
1.76193e+3 6.19973e+2
1.76329e+3 5.57972e+2
1.76335e+3 5.85682e+2
1.76486e+3 4.76053e+2
1.76521e+3 4.47477e+2
1.76593e+3 3.67984e+2
1.76613e+3 3.40447e+2
1.76761e+3 3.21742e+2
1.76761e+3 2.88490e+2
1.76797e+3 3.96560e+2
1.76797e+3 4.29812e+2
1.76815e+3 5.06362e+2
1.76827e+3 6.10621e+2
1.76832e+3 5.39960e+2
1.76857e+3 6.40132e+2
1.76945e+3 7.26542e+2
1.76957e+3 7.60672e+2
1.76957e+3 8.32649e+2
1.77056e+3 6.43458e+2
1.77064e+3 7.22847e+2
1.77135e+3 6.17549e+2
1.77348e+3 5.44809e+2
1.77383e+3 5.17099e+2
1.77401e+3 4.98395e+2
1.77490e+3 4.36047e+2
1.77526e+3 4.08337e+2
1.77543e+3 3.90325e+2
1.77620e+3 2.90568e+2
1.77648e+3 3.19895e+2
1.77668e+3 2.33416e+2
1.77739e+3 3.54302e+2
1.77774e+3 4.41391e+2
1.77817e+3 5.39544e+2
1.77828e+3 5.73212e+2
1.77853e+3 6.46367e+2
1.77881e+3 6.82668e+2
1.78005e+3 7.48479e+2
1.78130e+3 7.26311e+2
1.78237e+3 6.52879e+2
1.78263e+3 6.23091e+2
1.78397e+3 5.49312e+2
1.78541e+3 5.15912e+2
1.78556e+3 4.33276e+2
1.78663e+3 5.12943e+2
1.78663e+3 5.47580e+2
1.78706e+3 6.19765e+2
1.78734e+3 6.54957e+2
1.78805e+3 7.27523e+2
1.78876e+3 7.48479e+2
1.78983e+3 6.76433e+2
1.79011e+3 6.41379e+2
1.79090e+3 5.65592e+2
1.79125e+3 5.39267e+2
1.79161e+3 5.23334e+2
1.79196e+3 4.60986e+2
1.79232e+3 4.29812e+2
1.79267e+3 4.13186e+2
1.79368e+3 3.44257e+2
1.79374e+3 3.27977e+2
1.79564e+3 3.88940e+2
1.79605e+3 3.60710e+2
1.79694e+3 2.85026e+2
1.79783e+3 2.60434e+2
1.80006e+3 1.91274e+2
1.80085e+3 3.04423e+2
1.80085e+3 2.70479e+2
1.80112e+3 3.74219e+2
1.80128e+3 4.02379e+2
1.80156e+3 4.83154e+2
1.80215e+3 5.09017e+2
1.80245e+3 6.02308e+2
1.80280e+3 5.42038e+2
1.80334e+3 5.04630e+2
1.80369e+3 4.18382e+2
1.80387e+3 3.79934e+2
1.80399e+3 3.96560e+2
1.80636e+3 3.37849e+2
1.80689e+3 3.13429e+2
1.80743e+3 2.95764e+2
1.80808e+3 2.22678e+2
1.80849e+3 1.94449e+2
1.81212e+3 1.85171e+2
1.81294e+3 2.05360e+2
1.81347e+3 2.73942e+2
1.81372e+3 3.02622e+2
1.81400e+3 3.86861e+2
1.81418e+3 4.21499e+2
1.81523e+3 5.12250e+2
1.81542e+3 5.37882e+2
1.81596e+3 4.86964e+2
1.81756e+3 4.06951e+2
1.81827e+3 3.78895e+2
1.82111e+3 2.99574e+2
1.82147e+3 2.73250e+2
1.82461e+3 2.14019e+2
1.82550e+3 2.95418e+2
1.82580e+3 3.23405e+2
1.82591e+3 4.03834e+2
1.82616e+3 4.31059e+2
1.82651e+3 5.13774e+2
1.82745e+3 5.53815e+2
1.82787e+3 5.86375e+2
1.82869e+3 5.50351e+2
1.83007e+3 6.07296e+2
1.83035e+3 6.41102e+2
1.83178e+3 6.85439e+2
1.83249e+3 6.53745e+2
1.83355e+3 5.75291e+2
1.83409e+3 5.51391e+2
1.83419e+3 4.37710e+2
1.83462e+3 3.65386e+2
1.83480e+3 3.88247e+2
1.83490e+3 4.67914e+2
1.83551e+3 4.96317e+2
1.83576e+3 5.91917e+2
1.83586e+3 5.62821e+2
1.83586e+3 6.78684e+2
1.83613e+3 7.07260e+2
1.83654e+3 7.84780e+2
1.83657e+3 9.28596e+2
1.83684e+3 8.91447e+2
1.83693e+3 8.30398e+2
1.83782e+3 8.54471e+2
1.83817e+3 7.74804e+2
1.83817e+3 7.43284e+2
1.83844e+3 6.61539e+2
1.83881e+3 6.30572e+2
1.84066e+3 5.58665e+2
1.84102e+3 5.34418e+2
1.84137e+3 5.15714e+2
1.84297e+3 4.48516e+2
1.84386e+3 4.15784e+2
1.84475e+3 3.41139e+2
1.84592e+3 4.30643e+2
1.84617e+3 4.63064e+2
1.84653e+3 5.30608e+2
1.84678e+3 5.59496e+2
1.84749e+3 6.44705e+2
1.84777e+3 6.80589e+2
1.84848e+3 7.88659e+2
1.84858e+3 7.51943e+2
1.85008e+3 7.51943e+2
1.85017e+3 7.23367e+2
1.85239e+3 6.56862e+2
1.85346e+3 6.45952e+2
1.85417e+3 5.78062e+2
1.85460e+3 5.44532e+2
1.85524e+3 4.67221e+2
1.85552e+3 4.31890e+2
1.85707e+3 3.67464e+2
1.85790e+3 3.91364e+2
1.85808e+3 4.78998e+2
1.85826e+3 4.54751e+2
1.85861e+3 5.70615e+2
1.85879e+3 6.05079e+2
1.85897e+3 6.78684e+2
1.85915e+3 7.13842e+2
1.85980e+3 7.90045e+2
1.86009e+3 8.24451e+2
1.86092e+3 7.35317e+2
1.86121e+3 6.99155e+2
1.86163e+3 6.15817e+2
1.86199e+3 5.84123e+2
1.86306e+3 5.13635e+2
1.86412e+3 4.86757e+2
1.86519e+3 4.71377e+2
1.86714e+3 4.04873e+2
1.86857e+3 3.92403e+2
1.86910e+3 4.56830e+2
1.86915e+3 4.78800e+2
1.86963e+3 5.75291e+2
1.86981e+3 6.09236e+2
1.86993e+3 6.81282e+2
1.87017e+3 7.13495e+2
1.87028e+3 7.89352e+2
1.87100e+3 8.19487e+2
1.87149e+3 8.98906e+2
1.87242e+3 7.92816e+2
1.87248e+3 8.20526e+2
1.87301e+3 7.18691e+2
1.87329e+3 6.83776e+2
1.87408e+3 6.07850e+2
1.87436e+3 5.74044e+2
1.87514e+3 4.99780e+2
1.87543e+3 4.65143e+2
1.87621e+3 3.88247e+2
1.87664e+3 3.55826e+2
1.87983e+3 3.20911e+2
1.87994e+3 3.54995e+2
1.88047e+3 4.31198e+2
1.88065e+3 4.65143e+2
1.88083e+3 5.56933e+2
1.88101e+3 5.31647e+2
1.88119e+3 6.43873e+2
1.88126e+3 6.71722e+2
1.88190e+3 7.62103e+2
1.88296e+3 6.98601e+2
1.88325e+3 6.62578e+2
1.88367e+3 5.85162e+2
1.88438e+3 5.58145e+2
1.88616e+3 4.77612e+2
1.88652e+3 4.49902e+2
1.88751e+3 3.61229e+2
1.88829e+3 3.36290e+2
1.89068e+3 2.91756e+2
1.89142e+3 3.84922e+2
1.89167e+3 4.17343e+2
1.89192e+3 4.89250e+2
1.89221e+3 5.26105e+2
1.89232e+3 5.93995e+2
1.89256e+3 6.25169e+2
1.89299e+3 7.07884e+2
1.89327e+3 7.42937e+2
1.89416e+3 8.09442e+2
1.89487e+3 7.87274e+2
1.89567e+3 7.17132e+2
1.89603e+3 6.87517e+2
1.89647e+3 6.16856e+2
1.89692e+3 5.88799e+2
1.89718e+3 5.72173e+2
1.89860e+3 5.07401e+2
1.89914e+3 4.82288e+2
1.89931e+3 4.67221e+2
1.90109e+3 3.95174e+2
1.90236e+3 3.65089e+2
1.90269e+3 2.88144e+2
1.90358e+3 3.96560e+2
1.90358e+3 3.61229e+2
1.90385e+3 4.76053e+2
1.90394e+3 5.04630e+2
1.90405e+3 5.81525e+2
1.90436e+3 6.10205e+2
1.90465e+3 7.03450e+2
1.90554e+3 7.32200e+2
1.90598e+3 6.67254e+2
1.90619e+3 6.41102e+2
1.90696e+3 5.65419e+2
1.90838e+3 5.41519e+2
1.90927e+3 5.27491e+2
1.91033e+3 4.62372e+2
1.91069e+3 4.27387e+2
1.91140e+3 3.52916e+2
1.91168e+3 3.19664e+2
1.91407e+3 2.57663e+2
1.91460e+3 2.81563e+2
1.91503e+3 3.59151e+2
1.91513e+3 3.92403e+2
1.91558e+3 4.68260e+2
1.91567e+3 4.96317e+2
1.91602e+3 5.69056e+2
1.91607e+3 5.90729e+2
1.91650e+3 6.81282e+2
1.91673e+3 7.13495e+2
1.91738e+3 7.93855e+2
1.91780e+3 8.20526e+2
1.91922e+3 7.79480e+2
1.92029e+3 6.96523e+2
1.92064e+3 6.52186e+2
1.92073e+3 6.66734e+2
1.92171e+3 5.82565e+2
1.92242e+3 5.54508e+2
1.92449e+3 4.49556e+2
1.92455e+3 4.81076e+2
1.92533e+3 5.66978e+2
1.92562e+3 6.02308e+2
1.92574e+3 6.72969e+2
1.92605e+3 7.02480e+2
1.92633e+3 7.80346e+2
1.92679e+3 8.11322e+2
1.92766e+3 8.47024e+2
1.92811e+3 8.13252e+2
1.92839e+3 7.10378e+2
1.92846e+3 7.38781e+2
1.92917e+3 6.37639e+2
1.92953e+3 6.13392e+2
1.92988e+3 5.93995e+2
1.93086e+3 5.18658e+2
1.93122e+3 4.89562e+2
1.93228e+3 4.12666e+2
1.93291e+3 3.84090e+2
1.93462e+3 3.21742e+2
1.93493e+3 3.52501e+2
1.93534e+3 4.31890e+2
1.93564e+3 4.60570e+2
1.93593e+3 5.38575e+2
1.93600e+3 5.66978e+2
1.93628e+3 6.48030e+2
1.93635e+3 6.75879e+2
1.93664e+3 7.60949e+2
1.93699e+3 7.97665e+2
1.93762e+3 8.70404e+2
1.93770e+3 8.88416e+2
1.93984e+3 8.17062e+2
1.94037e+3 7.91430e+2
1.94055e+3 7.76882e+2
1.94162e+3 7.05182e+2
1.94225e+3 6.74632e+2
1.94339e+3 6.00230e+2
1.94375e+3 5.75983e+2
1.94410e+3 5.57279e+2
1.94547e+3 5.02551e+2
1.94595e+3 5.90670e+2
1.94606e+3 6.25169e+2
1.94641e+3 6.99467e+2
1.94659e+3 7.33239e+2
1.94695e+3 8.19932e+2
1.94748e+3 9.13009e+2
1.94766e+3 9.46607e+2
1.94828e+3 8.80276e+2
1.94864e+3 8.51700e+2
1.94944e+3 7.78961e+2
1.94979e+3 7.46747e+2
1.95086e+3 6.70891e+2
1.95121e+3 6.44566e+2
1.95139e+3 6.26208e+2
1.95228e+3 5.63514e+2
1.95263e+3 5.38575e+2
1.95299e+3 5.19870e+2
1.95370e+3 4.56830e+2
1.95441e+3 4.28773e+2
1.95506e+3 4.09376e+2
1.95566e+3 3.80973e+2
1.95595e+3 4.94238e+2
1.95619e+3 4.13186e+2
1.95626e+3 5.23334e+2
1.95637e+3 6.07504e+2
1.95637e+3 6.41795e+2
1.95662e+3 7.14119e+2
1.95690e+3 7.50558e+2
1.95697e+3 8.23435e+2
1.95726e+3 8.60013e+2
1.95733e+3 9.31921e+2
1.95743e+3 9.66004e+2
1.95850e+3 1.07407e+3
1.95860e+3 1.04521e+3
1.95974e+3 1.03043e+3
1.96010e+3 9.61155e+2
1.96045e+3 9.29635e+2
1.96117e+3 8.46851e+2
1.96117e+3 8.21565e+2
1.96179e+3 7.37395e+2
1.96200e+3 7.11763e+2
1.96259e+3 6.32443e+2
1.96383e+3 6.04386e+2
1.96508e+3 4.97356e+2
1.96543e+3 5.31647e+2
1.96586e+3 4.49763e+2
1.96614e+3 4.83847e+2
1.96673e+3 5.61436e+2
1.96694e+3 5.86721e+2
1.96697e+3 6.64656e+2
1.96728e+3 6.93336e+2
1.96745e+3 8.02514e+2
1.96774e+3 7.71167e+2
1.96810e+3 8.69885e+2
1.96872e+3 8.44945e+2
1.96934e+3 7.33931e+2
1.96934e+3 7.66491e+2
1.97076e+3 6.81975e+2
1.97133e+3 6.54680e+2
1.97219e+3 6.37639e+2
1.97361e+3 5.71134e+2
1.97396e+3 5.46888e+2
1.97432e+3 5.28876e+2
1.97627e+3 4.60467e+2
1.97752e+3 4.47824e+2
1.97794e+3 5.21256e+2
1.97823e+3 5.57972e+2
1.97858e+3 6.25862e+2
1.97865e+3 6.54265e+2
1.97901e+3 7.41136e+2
1.97912e+3 7.74804e+2
1.97937e+3 8.47543e+2
1.97965e+3 8.84259e+2
1.98125e+3 9.43490e+2
1.98267e+3 9.17165e+2
1.98347e+3 8.38191e+2
1.98368e+3 8.10134e+2
1.98445e+3 7.35317e+2
1.98463e+3 6.91673e+2
1.98472e+3 7.07260e+2
1.98534e+3 6.28633e+2
1.98587e+3 5.97112e+2
1.98587e+3 5.82565e+2
1.98756e+3 5.26971e+2
1.98783e+3 5.55893e+2
1.98818e+3 6.23091e+2
1.98823e+3 6.44764e+2
1.98861e+3 7.40305e+2
1.98871e+3 7.74804e+2
1.98896e+3 8.49206e+2
1.98907e+3 8.82874e+2
1.98943e+3 9.90943e+2
1.98960e+3 1.05260e+3
1.98975e+3 9.57276e+2
1.98996e+3 1.03459e+3
1.99085e+3 9.28596e+2
1.99103e+3 9.53535e+2
1.99120e+3 8.60013e+2
1.99131e+3 8.25929e+2
1.99209e+3 7.43630e+2
1.99268e+3 7.14534e+2
1.99316e+3 6.43873e+2
1.99358e+3 6.10621e+2
1.99458e+3 5.31647e+2
1.99511e+3 5.03590e+2
1.99529e+3 4.90082e+2
1.99671e+3 4.20979e+2
1.99757e+3 3.99054e+2
1.99813e+3 4.63757e+2
1.99821e+3 4.92243e+2
1.99885e+3 5.71827e+2
1.99892e+3 5.99398e+2
1.99938e+3 6.89595e+2
1.99956e+3 7.20769e+2
1.99991e+3 7.84503e+2
