Yield function of production of Ti44 by protons, neutrons, alphas, pi+ and pi-, [(Ti44 atoms * cm2) / (g * prim. part. nucleon)] (computed with Geant4.10).
The primaries are protons.
Energy[GeV/nuc],depths[g/cm2]: 1 3 5 10 15 20 30 40 50 60 70 80 90 100 110 128.16
0.01 1.06222E-04 2.11675E-08 1.89267E-08 1.77607E-08 1.66396E-08 1.60461E-08 1.58078E-08 1.41543E-08 1.29206E-08 1.07837E-08 8.03054E-09 7.15604E-09 7.25618E-09 4.32988E-09 4.32934E-09 1.42358E-09
0.03 1.07807E-04 1.37328E-05 3.73067E-07 3.56468E-07 3.34894E-07 3.31455E-07 3.20679E-07 3.07566E-07 2.75308E-07 2.55326E-07 2.13757E-07 1.87277E-07 1.65972E-07 1.51384E-07 1.58165E-07 1.41330E-07
0.1 1.19643E-04 1.09055E-04 8.61500E-05 6.39529E-05 1.23356E-05 1.19561E-05 1.21532E-05 1.20381E-05 1.12994E-05 1.17894E-05 1.05136E-05 1.00484E-05 9.02879E-06 8.10106E-06 8.39361E-06 8.31294E-06
0.18 3.13138E-05 4.63292E-05 5.92732E-05 7.10854E-05 9.95911E-05 1.03572E-04 8.54070E-05 5.81303E-05 5.71686E-05 5.64329E-05 5.39825E-05 5.20352E-05 5.10551E-05 4.84630E-05 4.69664E-05 4.37728E-05
0.3 5.69878E-05 7.14698E-05 9.02512E-05 1.01975E-04 1.37879E-04 1.58991E-04 1.75125E-04 2.01095E-04 2.15189E-04 2.21640E-04 2.01249E-04 1.94425E-04 1.92071E-04 1.80404E-04 1.79977E-04 1.73748E-04
0.56 1.17845E-04 1.43902E-04 1.76479E-04 2.08687E-04 2.75259E-04 3.30353E-04 3.76314E-04 4.67548E-04 5.36428E-04 5.89702E-04 6.30305E-04 6.49834E-04 6.75515E-04 7.03833E-04 6.93725E-04 6.38708E-04
1.0 1.95058E-04 2.34739E-04 2.92615E-04 3.42957E-04 4.61959E-04 5.52605E-04 6.40970E-04 7.98700E-04 9.37197E-04 1.01434E-03 1.10946E-03 1.16701E-03 1.22740E-03 1.27155E-03 1.28676E-03 1.26411E-03
3.0 3.91092E-04 4.67216E-04 5.85365E-04 6.95759E-04 9.20391E-04 1.12753E-03 1.32305E-03 1.66130E-03 1.97741E-03 2.18456E-03 2.38565E-03 2.52371E-03 2.66312E-03 2.79475E-03 2.83056E-03 2.78622E-03
10.0 9.52817E-04 1.14435E-03 1.43442E-03 1.67740E-03 2.23274E-03 2.71313E-03 3.16503E-03 4.06282E-03 4.75129E-03 5.30772E-03 5.82166E-03 6.13339E-03 6.50003E-03 6.60585E-03 6.98084E-03 6.88633E-03
30.0 1.52715E-03 1.83473E-03 2.29991E-03 2.69018E-03 3.63815E-03 4.48078E-03 5.27637E-03 6.73839E-03 7.97769E-03 9.21226E-03 1.00432E-02 1.07094E-02 1.14758E-02 1.18476E-02 1.22063E-02 1.22839E-02
100.0 2.97353E-03 3.52973E-03 4.44692E-03 5.12920E-03 7.06656E-03 8.64422E-03 1.03145E-02 1.33783E-02 1.57159E-02 1.81777E-02 1.97769E-02 2.11617E-02 2.26014E-02 2.38693E-02 2.44336E-02 2.55906E-02
