Yield function of production of Ti44 by protons, neutrons, alphas, pi+ and pi-, [(Ti44 atoms * cm2) / (g * prim. part. nucleon)] (computed with Geant4.10).
The primaries are alphas.
Energy[GeV/nuc],depths[g/cm2]: 1 3 5 10 15 20 30 40 50 60 70 80 90 100 110 128.16
0.01 1.75382E-04 2.17081E-07 1.89081E-07 1.83478E-07 1.68636E-07 1.73859E-07 1.64903E-07 1.50048E-07 1.48617E-07 1.28629E-07 1.15607E-07 9.88385E-08 9.40995E-08 8.95860E-08 6.50892E-08 4.19863E-08
0.03 1.79370E-04 2.69821E-05 3.15427E-06 2.95743E-06 2.93562E-06 2.95760E-06 2.97130E-06 2.93096E-06 2.81733E-06 2.57628E-06 2.45187E-06 2.33130E-06 2.26900E-06 2.02653E-06 1.94251E-06 1.91271E-06
0.1 3.06823E-04 2.82331E-04 2.36674E-04 1.88812E-04 8.32296E-05 8.50611E-05 8.64321E-05 8.97419E-05 8.90310E-05 8.67700E-05 8.50213E-05 8.31463E-05 7.83827E-05 7.57297E-05 7.38408E-05 7.04796E-05
0.18 4.00315E-04 4.08628E-04 4.14897E-04 4.18149E-04 4.22278E-04 4.11514E-04 3.95795E-04 3.68233E-04 3.71853E-04 3.77333E-04 3.80484E-04 3.70769E-04 3.68917E-04 3.54182E-04 3.62015E-04 3.54816E-04
0.3 2.82972E-04 3.73706E-04 4.97541E-04 6.16082E-04 7.80515E-04 8.69786E-04 9.38944E-04 1.05663E-03 1.13213E-03 1.16129E-03 1.17071E-03 1.17884E-03 1.19384E-03 1.20087E-03 1.21730E-03 1.17167E-03
0.56 4.92289E-04 5.95535E-04 7.37211E-04 8.58783E-04 1.13417E-03 1.38227E-03 1.61711E-03 2.00777E-03 2.32218E-03 2.58607E-03 2.77888E-03 2.94568E-03 3.09473E-03 3.18931E-03 3.27910E-03 3.25659E-03
1.0 7.97416E-04 9.53659E-04 1.19113E-03 1.40082E-03 1.85141E-03 2.26660E-03 2.64346E-03 3.34588E-03 3.88578E-03 4.36030E-03 4.78106E-03 4.99274E-03 5.23936E-03 5.34377E-03 5.46881E-03 5.52201E-03
3.0 1.61681E-03 1.93464E-03 2.40542E-03 2.83363E-03 3.75896E-03 4.66251E-03 5.45484E-03 6.85793E-03 8.03690E-03 9.07985E-03 9.95045E-03 1.05936E-02 1.12105E-02 1.16281E-02 1.17099E-02 1.19396E-02
10.0 3.55294E-03 4.26332E-03 5.29188E-03 6.27118E-03 8.30591E-03 1.02406E-02 1.21289E-02 1.53112E-02 1.83097E-02 2.06674E-02 2.25522E-02 2.42970E-02 2.56695E-02 2.66008E-02 2.78590E-02 2.74243E-02
30.0 6.57341E-03 7.86457E-03 9.83461E-03 1.15546E-02 1.54748E-02 1.93499E-02 2.27426E-02 2.90480E-02 3.46306E-02 3.92471E-02 4.29271E-02 4.67495E-02 4.91899E-02 5.09971E-02 5.39858E-02 5.46713E-02
100.0 1.29565E-02 1.53803E-02 1.92849E-02 2.32565E-02 3.01754E-02 3.80204E-02 4.46297E-02 5.64161E-02 6.79837E-02 7.83269E-02 8.60437E-02 9.45529E-02 1.02402E-01 1.06126E-01 1.09164E-01 1.10791E-01
