Yield function of production of Ti44 by protons, neutrons, alphas, pi+ and pi-, [(Ti44 atoms * cm2) / (g * prim. part. nucleon)] (computed with Geant4.10).
The primaries are alphas.
Energy[GeV/nuc],depths[g/cm2]: 1 3 5 10 15 20 30 40 50 60 70 80 90 100 110 120 130 140 148.8
0.01 4.05650E-07 2.19871E-07 1.75620E-07 1.75682E-07 1.63732E-07 1.55730E-07 1.55469E-07 1.42344E-07 1.32689E-07 1.23212E-07 1.03995E-07 8.96678E-08 7.61766E-08 7.93887E-08 7.33116E-08 6.17367E-08 7.78365E-08 1.10027E-07 1.09679E-07
0.03 3.66918E-06 3.86854E-06 2.98612E-06 2.84806E-06 2.76571E-06 2.73679E-06 2.73436E-06 2.62876E-06 2.53058E-06 2.46156E-06 2.26673E-06 2.07174E-06 1.77943E-06 1.68243E-06 1.56221E-06 1.50878E-06 1.30094E-06 1.41089E-06 1.21035E-06
0.1 4.46007E-05 6.26119E-05 7.66931E-05 8.02181E-05 7.85645E-05 7.80430E-05 7.96162E-05 8.05064E-05 8.00966E-05 7.88058E-05 7.53118E-05 7.20345E-05 6.77899E-05 6.51413E-05 6.25127E-05 6.28013E-05 5.93595E-05 5.60504E-05 5.99468E-05
0.18 1.20893E-04 1.56062E-04 1.97091E-04 2.28141E-04 2.77046E-04 3.07925E-04 3.27960E-04 3.38194E-04 3.42430E-04 3.41964E-04 3.41053E-04 3.34244E-04 3.27933E-04 3.15778E-04 3.12133E-04 3.07440E-04 3.06404E-04 3.15990E-04 2.74033E-04
0.3 2.47501E-04 3.05979E-04 3.76684E-04 4.40308E-04 5.78882E-04 6.89746E-04 7.82942E-04 9.21762E-04 1.00443E-03 1.05591E-03 1.09840E-03 1.09359E-03 1.12788E-03 1.08016E-03 1.07622E-03 1.05842E-03 1.05895E-03 1.05493E-03 1.01341E-03
0.56 5.02794E-04 6.09699E-04 7.47953E-04 8.70559E-04 1.14917E-03 1.38508E-03 1.61002E-03 1.98640E-03 2.28203E-03 2.51604E-03 2.77518E-03 2.91095E-03 3.04528E-03 3.11335E-03 3.21359E-03 3.18928E-03 3.28557E-03 3.33372E-03 3.39287E-03
1.0 8.34212E-04 1.00482E-03 1.24404E-03 1.44651E-03 1.90594E-03 2.33117E-03 2.70382E-03 3.35937E-03 3.93125E-03 4.37315E-03 4.75395E-03 5.01619E-03 5.26650E-03 5.60641E-03 5.67336E-03 5.72259E-03 5.85591E-03 6.09407E-03 5.58072E-03
3.0 1.73320E-03 2.07786E-03 2.56502E-03 3.00374E-03 3.95980E-03 4.82316E-03 5.67911E-03 7.16806E-03 8.36034E-03 9.52864E-03 1.03917E-02 1.11659E-02 1.18890E-02 1.22452E-02 1.25286E-02 1.28105E-02 1.29735E-02 1.29109E-02 1.37137E-02
10.0 3.89913E-03 4.71011E-03 5.80462E-03 6.72177E-03 9.00719E-03 1.10265E-02 1.28950E-02 1.63480E-02 1.92526E-02 2.17522E-02 2.39381E-02 2.58068E-02 2.75012E-02 2.83993E-02 2.95378E-02 3.05202E-02 3.04190E-02 2.96892E-02 3.07006E-02
30.0 7.43812E-03 8.81940E-03 1.09092E-02 1.27529E-02 1.71063E-02 2.11115E-02 2.47309E-02 3.18135E-02 3.75763E-02 4.28109E-02 4.76112E-02 5.15366E-02 5.43744E-02 5.69244E-02 5.96066E-02 6.11491E-02 6.39368E-02 6.36019E-02 6.12460E-02
100.0 1.46862E-02 1.73289E-02 2.14668E-02 2.54090E-02 3.34767E-02 4.17384E-02 4.88454E-02 6.22936E-02 7.46397E-02 8.54193E-02 9.37468E-02 1.03623E-01 1.09712E-01 1.16007E-01 1.24675E-01 1.28197E-01 1.27901E-01 1.33354E-01 1.44165E-01
