Yield function of production of Ti44 by protons, neutrons, alphas, pi+ and pi-, [(Ti44 atoms * cm2) / (g * prim. part. nucleon)] (computed with Geant4.10).
The primaries are protons.
Energy[GeV/nuc],depths[g/cm2]: 1 3 5 10 15 20 30 40 50 60 70 80 90 100 110 120 130 140 148.8
0.01 2.04258E-04 2.58712E-08 2.18962E-08 2.03183E-08 1.93551E-08 2.02437E-08 1.79903E-08 1.47581E-08 1.30385E-08 1.01027E-08 9.12200E-09 7.32588E-09 5.31927E-09 5.85200E-09 5.87361E-09 3.69763E-09 4.46278E-09 3.67455E-09 2.06333E-09
0.03 2.06790E-04 2.69905E-05 4.10602E-07 3.87744E-07 3.58803E-07 3.57321E-07 3.45919E-07 3.17751E-07 2.93163E-07 2.62731E-07 2.24957E-07 2.02176E-07 1.71454E-07 1.47410E-07 1.25755E-07 1.18938E-07 1.07743E-07 1.01360E-07 8.25886E-08
0.1 2.20437E-04 1.99697E-04 1.53403E-04 1.11174E-04 1.20426E-05 1.18404E-05 1.16575E-05 1.14498E-05 1.10046E-05 1.00891E-05 9.33521E-06 8.67631E-06 7.65805E-06 7.22208E-06 6.78605E-06 6.22131E-06 5.24371E-06 5.90861E-06 6.57100E-06
0.18 3.51431E-05 6.44491E-05 8.00692E-05 9.55418E-05 1.40459E-04 1.44475E-04 1.08156E-04 5.57183E-05 5.50913E-05 5.26361E-05 5.09361E-05 4.85840E-05 4.60509E-05 4.37642E-05 4.22194E-05 4.16210E-05 3.94009E-05 3.83335E-05 3.46659E-05
0.3 5.97176E-05 7.42966E-05 9.38415E-05 1.09889E-04 1.42466E-04 1.65913E-04 1.82759E-04 2.07767E-04 2.21947E-04 2.25006E-04 1.93753E-04 1.72866E-04 1.67173E-04 1.63103E-04 1.56194E-04 1.64134E-04 1.46399E-04 1.38298E-04 1.84596E-04
0.56 1.19944E-04 1.45823E-04 1.80696E-04 2.10345E-04 2.73038E-04 3.24545E-04 3.82113E-04 4.52081E-04 5.17527E-04 5.60541E-04 6.02658E-04 6.18289E-04 6.53188E-04 6.73201E-04 6.71083E-04 6.85839E-04 7.33380E-04 7.08662E-04 7.35291E-04
1.0 2.04263E-04 2.49282E-04 3.04569E-04 3.54295E-04 4.67545E-04 5.62191E-04 6.67232E-04 8.00692E-04 9.36441E-04 1.01968E-03 1.11658E-03 1.16345E-03 1.20756E-03 1.25925E-03 1.30088E-03 1.35062E-03 1.37073E-03 1.47717E-03 1.44430E-03
3.0 4.29631E-04 5.11526E-04 6.45726E-04 7.42769E-04 9.81260E-04 1.18784E-03 1.39041E-03 1.73105E-03 2.02254E-03 2.31591E-03 2.50975E-03 2.66393E-03 2.81316E-03 2.94110E-03 3.06049E-03 3.00894E-03 3.16553E-03 3.08626E-03 3.03262E-03
10.0 1.04390E-03 1.25036E-03 1.55242E-03 1.80222E-03 2.36925E-03 2.92131E-03 3.37879E-03 4.26465E-03 4.99668E-03 5.64994E-03 6.13858E-03 6.54626E-03 6.91320E-03 7.21034E-03 7.42025E-03 7.55290E-03 8.01161E-03 7.54434E-03 7.75448E-03
30.0 1.76131E-03 2.11640E-03 2.60890E-03 3.05033E-03 4.15365E-03 5.06009E-03 5.95583E-03 7.62629E-03 9.06451E-03 1.02524E-02 1.13952E-02 1.23988E-02 1.30709E-02 1.37440E-02 1.43428E-02 1.46282E-02 1.46903E-02 1.48653E-02 1.42302E-02
100.0 3.57277E-03 4.26693E-03 5.28336E-03 6.15610E-03 8.17658E-03 1.00945E-02 1.18943E-02 1.51730E-02 1.79653E-02 2.04814E-02 2.27735E-02 2.45230E-02 2.62027E-02 2.76848E-02 2.93671E-02 3.03004E-02 3.10378E-02 3.03839E-02 3.00665E-02
