Yield function of production of Ti44 by protons, neutrons, alphas, pi+ and pi-, [(Ti44 atoms * cm2) / (g * prim. part. nucleon)] (computed with Geant4.10).
The primaries are protons.
Energy[GeV/nuc],depths[g/cm2]: 1 3 5 10 15 20 30 40 50 60 70 80 90 100 110 120 130 140 150 160 170 186
0.01 1.02035E-04 2.33069E-08 2.12981E-08 1.99724E-08 1.88720E-08 2.02430E-08 1.76214E-08 1.50884E-08 1.34756E-08 1.15374E-08 9.20438E-09 7.03837E-09 5.42403E-09 3.93682E-09 2.53459E-09 2.26205E-09 2.46210E-09 1.38251E-09 6.73264E-10 2.27459E-10 0.00000E+00 0.00000E+00
0.03 1.03645E-04 1.37292E-05 4.11121E-07 3.81507E-07 3.60230E-07 3.40784E-07 3.26714E-07 3.01997E-07 2.63666E-07 2.22446E-07 1.93650E-07 1.63059E-07 1.33386E-07 1.24033E-07 8.88885E-08 8.19939E-08 6.71465E-08 5.49270E-08 4.48560E-08 3.97970E-08 3.95037E-08 2.23024E-08
0.1 1.13135E-04 1.03683E-04 8.16564E-05 6.11601E-05 1.17012E-05 1.13455E-05 1.10362E-05 1.06148E-05 9.96368E-06 9.01054E-06 8.31531E-06 7.28837E-06 6.97050E-06 5.94515E-06 5.37384E-06 4.76148E-06 4.36943E-06 3.85827E-06 3.59521E-06 4.36221E-06 3.97522E-06 3.34458E-06
0.18 2.80905E-05 4.28399E-05 5.39979E-05 6.54496E-05 9.12683E-05 9.54878E-05 7.76952E-05 5.11984E-05 5.04524E-05 4.70411E-05 4.35335E-05 4.08642E-05 3.92497E-05 3.53100E-05 3.29116E-05 3.14438E-05 2.92327E-05 2.82281E-05 2.60151E-05 2.73582E-05 2.50681E-05 2.31610E-05
0.3 5.31431E-05 6.52885E-05 8.03514E-05 9.67607E-05 1.23144E-04 1.40255E-04 1.58174E-04 1.76743E-04 1.86054E-04 1.90573E-04 1.69335E-04 1.52616E-04 1.48692E-04 1.41238E-04 1.35516E-04 1.26977E-04 1.17226E-04 1.16723E-04 1.14435E-04 1.18071E-04 1.07000E-04 1.02632E-04
0.56 1.10530E-04 1.34477E-04 1.65887E-04 1.94626E-04 2.50763E-04 3.02392E-04 3.44318E-04 4.19791E-04 4.71854E-04 5.10406E-04 5.36392E-04 5.50388E-04 5.53385E-04 5.67226E-04 5.63964E-04 5.64555E-04 5.44279E-04 5.46143E-04 5.48061E-04 5.42839E-04 5.30663E-04 5.46511E-04
1.0 1.97623E-04 2.36774E-04 2.99967E-04 3.44141E-04 4.51954E-04 5.46168E-04 6.32400E-04 7.68890E-04 8.94535E-04 9.78996E-04 1.03602E-03 1.09812E-03 1.17071E-03 1.17570E-03 1.19783E-03 1.19887E-03 1.20509E-03 1.20290E-03 1.25108E-03 1.24784E-03 1.21813E-03 1.22630E-03
3.0 4.36447E-04 5.21040E-04 6.41926E-04 7.55626E-04 9.98858E-04 1.22414E-03 1.41834E-03 1.78662E-03 2.08787E-03 2.34736E-03 2.55505E-03 2.72447E-03 2.92262E-03 2.99455E-03 3.09854E-03 3.19803E-03 3.25018E-03 3.35010E-03 3.42853E-03 3.50940E-03 3.29167E-03 3.32027E-03
10.0 1.08735E-03 1.29976E-03 1.62380E-03 1.88692E-03 2.51129E-03 3.05314E-03 3.55164E-03 4.45284E-03 5.19481E-03 5.90456E-03 6.41615E-03 6.84348E-03 7.15926E-03 7.46536E-03 7.69417E-03 7.96807E-03 8.06050E-03 8.08027E-03 8.35685E-03 8.42844E-03 8.31290E-03 8.25392E-03
30.0 1.95933E-03 2.35809E-03 2.92403E-03 3.43799E-03 4.51607E-03 5.57224E-03 6.58082E-03 8.36527E-03 9.89230E-03 1.12796E-02 1.23684E-02 1.33078E-02 1.42171E-02 1.48926E-02 1.56454E-02 1.59794E-02 1.64600E-02 1.67443E-02 1.70606E-02 1.72465E-02 1.77377E-02 1.80558E-02
100.0 4.18276E-03 4.94780E-03 6.20427E-03 7.19229E-03 9.71786E-03 1.19615E-02 1.41621E-02 1.78409E-02 2.13801E-02 2.42018E-02 2.70062E-02 2.96548E-02 3.12841E-02 3.32193E-02 3.49526E-02 3.67172E-02 3.75841E-02 3.83424E-02 4.03353E-02 4.14000E-02 4.15971E-02 4.10309E-02
