Yield function of production of Ti44 by protons, neutrons, alphas, pi+ and pi-, [(Ti44 atoms * cm2) / (g * prim. part. nucleon)] (computed with Geant4.10).
The primaries are alphas.
Energy[GeV/nuc],depths[g/cm2]: 1 3 5 10 15 20 30 40 50 60 70 80 90 100 110 120 130 140 150 160 170 186
0.01 1.69803E-04 1.98497E-07 1.71732E-07 1.64648E-07 1.53169E-07 1.51922E-07 1.42732E-07 1.31898E-07 1.18026E-07 1.06651E-07 8.07121E-08 6.89325E-08 6.21917E-08 5.20088E-08 4.89124E-08 3.89561E-08 2.39879E-08 3.83241E-08 2.08554E-08 2.24658E-08 2.48686E-08 1.27504E-08
0.03 1.73342E-04 2.69161E-05 2.96335E-06 2.87544E-06 2.74644E-06 2.72527E-06 2.69497E-06 2.54078E-06 2.38711E-06 2.16590E-06 1.96307E-06 1.80344E-06 1.51387E-06 1.33345E-06 1.19719E-06 1.07196E-06 9.90800E-07 9.12515E-07 7.69231E-07 6.55368E-07 5.31279E-07 5.67008E-07
0.1 3.00647E-04 2.76125E-04 2.28520E-04 1.81855E-04 7.49542E-05 7.52128E-05 7.54261E-05 7.56483E-05 7.41729E-05 7.11639E-05 6.73276E-05 6.27422E-05 5.96322E-05 5.58711E-05 5.12041E-05 4.78847E-05 4.66442E-05 4.31152E-05 4.00042E-05 3.96987E-05 3.80525E-05 5.88371E-05
0.18 3.75143E-04 3.88425E-04 3.90720E-04 3.92249E-04 3.86649E-04 3.71600E-04 3.52190E-04 3.12372E-04 3.14370E-04 3.12802E-04 3.05339E-04 2.88587E-04 2.83804E-04 2.72959E-04 2.65603E-04 2.46981E-04 2.34780E-04 2.32801E-04 2.16396E-04 2.06659E-04 2.18291E-04 2.06338E-04
0.3 2.53106E-04 3.42164E-04 4.66452E-04 5.70151E-04 6.99249E-04 7.83601E-04 8.41851E-04 9.36740E-04 9.90018E-04 1.00467E-03 9.99922E-04 9.77071E-04 9.49750E-04 9.42836E-04 9.01405E-04 8.80337E-04 8.67225E-04 9.23039E-04 8.48086E-04 7.89853E-04 7.45588E-04 7.51298E-04
0.56 4.83055E-04 5.77948E-04 7.24300E-04 8.36955E-04 1.09922E-03 1.34247E-03 1.55049E-03 1.89346E-03 2.17510E-03 2.38175E-03 2.57929E-03 2.74800E-03 2.83763E-03 2.89743E-03 2.90503E-03 2.93289E-03 2.96831E-03 3.01657E-03 2.97604E-03 2.98944E-03 2.83170E-03 2.92237E-03
1.0 8.13490E-04 9.81186E-04 1.21027E-03 1.42823E-03 1.87228E-03 2.28784E-03 2.65103E-03 3.30120E-03 3.84592E-03 4.29128E-03 4.61645E-03 4.88021E-03 5.15264E-03 5.23211E-03 5.38756E-03 5.47254E-03 5.65380E-03 5.58937E-03 5.60310E-03 5.82218E-03 5.68238E-03 5.62199E-03
3.0 1.79414E-03 2.14469E-03 2.67451E-03 3.11192E-03 4.13945E-03 5.02818E-03 5.89025E-03 7.36996E-03 8.69654E-03 9.80139E-03 1.06509E-02 1.14034E-02 1.20157E-02 1.25898E-02 1.30324E-02 1.33125E-02 1.37072E-02 1.38575E-02 1.41043E-02 1.40755E-02 1.39489E-02 1.49566E-02
10.0 4.16853E-03 4.95640E-03 6.15630E-03 7.21517E-03 9.58025E-03 1.18064E-02 1.37713E-02 1.76390E-02 2.06111E-02 2.34274E-02 2.57786E-02 2.77796E-02 2.92118E-02 3.07201E-02 3.19155E-02 3.29336E-02 3.36139E-02 3.38204E-02 3.45236E-02 3.49641E-02 3.55092E-02 3.55141E-02
30.0 8.26718E-03 9.93850E-03 1.22667E-02 1.43296E-02 1.92095E-02 2.35521E-02 2.76681E-02 3.54904E-02 4.22165E-02 4.78043E-02 5.29782E-02 5.67619E-02 6.06277E-02 6.39167E-02 6.66756E-02 6.91386E-02 7.08395E-02 7.24365E-02 7.44319E-02 7.49038E-02 7.60073E-02 7.44782E-02
100.0 1.69693E-02 2.00553E-02 2.49760E-02 2.93399E-02 3.90103E-02 4.80454E-02 5.63565E-02 7.22630E-02 8.53090E-02 9.78106E-02 1.09337E-01 1.19402E-01 1.29911E-01 1.35484E-01 1.42049E-01 1.51568E-01 1.55946E-01 1.60507E-01 1.64383E-01 1.67595E-01 1.74004E-01 1.75347E-01
