Yield function of production of Ti44 by protons, neutrons, alphas, pi+ and pi-, [(Ti44 atoms * cm2) / (g * prim. part. nucleon)] (computed with Geant4.10).
The primaries are alphas.
Energy[GeV/nuc],depths[g/cm2]: 1 3 5 10 15 20 30 40 50 60 70 80 90 100 110 120 130 140 150 160 170 186
0.01 1.69803E-04 1.98497E-07 1.71732E-07 1.64648E-07 1.53169E-07 1.51922E-07 1.42732E-07 1.31898E-07 1.18026E-07 1.06651E-07 8.07121E-08 6.89325E-08 6.21917E-08 5.20088E-08 4.89124E-08 3.89561E-08 2.39879E-08 3.83241E-08 2.08554E-08 2.24658E-08 2.48686E-08 1.27504E-08
0.03 1.73342E-04 2.69161E-05 2.96335E-06 2.87544E-06 2.74644E-06 2.72527E-06 2.69497E-06 2.54078E-06 2.38711E-06 2.16590E-06 1.96307E-06 1.80344E-06 1.51387E-06 1.33345E-06 1.19719E-06 1.07196E-06 9.90800E-07 9.12515E-07 7.69231E-07 6.55368E-07 5.31279E-07 5.67008E-07
0.1 3.00647E-04 2.76125E-04 2.28520E-04 1.81855E-04 7.49542E-05 7.52128E-05 7.54261E-05 7.56483E-05 7.41729E-05 7.11639E-05 6.73276E-05 6.27422E-05 5.96322E-05 5.58711E-05 5.12041E-05 4.78847E-05 4.66442E-05 4.31152E-05 4.00042E-05 3.96987E-05 3.80525E-05 5.88371E-05
0.18 3.75143E-04 3.88425E-04 3.90720E-04 3.92249E-04 3.86649E-04 3.71600E-04 3.52190E-04 3.12372E-04 3.14370E-04 3.12802E-04 3.05339E-04 2.88587E-04 2.83804E-04 2.72959E-04 2.65603E-04 2.46981E-04 2.34780E-04 2.32801E-04 2.16396E-04 2.06659E-04 2.18291E-04 2.06338E-04
0.3 2.53111E-04 3.42176E-04 4.66462E-04 5.70176E-04 6.99280E-04 7.83628E-04 8.41873E-04 9.36753E-04 9.90025E-04 1.00468E-03 9.99929E-04 9.77083E-04 9.49778E-04 9.42847E-04 9.01413E-04 8.80341E-04 8.67234E-04 9.23052E-04 8.48086E-04 7.89853E-04 7.45588E-04 7.51298E-04
0.56 4.87006E-04 5.82119E-04 7.31168E-04 8.43435E-04 1.10543E-03 1.34849E-03 1.55604E-03 1.89807E-03 2.18034E-03 2.38481E-03 2.58169E-03 2.75003E-03 2.83926E-03 2.89911E-03 2.90618E-03 2.93424E-03 2.96936E-03 3.01765E-03 2.97748E-03 2.99002E-03 2.83227E-03 2.92310E-03
1.0 8.42683E-04 1.01587E-03 1.25254E-03 1.48209E-03 1.91819E-03 2.35465E-03 2.70315E-03 3.36022E-03 3.89919E-03 4.34912E-03 4.71447E-03 4.93215E-03 5.19992E-03 5.29325E-03 5.43641E-03 5.52139E-03 5.69284E-03 5.63204E-03 5.73313E-03 5.85743E-03 5.72063E-03 5.65415E-03
3.0 1.95572E-03 2.32418E-03 2.87643E-03 3.34018E-03 4.38297E-03 5.35010E-03 6.18475E-03 7.69440E-03 9.05989E-03 1.01815E-02 1.10347E-02 1.17650E-02 1.24099E-02 1.30019E-02 1.34024E-02 1.36680E-02 1.40939E-02 1.42011E-02 1.44589E-02 1.44008E-02 1.42489E-02 1.55357E-02
10.0 4.76527E-03 5.62972E-03 6.96068E-03 8.04479E-03 1.05845E-02 1.29703E-02 1.49155E-02 1.90395E-02 2.20031E-02 2.49139E-02 2.72460E-02 2.92620E-02 3.06744E-02 3.23775E-02 3.34884E-02 3.45019E-02 3.53263E-02 3.53614E-02 3.60113E-02 3.65458E-02 3.71193E-02 3.71472E-02
30.0 9.81247E-03 1.16637E-02 1.42026E-02 1.64269E-02 2.15222E-02 2.61886E-02 3.05067E-02 3.86683E-02 4.60020E-02 5.14486E-02 5.67164E-02 6.05186E-02 6.46732E-02 6.78660E-02 7.06884E-02 7.33692E-02 7.51325E-02 7.69175E-02 7.88214E-02 7.90622E-02 8.04403E-02 7.83872E-02
100.0 2.08830E-02 2.41028E-02 2.94682E-02 3.41520E-02 4.46756E-02 5.39898E-02 6.24754E-02 7.92323E-02 9.21473E-02 1.05539E-01 1.18036E-01 1.28154E-01 1.38610E-01 1.44762E-01 1.51792E-01 1.61130E-01 1.67369E-01 1.71043E-01 1.80118E-01 1.79005E-01 1.89686E-01 1.87717E-01
