Yield function of production of Ti44 by protons, neutrons, alphas, pi+ and pi-, [(Ti44 atoms * cm2) / (g * prim. part. nucleon)] (computed with Geant4.10).
The primaries are protons.
Energy[GeV/nuc],depths[g/cm2]: 1 3 5 10 15 20 30 40 50 60 70 80 90 100 110 120 130 140 150 160 170 186
0.01 1.02035E-04 2.33069E-08 2.12981E-08 1.99724E-08 1.88720E-08 2.02430E-08 1.76214E-08 1.50884E-08 1.34756E-08 1.15374E-08 9.20438E-09 7.03837E-09 5.42403E-09 3.93682E-09 2.53459E-09 2.26205E-09 2.46210E-09 1.38251E-09 6.73264E-10 2.27459E-10 0.00000E+00 0.00000E+00
0.03 1.03645E-04 1.37292E-05 4.11121E-07 3.81507E-07 3.60230E-07 3.40784E-07 3.26714E-07 3.01997E-07 2.63666E-07 2.22446E-07 1.93650E-07 1.63059E-07 1.33386E-07 1.24033E-07 8.88885E-08 8.19939E-08 6.71465E-08 5.49270E-08 4.48560E-08 3.97970E-08 3.95037E-08 2.23024E-08
0.1 1.13135E-04 1.03683E-04 8.16564E-05 6.11601E-05 1.17012E-05 1.13455E-05 1.10362E-05 1.06148E-05 9.96368E-06 9.01054E-06 8.31531E-06 7.28837E-06 6.97050E-06 5.94515E-06 5.37384E-06 4.76148E-06 4.36943E-06 3.85827E-06 3.59521E-06 4.36221E-06 3.97522E-06 3.34458E-06
0.18 2.80905E-05 4.28399E-05 5.39979E-05 6.54496E-05 9.12683E-05 9.54878E-05 7.76952E-05 5.11984E-05 5.04524E-05 4.70411E-05 4.35335E-05 4.08642E-05 3.92497E-05 3.53100E-05 3.29116E-05 3.14438E-05 2.92327E-05 2.82281E-05 2.60151E-05 2.73582E-05 2.50681E-05 2.31610E-05
0.3 5.31464E-05 6.52893E-05 8.03599E-05 9.67608E-05 1.23145E-04 1.40255E-04 1.58174E-04 1.76743E-04 1.86054E-04 1.90573E-04 1.69335E-04 1.52616E-04 1.48692E-04 1.41238E-04 1.35516E-04 1.26977E-04 1.17226E-04 1.16723E-04 1.14435E-04 1.18071E-04 1.07000E-04 1.02632E-04
0.56 1.12231E-04 1.37410E-04 1.67290E-04 1.96029E-04 2.53495E-04 3.03974E-04 3.45686E-04 4.20803E-04 4.72566E-04 5.10941E-04 5.36734E-04 5.50628E-04 5.53549E-04 5.67327E-04 5.64096E-04 5.64634E-04 5.44315E-04 5.46168E-04 5.48106E-04 5.42863E-04 5.30663E-04 5.46511E-04
1.0 2.04958E-04 2.46704E-04 3.11813E-04 3.55195E-04 4.64443E-04 5.62811E-04 6.48416E-04 7.82984E-04 9.08562E-04 9.91456E-04 1.05086E-03 1.10918E-03 1.18282E-03 1.18589E-03 1.20818E-03 1.21654E-03 1.21575E-03 1.21280E-03 1.25908E-03 1.25451E-03 1.22528E-03 1.23035E-03
3.0 4.74253E-04 5.65198E-04 6.93922E-04 8.27860E-04 1.06762E-03 1.30225E-03 1.49352E-03 1.87020E-03 2.18267E-03 2.44670E-03 2.64321E-03 2.81318E-03 3.01654E-03 3.09071E-03 3.22509E-03 3.29933E-03 3.34027E-03 3.44584E-03 3.51363E-03 3.64449E-03 3.39638E-03 3.39546E-03
10.0 1.22929E-03 1.45876E-03 1.81583E-03 2.10525E-03 2.74982E-03 3.31716E-03 3.85292E-03 4.75180E-03 5.55768E-03 6.27725E-03 6.78509E-03 7.21120E-03 7.52075E-03 7.83268E-03 8.05013E-03 8.33963E-03 8.50907E-03 8.48602E-03 8.75238E-03 8.80503E-03 8.72374E-03 8.56849E-03
30.0 2.32731E-03 2.78437E-03 3.39421E-03 3.92904E-03 5.08577E-03 6.19516E-03 7.24202E-03 9.14739E-03 1.06611E-02 1.21154E-02 1.32084E-02 1.41740E-02 1.51632E-02 1.57885E-02 1.66022E-02 1.68965E-02 1.74400E-02 1.76659E-02 1.81129E-02 1.81627E-02 1.86764E-02 2.01765E-02
100.0 5.11371E-03 5.93407E-03 7.28756E-03 8.42113E-03 1.10326E-02 1.33781E-02 1.56725E-02 1.94798E-02 2.33239E-02 2.62552E-02 2.92146E-02 3.19300E-02 3.38533E-02 3.55347E-02 3.72198E-02 3.91641E-02 4.03244E-02 4.09185E-02 4.31390E-02 4.39987E-02 4.41331E-02 4.39572E-02
