Yield function of production of Ti44 by protons, neutrons, alphas, pi+ and pi-, [(Ti44 atoms * cm2) / (g * prim. part. nucleon)] (computed with Geant4.10).
The primaries are alphas.
Energy[GeV/nuc],depths[g/cm2]: 1 3 5 10 15 20 30 40 50 60 70 80 90 100 110 120 130.2
0.01 3.62092E-06 1.25276E-14 1.13581E-14 1.63223E-14 4.65777E-15 5.22840E-15 4.24894E-15 4.13532E-15 5.50305E-15 3.09031E-15 4.40684E-15 5.87247E-15 1.02465E-14 3.02574E-14 0.00000E+00 0.00000E+00 0.00000E+00
0.03 1.35103E-05 1.93357E-07 1.11052E-10 9.71344E-11 7.94736E-11 6.97465E-11 6.27752E-11 5.61315E-11 4.62888E-11 4.31934E-11 3.57895E-11 3.02524E-11 3.61021E-11 2.99044E-11 3.12035E-11 2.83522E-11 3.97586E-11
0.1 1.57310E-05 1.42508E-05 1.07152E-05 7.15706E-06 3.35645E-08 2.82902E-08 2.56107E-08 2.22365E-08 2.08327E-08 1.87667E-08 1.71983E-08 1.62425E-08 1.58409E-08 1.45269E-08 1.44820E-08 1.30798E-08 1.81369E-08
0.18 1.28459E-05 1.30090E-05 1.15561E-05 1.05296E-05 8.44798E-06 6.21699E-06 3.76357E-06 3.18739E-07 2.74838E-07 2.65302E-07 2.46065E-07 2.37339E-07 2.28878E-07 2.03475E-07 2.19611E-07 2.03947E-07 1.83450E-07
0.3 1.42657E-05 1.37090E-05 1.33914E-05 1.30008E-05 1.15191E-05 1.02191E-05 8.94813E-06 7.25662E-06 5.77922E-06 4.41910E-06 2.67294E-06 1.73741E-06 1.68322E-06 1.64186E-06 1.63353E-06 1.55388E-06 1.51339E-06
0.56 1.93356E-05 1.96361E-05 1.96635E-05 1.97626E-05 2.01307E-05 1.96771E-05 1.92022E-05 1.87794E-05 1.85379E-05 1.78239E-05 1.69820E-05 1.66051E-05 1.67979E-05 1.63472E-05 1.63676E-05 1.59008E-05 1.56772E-05
1.0 2.59785E-05 2.70529E-05 2.79914E-05 2.88720E-05 3.02414E-05 3.31279E-05 3.28749E-05 3.29637E-05 3.39814E-05 3.49393E-05 3.36012E-05 3.56307E-05 3.53241E-05 3.40371E-05 3.31749E-05 3.17292E-05 3.15128E-05
3.0 3.79836E-05 3.98195E-05 4.15242E-05 4.43280E-05 4.64132E-05 4.97552E-05 5.08332E-05 5.42306E-05 5.59418E-05 5.74538E-05 5.91232E-05 6.04425E-05 5.89519E-05 6.06162E-05 6.25874E-05 6.40780E-05 6.94311E-05
10.0 5.51565E-05 5.81042E-05 6.03743E-05 6.50873E-05 7.10534E-05 7.43796E-05 7.76288E-05 8.18121E-05 8.98110E-05 8.88299E-05 9.30958E-05 9.47573E-05 9.70345E-05 9.67020E-05 1.01845E-04 1.01179E-04 9.74676E-05
30.0 7.78053E-05 8.10752E-05 8.63709E-05 9.04907E-05 9.89221E-05 1.06510E-04 1.09713E-04 1.19036E-04 1.33908E-04 1.31128E-04 1.39445E-04 1.43047E-04 1.40689E-04 1.48029E-04 1.40259E-04 1.57788E-04 1.62229E-04
100.0 1.11975E-04 1.19198E-04 1.24495E-04 1.29081E-04 1.46915E-04 1.68213E-04 1.65643E-04 1.83091E-04 1.96826E-04 2.21127E-04 2.38236E-04 2.44393E-04 2.29596E-04 2.43270E-04 2.27922E-04 2.45647E-04 3.68506E-04
