Yield function of production of Ti44 by protons, neutrons, alphas, pi+ and pi-, [(Ti44 atoms * cm2) / (g * prim. part. nucleon)] (computed with Geant4.10).
The primaries are protons.
Energy[GeV/nuc],depths[g/cm2]: 1 3 5 10 15 20 30 40 50 60 70 80 90 100 110 120 130.2
0.01 0.00000E+00 0.00000E+00 0.00000E+00 0.00000E+00 0.00000E+00 0.00000E+00 0.00000E+00 0.00000E+00 0.00000E+00 0.00000E+00 0.00000E+00 0.00000E+00 0.00000E+00 0.00000E+00 0.00000E+00 0.00000E+00 0.00000E+00
0.03 9.58332E-09 0.00000E+00 0.00000E+00 0.00000E+00 0.00000E+00 0.00000E+00 0.00000E+00 0.00000E+00 0.00000E+00 0.00000E+00 0.00000E+00 0.00000E+00 0.00000E+00 0.00000E+00 0.00000E+00 0.00000E+00 0.00000E+00
0.1 6.47855E-07 2.64171E-07 5.77750E-08 2.42812E-08 4.08656E-10 3.57854E-10 3.34692E-10 2.66719E-10 2.16811E-10 2.06106E-10 1.87088E-10 1.72800E-10 1.68454E-10 1.45445E-10 1.33243E-10 1.03878E-10 1.14907E-10
0.18 2.40322E-06 1.76944E-06 1.34508E-06 9.96188E-07 4.62481E-07 1.66981E-07 3.65649E-08 1.37546E-08 1.27288E-08 1.14292E-08 1.17523E-08 1.05873E-08 1.11728E-08 1.05103E-08 1.06266E-08 9.79882E-09 9.35343E-09
0.3 5.16408E-06 5.13772E-06 4.52976E-06 4.06407E-06 2.98804E-06 2.27020E-06 1.76107E-06 1.01834E-06 5.27449E-07 2.29278E-07 1.40446E-07 1.34175E-07 1.28770E-07 1.27198E-07 1.25714E-07 1.31265E-07 1.91349E-07
0.56 1.01624E-05 9.90098E-06 9.65776E-06 9.24613E-06 8.67441E-06 8.01939E-06 7.54072E-06 6.80909E-06 6.17614E-06 5.67267E-06 4.70259E-06 4.39500E-06 3.99428E-06 3.55692E-06 3.47421E-06 3.42603E-06 3.93589E-06
1.0 1.38335E-05 1.37233E-05 1.34977E-05 1.38025E-05 1.37194E-05 1.30736E-05 1.26926E-05 1.25555E-05 1.20302E-05 1.13398E-05 1.10836E-05 1.12534E-05 1.04965E-05 1.02403E-05 1.02860E-05 1.21434E-05 9.47184E-06
3.0 1.31822E-05 1.31840E-05 1.35852E-05 1.41714E-05 1.42835E-05 1.51158E-05 1.49184E-05 1.51666E-05 1.54228E-05 1.54225E-05 1.60632E-05 1.66885E-05 1.56091E-05 1.63303E-05 1.77511E-05 1.58859E-05 1.77921E-05
10.0 1.71422E-05 1.75817E-05 1.84993E-05 1.90206E-05 2.01609E-05 2.12998E-05 2.11112E-05 2.21415E-05 2.33388E-05 2.43321E-05 2.46928E-05 2.51581E-05 2.50087E-05 2.48338E-05 2.77882E-05 2.46491E-05 2.98262E-05
30.0 2.26604E-05 2.28400E-05 2.38903E-05 2.43999E-05 2.57966E-05 2.69096E-05 2.81940E-05 3.09257E-05 3.16024E-05 3.44551E-05 3.37227E-05 3.44433E-05 3.45096E-05 3.60469E-05 3.66672E-05 3.53561E-05 3.46777E-05
100.0 3.43759E-05 3.56719E-05 3.90136E-05 3.78586E-05 3.97992E-05 4.30752E-05 4.43582E-05 4.65146E-05 4.89888E-05 5.09994E-05 5.79192E-05 5.44228E-05 5.43960E-05 5.73872E-05 5.51925E-05 6.26055E-05 5.49785E-05
