Yield function of production of Ti44 by protons, neutrons, alphas, pi+ and pi-, [(Ti44 atoms * cm2) / (g * prim. part. nucleon)] (computed with Geant4.10).
The primaries are alphas.
Energy[GeV/nuc],depths[g/cm2]: 1 3 5 10 15 20 30 40 50 60 70 80 90 100 110 120 130 140 150 160 170 180 190 200 210 220 230 240 250 260 270 279
0.01 3.62519E-06 4.24267E-15 4.36227E-15 3.58541E-15 3.81239E-15 3.24380E-15 3.40351E-15 2.70179E-15 3.12318E-15 3.97981E-15 1.58180E-15 1.82587E-15 2.08913E-15 2.44169E-15 9.54731E-16 0.00000E+00 0.00000E+00 0.00000E+00 0.00000E+00 0.00000E+00 0.00000E+00 0.00000E+00 0.00000E+00 0.00000E+00 0.00000E+00 0.00000E+00 0.00000E+00 0.00000E+00 0.00000E+00 0.00000E+00 0.00000E+00 0.00000E+00
0.03 1.34282E-05 1.92869E-07 1.04074E-10 8.93007E-11 7.48517E-11 6.07223E-11 5.14884E-11 4.15141E-11 3.42108E-11 2.92223E-11 2.77690E-11 2.20064E-11 1.73254E-11 1.43268E-11 1.36060E-11 1.22558E-11 9.60985E-12 8.67320E-12 6.89932E-12 6.19195E-12 5.16100E-12 8.03711E-12 4.19049E-12 3.90411E-12 2.87525E-12 1.75910E-12 5.46453E-12 1.61628E-12 1.77808E-12 1.13355E-12 2.90711E-12 0.00000E+00
0.1 1.54430E-05 1.39307E-05 1.04195E-05 6.92630E-06 2.91762E-08 2.45986E-08 2.16378E-08 1.71672E-08 1.53532E-08 1.38141E-08 1.28044E-08 1.10264E-08 1.04027E-08 9.27444E-09 8.34877E-09 8.41852E-09 7.08324E-09 6.89784E-09 6.30487E-09 6.33220E-09 5.03679E-09 4.79678E-09 6.49964E-09 4.83754E-09 4.98984E-09 4.97140E-09 3.69242E-09 4.35983E-09 3.82144E-09 7.46132E-09 1.79786E-09 2.70934E-10
0.18 1.19085E-05 1.18394E-05 1.07778E-05 9.80308E-06 7.84523E-06 5.66494E-06 3.33243E-06 2.36526E-07 1.99793E-07 1.77034E-07 1.60667E-07 1.44535E-07 1.34007E-07 1.22424E-07 1.14280E-07 1.06054E-07 9.99443E-08 9.44963E-08 8.63321E-08 8.06417E-08 8.26242E-08 7.33915E-08 7.61684E-08 7.09778E-08 7.14610E-08 5.94701E-08 5.89622E-08 6.16693E-08 8.17430E-08 5.63605E-08 6.90760E-08 1.10290E-07
0.3 1.32620E-05 1.28833E-05 1.19449E-05 1.13202E-05 9.63699E-06 8.48157E-06 7.49953E-06 5.79362E-06 4.37036E-06 3.19667E-06 1.77649E-06 1.16131E-06 1.05068E-06 9.89798E-07 9.08315E-07 8.50338E-07 7.69131E-07 7.52537E-07 7.10216E-07 6.90564E-07 6.40762E-07 6.49985E-07 6.00963E-07 6.20642E-07 6.13181E-07 5.33869E-07 5.17617E-07 5.22142E-07 4.80875E-07 5.24942E-07 5.79776E-07 5.35183E-07
0.56 1.69336E-05 1.72673E-05 1.78265E-05 1.83003E-05 1.85096E-05 1.79375E-05 1.71619E-05 1.57474E-05 1.47742E-05 1.36142E-05 1.24116E-05 1.16750E-05 1.04346E-05 9.80370E-06 9.08274E-06 8.46990E-06 7.86054E-06 7.24964E-06 6.99375E-06 6.56036E-06 6.92457E-06 5.74615E-06 5.19406E-06 5.21424E-06 5.17415E-06 4.59317E-06 4.81127E-06 4.98064E-06 4.54602E-06 5.03483E-06 3.58669E-06 2.98831E-06
1.0 3.33981E-05 3.24748E-05 4.17889E-05 4.28608E-05 4.45359E-05 4.77813E-05 4.57900E-05 4.77068E-05 4.77314E-05 4.69153E-05 4.34729E-05 4.16785E-05 4.19736E-05 3.84024E-05 3.52039E-05 3.65859E-05 4.28486E-05 3.07532E-05 6.08385E-05 2.91621E-05 2.88641E-05 2.45011E-05 2.38419E-05 2.26831E-05 2.58726E-05 2.19933E-05 2.21186E-05 2.08693E-05 1.93023E-05 1.83271E-05 1.91030E-05 1.63908E-05
3.0 1.02201E-04 1.03408E-04 1.22978E-04 1.31292E-04 1.52195E-04 1.57868E-04 1.78135E-04 1.95937E-04 2.02955E-04 1.92808E-04 1.93567E-04 2.03645E-04 2.03290E-04 2.03201E-04 1.89115E-04 1.91898E-04 1.77350E-04 1.87755E-04 1.89109E-04 1.85787E-04 1.68928E-04 1.78457E-04 1.62947E-04 1.70491E-04 1.63081E-04 1.66886E-04 1.56882E-04 1.70444E-04 1.52336E-04 1.60279E-04 1.59137E-04 1.11309E-04
10.0 2.92948E-04 3.47884E-04 3.77191E-04 4.36829E-04 4.80159E-04 5.38956E-04 5.72433E-04 6.53026E-04 6.96861E-04 6.95482E-04 7.25977E-04 7.09150E-04 7.60172E-04 7.55293E-04 7.91913E-04 8.56605E-04 7.33171E-04 7.36169E-04 7.04162E-04 7.03545E-04 6.90506E-04 6.82298E-04 6.69728E-04 7.45397E-04 7.28723E-04 7.09734E-04 6.92894E-04 6.48104E-04 6.96442E-04 1.44324E-03 6.28761E-04 7.49703E-04
30.0 7.07214E-04 7.84767E-04 8.82533E-04 9.65698E-04 1.11455E-03 1.14281E-03 1.30784E-03 1.48525E-03 1.57136E-03 1.62825E-03 1.74039E-03 1.78231E-03 1.81859E-03 1.92321E-03 2.00476E-03 1.94710E-03 1.94463E-03 1.94334E-03 2.02216E-03 2.11689E-03 2.23374E-03 2.05554E-03 1.95078E-03 1.92805E-03 1.89840E-03 2.38476E-03 1.83210E-03 2.03558E-03 1.97588E-03 1.81532E-03 1.86774E-03 2.03859E-03
100.0 1.74813E-03 1.83002E-03 2.03308E-03 2.16477E-03 2.43034E-03 2.62653E-03 2.89601E-03 3.48736E-03 3.57724E-03 3.81282E-03 4.30768E-03 4.26116E-03 4.58948E-03 4.18867E-03 4.41041E-03 4.16885E-03 4.32066E-03 4.59115E-03 4.69844E-03 4.59188E-03 4.82674E-03 4.44549E-03 4.24173E-03 4.21854E-03 4.50625E-03 3.65536E-03 3.99962E-03 3.66865E-03 3.67684E-03 4.61076E-03 4.78132E-03 3.60439E-03
