Yield function of production of Ti44 by protons, neutrons, alphas, pi+ and pi-, [(Ti44 atoms * cm2) / (g * prim. part. nucleon)] (computed with Geant4.10).
The primaries are protons.
Energy[GeV/nuc],depths[g/cm2]: 1 3 5 10 15 20 30 40 50 60 70 80 90 100 110 120 130 140 150 160 170 180 190 200 210 220 230 240 250 260 270 279
0.01 0.00000E+00 0.00000E+00 0.00000E+00 0.00000E+00 0.00000E+00 0.00000E+00 0.00000E+00 0.00000E+00 0.00000E+00 0.00000E+00 0.00000E+00 0.00000E+00 0.00000E+00 0.00000E+00 0.00000E+00 0.00000E+00 0.00000E+00 0.00000E+00 0.00000E+00 0.00000E+00 0.00000E+00 0.00000E+00 0.00000E+00 0.00000E+00 0.00000E+00 0.00000E+00 0.00000E+00 0.00000E+00 0.00000E+00 0.00000E+00 0.00000E+00 0.00000E+00
0.03 9.86397E-09 7.89144E-17 8.03051E-17 8.17311E-17 0.00000E+00 0.00000E+00 0.00000E+00 0.00000E+00 0.00000E+00 0.00000E+00 0.00000E+00 0.00000E+00 0.00000E+00 0.00000E+00 0.00000E+00 0.00000E+00 0.00000E+00 0.00000E+00 0.00000E+00 0.00000E+00 0.00000E+00 0.00000E+00 0.00000E+00 0.00000E+00 0.00000E+00 0.00000E+00 0.00000E+00 0.00000E+00 0.00000E+00 0.00000E+00 0.00000E+00 0.00000E+00
0.1 6.43536E-07 2.63573E-07 5.77894E-08 2.42721E-08 3.74781E-10 3.26032E-10 2.87922E-10 2.01462E-10 1.68760E-10 1.47467E-10 1.27889E-10 1.13936E-10 9.31515E-11 7.78548E-11 6.49947E-11 5.68066E-11 4.97445E-11 4.50534E-11 5.11787E-11 3.40546E-11 4.92964E-11 2.72118E-11 3.50915E-11 2.85400E-11 3.23867E-11 2.00691E-11 1.91752E-11 3.22436E-11 2.54696E-11 1.61133E-11 2.71361E-11 0.00000E+00
0.18 2.28607E-06 1.68712E-06 1.29572E-06 9.54056E-07 4.34801E-07 1.54668E-07 3.16528E-08 1.10092E-08 9.46939E-09 8.29631E-09 7.22451E-09 6.52481E-09 5.95129E-09 5.67878E-09 4.99417E-09 4.76730E-09 4.56821E-09 4.54658E-09 4.32151E-09 3.08098E-09 3.27596E-09 2.77330E-09 3.16869E-09 2.87890E-09 3.18120E-09 2.57911E-09 2.85243E-09 2.19883E-09 2.92084E-09 2.65748E-09 1.38931E-09 4.03714E-10
0.3 5.07002E-06 4.64851E-06 3.95080E-06 3.45831E-06 2.62122E-06 1.99037E-06 1.52980E-06 8.42942E-07 4.11310E-07 1.72035E-07 9.92221E-08 8.96162E-08 8.33018E-08 7.41099E-08 6.50897E-08 6.75108E-08 5.88207E-08 5.64655E-08 5.32214E-08 4.93885E-08 4.90901E-08 4.44237E-08 4.65121E-08 4.08094E-08 4.51302E-08 3.44626E-08 4.13154E-08 3.24245E-08 3.97745E-08 2.33412E-08 3.51000E-08 7.33671E-09
0.56 8.59672E-06 8.31347E-06 8.40697E-06 7.81685E-06 7.13027E-06 6.69287E-06 6.42946E-06 5.09099E-06 4.23058E-06 3.54155E-06 2.99007E-06 2.46994E-06 2.07867E-06 1.74555E-06 1.43453E-06 1.20240E-06 9.72400E-07 7.95477E-07 6.48972E-07 5.40381E-07 4.90499E-07 4.48018E-07 4.50701E-07 4.25244E-07 4.89068E-07 4.28112E-07 4.20355E-07 4.11373E-07 3.93350E-07 3.51371E-07 3.84217E-07 4.95506E-07
1.0 1.13898E-05 1.17727E-05 1.16761E-05 1.13131E-05 1.07986E-05 1.07296E-05 1.04549E-05 9.25432E-06 8.77179E-06 8.19568E-06 7.55194E-06 6.96805E-06 6.52015E-06 6.17438E-06 5.63711E-06 5.46580E-06 4.93620E-06 4.78159E-06 4.39513E-06 4.23238E-06 4.12004E-06 4.30625E-06 3.92433E-06 3.39012E-06 3.60583E-06 3.45964E-06 3.26813E-06 3.29664E-06 2.92874E-06 2.95889E-06 2.76862E-06 2.14981E-06
3.0 1.12378E-05 1.13689E-05 1.16503E-05 1.18672E-05 1.23577E-05 1.24192E-05 1.27773E-05 1.27759E-05 1.29508E-05 1.32792E-05 1.31970E-05 1.29449E-05 1.30221E-05 1.30884E-05 1.26630E-05 1.25380E-05 1.24647E-05 1.29198E-05 1.27298E-05 1.23962E-05 1.30126E-05 1.26293E-05 1.15736E-05 1.20997E-05 1.19373E-05 1.16212E-05 1.21934E-05 1.27776E-05 1.14974E-05 1.16456E-05 1.09489E-05 1.20091E-05
10.0 1.62682E-05 1.66147E-05 1.73114E-05 1.78060E-05 1.90299E-05 2.02167E-05 2.04016E-05 2.15573E-05 2.31046E-05 2.23580E-05 2.35672E-05 2.44539E-05 2.36616E-05 2.43052E-05 2.38286E-05 2.45558E-05 2.45015E-05 2.40399E-05 2.45838E-05 2.40572E-05 2.47400E-05 2.46336E-05 2.37045E-05 2.29013E-05 2.35605E-05 2.31274E-05 2.27390E-05 2.36661E-05 2.62274E-05 2.48604E-05 2.51046E-05 2.87889E-05
30.0 2.44510E-05 2.53615E-05 2.60717E-05 2.71829E-05 2.85970E-05 2.98863E-05 3.12209E-05 3.33836E-05 3.64256E-05 3.87095E-05 3.86614E-05 4.11098E-05 4.16345E-05 4.33773E-05 4.36270E-05 4.45772E-05 4.64249E-05 4.63023E-05 4.70301E-05 4.85217E-05 5.04180E-05 4.96006E-05 5.50331E-05 4.98432E-05 4.91215E-05 4.90655E-05 4.67535E-05 4.63409E-05 4.76840E-05 4.58029E-05 3.69142E-05 4.76123E-05
100.0 4.45810E-05 4.57378E-05 4.78684E-05 4.92164E-05 5.31855E-05 5.51119E-05 6.17610E-05 6.45795E-05 6.90892E-05 7.17133E-05 7.65397E-05 7.84880E-05 8.07519E-05 8.43674E-05 8.68254E-05 8.96187E-05 9.21745E-05 9.59705E-05 9.48555E-05 1.07144E-04 9.45060E-05 9.59387E-05 1.06541E-04 9.92587E-05 9.52047E-05 9.59361E-05 1.00942E-04 1.01538E-04 1.29273E-04 1.02950E-04 1.13937E-04 1.12997E-04
