Yield function of production of Ti44 by protons, neutrons, alphas, pi+ and pi-, [(Ti44 atoms * cm2) / (g * prim. part. nucleon)] (computed with Geant4.10).
The primaries are alphas.
Energy[GeV/nuc],depths[g/cm2]: 1 3 5 10 15 20 30 40 50 60 70 80 90 100 110 120 130 140 150 160 170 180 190 200 210 220 230 240 250 260 270 279
0.01 3.62519E-06 4.24267E-15 4.36227E-15 3.58541E-15 3.81239E-15 3.24380E-15 3.40351E-15 2.70179E-15 3.12318E-15 3.97981E-15 1.58180E-15 1.82587E-15 2.08913E-15 2.44169E-15 9.54731E-16 0.00000E+00 0.00000E+00 0.00000E+00 0.00000E+00 0.00000E+00 0.00000E+00 0.00000E+00 0.00000E+00 0.00000E+00 0.00000E+00 0.00000E+00 0.00000E+00 0.00000E+00 0.00000E+00 0.00000E+00 0.00000E+00 0.00000E+00
0.03 1.34282E-05 1.92869E-07 1.04074E-10 8.93007E-11 7.48517E-11 6.07223E-11 5.14884E-11 4.15141E-11 3.42108E-11 2.92223E-11 2.77690E-11 2.20064E-11 1.73254E-11 1.43268E-11 1.36060E-11 1.22558E-11 9.60985E-12 8.67320E-12 6.89932E-12 6.19195E-12 5.16100E-12 8.03711E-12 4.19049E-12 3.90411E-12 2.87525E-12 1.75910E-12 5.46453E-12 1.61628E-12 1.77808E-12 1.13355E-12 2.90711E-12 0.00000E+00
0.1 1.54430E-05 1.39307E-05 1.04195E-05 6.92630E-06 2.91762E-08 2.45986E-08 2.16378E-08 1.71672E-08 1.53532E-08 1.38141E-08 1.28044E-08 1.10264E-08 1.04027E-08 9.27444E-09 8.34877E-09 8.41852E-09 7.08324E-09 6.89784E-09 6.30487E-09 6.33220E-09 5.03679E-09 4.79678E-09 6.49964E-09 4.83754E-09 4.98984E-09 4.97140E-09 3.69242E-09 4.35983E-09 3.82144E-09 7.46132E-09 1.79786E-09 2.70934E-10
0.18 1.19085E-05 1.18393E-05 1.07777E-05 9.80308E-06 7.84523E-06 5.66494E-06 3.33243E-06 2.36526E-07 1.99793E-07 1.77034E-07 1.60667E-07 1.44535E-07 1.34007E-07 1.22424E-07 1.14280E-07 1.06054E-07 9.99443E-08 9.44963E-08 8.63321E-08 8.06417E-08 8.26242E-08 7.33915E-08 7.61684E-08 7.09778E-08 7.14610E-08 5.94701E-08 5.89622E-08 6.16693E-08 8.17430E-08 5.63605E-08 6.90760E-08 1.10290E-07
0.3 1.32584E-05 1.28782E-05 1.19385E-05 1.13054E-05 9.62889E-06 8.47389E-06 7.48976E-06 5.78987E-06 4.36257E-06 3.19083E-06 1.76871E-06 1.15658E-06 1.04466E-06 9.86634E-07 9.06069E-07 8.46319E-07 7.68467E-07 7.52537E-07 7.05991E-07 6.90564E-07 6.38619E-07 6.48284E-07 5.98841E-07 6.20642E-07 6.13181E-07 5.33869E-07 5.17617E-07 5.22142E-07 4.80713E-07 5.24942E-07 5.79776E-07 5.35183E-07
0.56 1.58661E-05 1.59155E-05 1.60866E-05 1.60523E-05 1.64840E-05 1.58915E-05 1.53538E-05 1.42317E-05 1.35851E-05 1.26415E-05 1.16980E-05 1.10587E-05 9.94026E-06 9.35207E-06 8.75511E-06 8.17301E-06 7.58600E-06 7.02535E-06 6.79991E-06 6.15339E-06 6.79562E-06 5.54671E-06 5.11870E-06 5.16293E-06 5.06547E-06 4.49766E-06 4.70731E-06 4.72980E-06 4.49778E-06 4.98639E-06 3.58669E-06 2.98831E-06
1.0 2.07484E-05 2.14764E-05 2.24843E-05 2.29799E-05 2.42376E-05 2.53197E-05 2.51480E-05 2.56923E-05 2.65236E-05 2.69092E-05 2.47252E-05 2.43306E-05 2.44828E-05 2.30949E-05 2.24141E-05 2.19216E-05 2.08284E-05 2.03980E-05 1.92902E-05 1.88923E-05 1.85750E-05 1.81559E-05 1.75221E-05 1.71152E-05 2.02801E-05 1.67485E-05 1.64164E-05 1.59668E-05 1.49658E-05 1.54083E-05 1.40682E-05 1.32039E-05
3.0 3.28640E-05 3.37059E-05 3.69425E-05 3.81873E-05 4.13166E-05 4.31005E-05 4.49743E-05 4.78037E-05 4.78849E-05 4.94937E-05 4.98272E-05 5.39323E-05 5.10528E-05 5.24466E-05 4.92183E-05 5.05280E-05 5.01468E-05 4.90930E-05 4.84831E-05 4.85192E-05 4.82736E-05 4.79461E-05 4.93212E-05 4.81736E-05 4.82802E-05 4.87174E-05 4.80334E-05 5.07384E-05 4.74548E-05 6.12023E-05 4.59663E-05 5.00490E-05
10.0 5.22707E-05 5.51834E-05 5.76834E-05 6.26864E-05 6.56433E-05 7.06605E-05 7.43794E-05 8.31193E-05 8.54986E-05 8.81504E-05 9.31199E-05 9.39627E-05 9.57063E-05 9.77213E-05 9.92662E-05 9.91749E-05 1.00844E-04 1.00445E-04 1.04145E-04 1.04603E-04 1.02671E-04 9.84217E-05 1.02043E-04 1.00701E-04 1.00730E-04 1.06663E-04 1.02868E-04 1.02291E-04 9.98648E-05 9.58185E-05 1.00300E-04 1.20823E-04
30.0 8.67949E-05 9.08390E-05 9.65401E-05 1.01105E-04 1.09496E-04 1.16923E-04 1.22781E-04 1.38044E-04 1.44257E-04 1.51514E-04 1.61168E-04 1.67455E-04 1.72116E-04 1.77912E-04 1.88619E-04 1.91183E-04 1.82541E-04 1.86848E-04 1.95606E-04 2.02709E-04 1.96212E-04 2.09655E-04 1.91840E-04 1.99741E-04 2.00632E-04 2.15634E-04 2.05244E-04 2.17290E-04 2.31969E-04 2.03851E-04 2.05987E-04 2.17259E-04
100.0 1.57468E-04 1.64954E-04 1.78592E-04 1.85934E-04 2.03308E-04 2.14447E-04 2.29592E-04 2.55710E-04 2.74548E-04 2.93712E-04 2.99252E-04 3.11575E-04 3.18742E-04 3.30569E-04 3.34521E-04 3.64253E-04 3.49013E-04 3.51987E-04 3.58399E-04 3.76508E-04 3.68030E-04 3.66448E-04 3.71701E-04 3.56907E-04 3.44402E-04 3.32204E-04 3.17544E-04 3.11857E-04 2.93769E-04 3.11209E-04 3.28079E-04 2.46680E-04
