Yield function of production of Ti44 by protons, neutrons, alphas, pi+ and pi-, [(Ti44 atoms * cm2) / (g * prim. part. nucleon)] (computed with Geant4.10).
The primaries are protons.
Energy[GeV/nuc],depths[g/cm2]: 1 3 5 10 15 20 30 40 50 60 70 80 90 100 110 120 130 140 150 160 170 180 190 200 210 220 230 240 250 260 270 279
0.01 0.00000E+00 0.00000E+00 0.00000E+00 0.00000E+00 0.00000E+00 0.00000E+00 0.00000E+00 0.00000E+00 0.00000E+00 0.00000E+00 0.00000E+00 0.00000E+00 0.00000E+00 0.00000E+00 0.00000E+00 0.00000E+00 0.00000E+00 0.00000E+00 0.00000E+00 0.00000E+00 0.00000E+00 0.00000E+00 0.00000E+00 0.00000E+00 0.00000E+00 0.00000E+00 0.00000E+00 0.00000E+00 0.00000E+00 0.00000E+00 0.00000E+00 0.00000E+00
0.03 9.86397E-09 7.89144E-17 8.03051E-17 8.17311E-17 0.00000E+00 0.00000E+00 0.00000E+00 0.00000E+00 0.00000E+00 0.00000E+00 0.00000E+00 0.00000E+00 0.00000E+00 0.00000E+00 0.00000E+00 0.00000E+00 0.00000E+00 0.00000E+00 0.00000E+00 0.00000E+00 0.00000E+00 0.00000E+00 0.00000E+00 0.00000E+00 0.00000E+00 0.00000E+00 0.00000E+00 0.00000E+00 0.00000E+00 0.00000E+00 0.00000E+00 0.00000E+00
0.1 6.43536E-07 2.63573E-07 5.77894E-08 2.42721E-08 3.74781E-10 3.26032E-10 2.87922E-10 2.01462E-10 1.68760E-10 1.47467E-10 1.27889E-10 1.13936E-10 9.31515E-11 7.78548E-11 6.49947E-11 5.68066E-11 4.97445E-11 4.50534E-11 5.11787E-11 3.40546E-11 4.92964E-11 2.72118E-11 3.50915E-11 2.85400E-11 3.23867E-11 2.00691E-11 1.91752E-11 3.22436E-11 2.54696E-11 1.61133E-11 2.71361E-11 0.00000E+00
0.18 2.28607E-06 1.68712E-06 1.29572E-06 9.54056E-07 4.34801E-07 1.54668E-07 3.16528E-08 1.10092E-08 9.46939E-09 8.29631E-09 7.22451E-09 6.52481E-09 5.95129E-09 5.67878E-09 4.99417E-09 4.76730E-09 4.56821E-09 4.54658E-09 4.32151E-09 3.08098E-09 3.27596E-09 2.77330E-09 3.16869E-09 2.87890E-09 3.18120E-09 2.57911E-09 2.85243E-09 2.19883E-09 2.92084E-09 2.65748E-09 1.38931E-09 4.03714E-10
0.3 5.07056E-06 4.64993E-06 3.95233E-06 3.45843E-06 2.62129E-06 1.99054E-06 1.52980E-06 8.42942E-07 4.11310E-07 1.72035E-07 9.92221E-08 8.96162E-08 8.33018E-08 7.41099E-08 6.50897E-08 6.75108E-08 5.88207E-08 5.64655E-08 5.32214E-08 4.93885E-08 4.90901E-08 4.44237E-08 4.65121E-08 4.08094E-08 4.51302E-08 3.44626E-08 4.13154E-08 3.24245E-08 3.97745E-08 2.33412E-08 3.51000E-08 7.33671E-09
0.56 9.02535E-06 9.37033E-06 9.19051E-06 8.53934E-06 7.81846E-06 7.39755E-06 7.10736E-06 5.49810E-06 4.52063E-06 3.74114E-06 3.10635E-06 2.54478E-06 2.12310E-06 1.77217E-06 1.45185E-06 1.21087E-06 9.77433E-07 8.01472E-07 6.51358E-07 5.41369E-07 4.90899E-07 4.48127E-07 4.51676E-07 4.25244E-07 4.89261E-07 4.31187E-07 4.20355E-07 4.11373E-07 3.93350E-07 3.51371E-07 3.85588E-07 4.95506E-07
1.0 1.41779E-05 1.63595E-05 1.60983E-05 1.77132E-05 1.79617E-05 1.76476E-05 1.69301E-05 1.52924E-05 1.91096E-05 1.39824E-05 1.41828E-05 1.38263E-05 1.02251E-05 9.60871E-06 8.70793E-06 9.08169E-06 7.83258E-06 6.81001E-06 8.17471E-06 5.74923E-06 5.51592E-06 5.50352E-06 5.10608E-06 4.27247E-06 4.31754E-06 4.70439E-06 3.93285E-06 3.71841E-06 3.23467E-06 3.27675E-06 2.83101E-06 2.14981E-06
3.0 3.37419E-05 3.25510E-05 3.53524E-05 3.88578E-05 4.75766E-05 4.80821E-05 4.63488E-05 5.07180E-05 5.18767E-05 5.45343E-05 5.08509E-05 6.16940E-05 5.26466E-05 4.82352E-05 5.26983E-05 4.83150E-05 4.90799E-05 4.72822E-05 4.65889E-05 4.43363E-05 4.61610E-05 4.17131E-05 4.13731E-05 4.26985E-05 3.86121E-05 3.96766E-05 4.28959E-05 3.91539E-05 3.83209E-05 3.47277E-05 3.14920E-05 5.09342E-05
10.0 7.48011E-05 8.88514E-05 1.09013E-04 1.04903E-04 1.25200E-04 1.28178E-04 1.46411E-04 1.58577E-04 1.60875E-04 1.78008E-04 1.74812E-04 1.88709E-04 1.72187E-04 1.93506E-04 1.87917E-04 1.74021E-04 1.78519E-04 1.81367E-04 1.71338E-04 1.92307E-04 1.71292E-04 1.68570E-04 1.71124E-04 4.12312E-04 1.70641E-04 1.40899E-04 1.63354E-04 1.32884E-04 1.80273E-04 1.16160E-04 1.21146E-04 1.01813E-04
30.0 1.78738E-04 2.05911E-04 2.20997E-04 2.39748E-04 2.67917E-04 2.88004E-04 3.03723E-04 3.35290E-04 3.75557E-04 4.31164E-04 4.08655E-04 4.28956E-04 4.52635E-04 4.53832E-04 4.56529E-04 4.59995E-04 4.78614E-04 4.72850E-04 4.92826E-04 4.61862E-04 4.89202E-04 4.84816E-04 4.95070E-04 5.13729E-04 4.90096E-04 4.58391E-04 4.54314E-04 5.16350E-04 4.69233E-04 4.95332E-04 3.86130E-04 4.02739E-04
100.0 4.34999E-04 4.77173E-04 5.01086E-04 5.26205E-04 6.30768E-04 6.83850E-04 7.40482E-04 7.91792E-04 8.52519E-04 8.76533E-04 9.91858E-04 1.07121E-03 1.03670E-03 1.15206E-03 1.10816E-03 1.12332E-03 1.13073E-03 1.16258E-03 1.32754E-03 1.20389E-03 1.27530E-03 1.19535E-03 1.22851E-03 1.43405E-03 1.16119E-03 1.18846E-03 1.13856E-03 1.13897E-03 1.42795E-03 1.09402E-03 1.10403E-03 1.21005E-03
