Yield function of production of Ti44 by protons, neutrons, alphas, pi+ and pi-, [(Ti44 atoms * cm2) / (g * prim. part. nucleon)] (computed with Geant4.10).
The primaries are protons.
Energy[GeV/nuc],depths[g/cm2]: 1 3 5 10 15 20 30 40 50 60 70 85.56
0.01 0.00000E+00 0.00000E+00 0.00000E+00 0.00000E+00 0.00000E+00 0.00000E+00 0.00000E+00 0.00000E+00 0.00000E+00 0.00000E+00 0.00000E+00 0.00000E+00
0.03 9.58299E-09 0.00000E+00 0.00000E+00 0.00000E+00 0.00000E+00 0.00000E+00 0.00000E+00 0.00000E+00 0.00000E+00 0.00000E+00 0.00000E+00 0.00000E+00
0.1 6.54918E-07 2.67263E-07 5.88504E-08 2.50036E-08 4.63590E-10 4.20255E-10 3.85701E-10 3.38397E-10 3.00253E-10 2.99555E-10 2.55976E-10 3.12062E-10
0.18 2.49749E-06 1.85447E-06 1.40561E-06 1.04031E-06 4.90724E-07 1.82769E-07 4.13496E-08 1.70196E-08 1.65721E-08 1.50003E-08 1.48068E-08 1.37605E-08
0.3 5.26360E-06 5.39418E-06 4.92457E-06 4.35363E-06 3.39074E-06 2.67790E-06 2.09802E-06 1.26783E-06 6.93479E-07 3.21075E-07 1.85416E-07 1.67606E-07
0.56 1.08453E-05 1.08090E-05 1.06494E-05 1.06643E-05 1.02779E-05 9.53683E-06 8.96367E-06 8.24486E-06 8.06995E-06 7.26820E-06 7.40174E-06 6.45626E-06
1.0 1.50973E-05 1.51672E-05 1.50671E-05 1.49301E-05 1.49297E-05 1.43118E-05 1.43503E-05 1.39592E-05 1.37174E-05 1.36215E-05 1.35259E-05 1.31152E-05
3.0 1.32907E-05 1.37701E-05 1.36972E-05 1.43364E-05 1.42252E-05 1.46639E-05 1.49576E-05 1.51425E-05 1.54383E-05 1.54059E-05 1.56488E-05 1.55932E-05
10.0 1.63333E-05 1.68982E-05 1.75399E-05 1.81319E-05 1.95825E-05 1.97253E-05 2.04475E-05 2.11385E-05 2.12703E-05 2.28383E-05 2.29549E-05 2.31566E-05
30.0 1.93237E-05 1.95049E-05 2.04459E-05 2.08445E-05 2.25497E-05 2.40664E-05 2.47544E-05 2.61175E-05 2.69353E-05 2.62615E-05 2.74125E-05 2.88627E-05
100.0 2.53351E-05 2.63641E-05 2.76849E-05 2.94198E-05 3.08154E-05 3.15131E-05 3.37716E-05 3.55445E-05 3.75216E-05 3.74728E-05 3.58787E-05 3.67593E-05
