Yield function of production of Ti44 by protons, neutrons, alphas, pi+ and pi-, [(Ti44 atoms * cm2) / (g * prim. part. nucleon)] (computed with Geant4.10).
The primaries are alphas.
Energy[GeV/nuc],depths[g/cm2]: 1 3 5 10 15 20 30 40 50 60 70 85.56
0.01 3.62243E-06 7.88691E-15 7.01890E-15 6.26667E-15 5.55024E-16 7.45430E-16 1.17881E-15 0.00000E+00 0.00000E+00 0.00000E+00 0.00000E+00 0.00000E+00
0.03 1.35296E-05 1.94353E-07 1.13736E-10 1.02691E-10 8.80886E-11 8.47871E-11 7.59518E-11 6.53551E-11 5.32742E-11 5.07142E-11 4.70377E-11 6.45438E-11
0.1 1.65642E-05 1.45252E-05 1.09434E-05 7.36683E-06 3.57868E-08 3.23186E-08 2.94585E-08 2.75456E-08 2.51092E-08 2.34897E-08 2.51426E-08 2.79041E-08
0.18 1.37216E-05 1.33812E-05 1.23315E-05 1.15810E-05 9.11541E-06 6.86217E-06 4.20972E-06 3.54840E-07 3.30424E-07 2.98180E-07 2.88083E-07 2.94261E-07
0.3 1.52750E-05 1.55557E-05 1.42750E-05 1.36405E-05 1.25557E-05 1.22162E-05 1.17844E-05 8.97396E-06 7.48891E-06 6.03821E-06 3.81745E-06 2.19454E-06
0.56 2.14988E-05 2.15488E-05 2.19280E-05 2.17142E-05 2.25895E-05 2.26345E-05 2.24969E-05 2.23871E-05 2.20089E-05 2.21354E-05 2.18706E-05 2.00211E-05
1.0 2.76884E-05 2.87896E-05 3.01224E-05 3.08219E-05 3.23522E-05 3.31376E-05 3.44676E-05 3.47209E-05 3.62328E-05 3.57553E-05 3.65475E-05 3.62020E-05
3.0 3.69629E-05 3.96439E-05 4.09162E-05 4.24376E-05 4.60842E-05 4.69428E-05 4.87897E-05 5.13036E-05 5.29640E-05 5.50323E-05 5.54184E-05 5.68875E-05
10.0 5.01756E-05 5.24097E-05 5.53359E-05 5.84636E-05 6.30053E-05 6.61878E-05 7.01237E-05 7.55198E-05 7.96307E-05 8.27766E-05 8.69528E-05 8.68044E-05
30.0 6.53211E-05 6.75552E-05 7.29518E-05 7.69476E-05 8.19362E-05 8.48623E-05 9.17744E-05 9.84959E-05 1.00603E-04 1.00847E-04 9.99660E-05 9.46005E-05
100.0 8.05813E-05 8.55825E-05 9.35034E-05 1.03216E-04 1.11709E-04 1.20141E-04 1.31150E-04 1.31340E-04 1.48028E-04 1.49383E-04 1.53618E-04 1.87916E-04
