Yield function of production of Ti44 by protons, neutrons, alphas, [(Ti44 atoms * cm2) / (g * prim. part. nucleon)] (computed with Geant4.10).
The primaries are protons.
Energy[GeV/nuc],depths[g/cm2]: 0 1 3 5 12.04 19.08 26.12 33.16 40.2 47.24 54.28 61.32 68.36 75.4 82.44 89.48 96.52 103.56 110.6 117.64 124.68 131.72 138.76 145.8 152.84 159.88 166.92 173.96 181 188.04 195.08 202.12 209.16 216.2
0.03 9.86065E-09 3.09350E-16 3.18873E-16 3.32489E-16 9.94541E-17 1.10665E-16 0.00000E+00 0.00000E+00 0.00000E+00 0.00000E+00 0.00000E+00 0.00000E+00 0.00000E+00 0.00000E+00 0.00000E+00 0.00000E+00 0.00000E+00 0.00000E+00 0.00000E+00 0.00000E+00 0.00000E+00 0.00000E+00 0.00000E+00 0.00000E+00 0.00000E+00 0.00000E+00 0.00000E+00 0.00000E+00 0.00000E+00 0.00000E+00 0.00000E+00 0.00000E+00 0.00000E+00 0.00000E+00
0.1 6.44042E-07 2.63222E-07 5.63148E-08 2.37062E-08 3.52529E-10 2.84692E-10 2.33287E-10 2.18699E-10 1.71736E-10 1.50081E-10 1.31200E-10 1.24175E-10 1.13557E-10 1.05412E-10 9.78067E-11 7.74859E-11 7.25167E-11 7.35596E-11 7.12444E-11 6.91512E-11 6.12791E-11 6.07446E-11 5.37142E-11 5.94246E-11 4.96832E-11 6.08769E-11 4.35836E-11 7.60021E-11 3.44316E-11 6.37146E-11 8.07908E-11 5.61660E-11 4.99776E-11 2.58809E-10
0.18 2.33107E-06 1.69439E-06 1.28191E-06 9.41048E-07 2.82623E-07 4.16170E-08 1.19570E-08 1.05219E-08 9.42319E-09 8.73424E-09 8.02756E-09 7.46600E-09 6.86856E-09 6.77864E-09 6.52608E-09 7.44617E-09 5.49245E-09 5.08478E-09 4.91280E-09 5.29646E-09 5.55266E-09 4.95000E-09 4.42597E-09 4.38110E-09 5.08562E-09 3.91813E-09 4.16591E-09 4.82348E-09 3.82129E-09 3.45179E-09 3.33011E-09 3.86928E-09 8.54212E-09 8.29534E-09
0.3 4.97345E-06 4.72970E-06 4.05050E-06 3.46027E-06 2.26519E-06 1.55590E-06 1.04020E-06 6.67667E-07 4.05738E-07 2.19758E-07 1.23500E-07 9.45180E-08 8.89587E-08 9.14049E-08 8.32684E-08 7.99259E-08 8.29849E-08 8.22380E-08 7.47503E-08 7.09382E-08 6.67154E-08 6.46785E-08 5.88496E-08 5.92536E-08 5.98468E-08 6.44377E-08 6.11186E-08 5.27150E-08 5.42376E-08 5.48841E-08 5.90156E-08 3.58052E-08 3.71296E-08 1.05228E-07
0.56 8.89556E-06 9.21772E-06 8.37740E-06 8.18029E-06 6.83331E-06 6.02823E-06 5.41357E-06 4.83879E-06 4.45625E-06 3.85404E-06 3.42032E-06 2.99783E-06 2.64609E-06 2.44096E-06 2.11273E-06 1.90074E-06 1.70526E-06 1.47477E-06 1.28930E-06 1.11001E-06 1.04493E-06 8.74258E-07 7.51255E-07 6.68502E-07 5.97473E-07 5.40942E-07 5.48117E-07 5.12426E-07 5.84601E-07 5.50278E-07 5.91001E-07 4.98823E-07 4.27607E-07 1.47388E-07
1.0 1.18526E-05 1.23141E-05 1.16804E-05 1.17514E-05 1.09048E-05 1.02852E-05 9.67008E-06 9.06251E-06 9.13724E-06 8.38434E-06 8.37362E-06 7.73909E-06 7.44620E-06 7.25785E-06 7.19622E-06 6.51330E-06 6.43071E-06 6.37494E-06 6.05178E-06 6.02069E-06 5.69267E-06 5.92636E-06 5.61802E-06 5.31066E-06 5.72243E-06 5.06086E-06 4.99629E-06 6.17445E-06 4.63998E-06 4.75095E-06 4.51595E-06 4.51714E-06 4.58048E-06 3.33874E-06
3.0 1.19128E-05 1.20300E-05 1.21988E-05 1.23027E-05 1.24408E-05 1.26283E-05 1.26007E-05 1.30610E-05 1.35632E-05 1.33882E-05 1.31851E-05 1.31515E-05 1.37879E-05 1.32629E-05 1.32329E-05 1.32967E-05 1.37188E-05 1.32180E-05 1.34084E-05 1.43309E-05 1.32906E-05 1.29367E-05 1.45668E-05 1.43915E-05 1.30953E-05 1.30220E-05 1.29186E-05 1.31159E-05 1.26070E-05 1.33096E-05 1.28834E-05 1.26949E-05 1.17336E-05 1.26655E-05
10.0 1.68691E-05 1.73492E-05 1.80230E-05 1.84104E-05 1.87811E-05 1.94858E-05 2.03745E-05 2.11462E-05 2.18296E-05 2.21847E-05 2.28125E-05 2.24514E-05 2.23265E-05 2.26953E-05 2.31928E-05 2.35316E-05 2.38586E-05 2.51347E-05 2.41344E-05 2.39976E-05 2.33382E-05 2.36133E-05 2.36087E-05 2.43660E-05 2.46897E-05 2.44705E-05 2.46240E-05 2.45768E-05 2.33117E-05 2.31636E-05 2.19901E-05 2.41673E-05 2.19089E-05 2.25534E-05
30.0 2.50880E-05 2.52136E-05 2.61041E-05 2.62634E-05 2.77002E-05 2.92032E-05 3.16391E-05 3.28033E-05 3.41556E-05 3.47550E-05 3.62710E-05 3.81334E-05 3.79756E-05 3.89258E-05 3.93666E-05 4.00116E-05 4.32516E-05 4.10290E-05 4.20345E-05 4.27135E-05 4.30686E-05 4.23262E-05 4.41917E-05 4.33110E-05 4.26269E-05 4.42994E-05 4.33887E-05 4.48786E-05 4.30638E-05 4.30836E-05 4.17049E-05 4.01372E-05 3.36592E-05 5.63890E-05
100.0 4.30377E-05 4.38916E-05 4.58070E-05 4.64190E-05 4.86420E-05 5.31770E-05 5.71633E-05 5.82209E-05 6.13696E-05 6.42654E-05 6.77362E-05 6.77868E-05 7.17645E-05 7.16078E-05 7.30449E-05 7.62041E-05 7.55295E-05 7.97583E-05 9.86158E-05 8.42557E-05 7.98602E-05 8.12661E-05 8.37159E-05 8.39040E-05 8.80836E-05 8.94922E-05 8.63489E-05 9.03108E-05 8.48875E-05 9.70739E-05 8.84431E-05 9.09619E-05 9.15772E-05 8.30915E-05
