Yield function of production of Ti44 by protons, neutrons, alphas, [(Ti44 atoms * cm2) / (g * prim. part. nucleon)] (computed with Geant4.10).
The primaries are alphas.
Energy[GeV/nuc],depths[g/cm2]: 0 1 3 5 12.04 19.08 26.12 33.16 40.2 47.24 54.28 61.32 68.36 75.4 82.44 89.48 96.52 103.56 110.6 117.64 124.68 131.72 138.76 145.8 152.84 159.88 166.92 173.96 181 188.04 195.08 202.12 209.16 216.2
0.03 1.34049E-05 2.14458E-07 1.06476E-10 8.46152E-11 6.25758E-11 5.27230E-11 4.57747E-11 3.99317E-11 3.50859E-11 3.05926E-11 3.27210E-11 3.03762E-11 2.36791E-11 2.75124E-11 2.01257E-11 1.97621E-11 1.49895E-11 2.13871E-11 1.28858E-11 1.46089E-11 9.84877E-12 1.08619E-11 1.12913E-11 1.00284E-11 9.07060E-12 8.68867E-12 9.86393E-12 1.09374E-11 9.50953E-12 1.25650E-11 1.27888E-11 6.49391E-12 2.34890E-13 9.69833E-13
0.1 1.55381E-05 1.38613E-05 1.02684E-05 6.79338E-06 2.52081E-08 2.06169E-08 1.82615E-08 1.65949E-08 1.53817E-08 1.46179E-08 1.32860E-08 1.20927E-08 1.16527E-08 1.04507E-08 1.01600E-08 9.73361E-09 9.28748E-09 8.77852E-09 8.60909E-09 8.02125E-09 8.85892E-09 7.72573E-09 8.09320E-09 8.05081E-09 7.85431E-09 6.34977E-09 5.95282E-09 6.08988E-09 5.44176E-09 5.95375E-09 4.18408E-09 4.94805E-09 4.45141E-09 7.93225E-09
0.18 1.23059E-05 1.18205E-05 1.05061E-05 9.80767E-06 6.63579E-06 3.65362E-06 5.49564E-07 2.21769E-07 2.03381E-07 1.91783E-07 1.74920E-07 1.66402E-07 1.51926E-07 1.43958E-07 1.43035E-07 1.39681E-07 1.31308E-07 1.25330E-07 1.21366E-07 1.20919E-07 1.14638E-07 1.11367E-07 1.10975E-07 1.12284E-07 1.01753E-07 1.03441E-07 1.08078E-07 9.33120E-08 9.93886E-08 7.99236E-08 8.68394E-08 9.20355E-08 9.29402E-08 1.65237E-07
0.3 1.33621E-05 1.35749E-05 1.18481E-05 1.20148E-05 8.81210E-06 7.44674E-06 6.26932E-06 5.21701E-06 4.34705E-06 3.49006E-06 2.59701E-06 1.69403E-06 1.25321E-06 1.19586E-06 1.10243E-06 1.08006E-06 1.01710E-06 9.70430E-07 9.52254E-07 9.12202E-07 9.12644E-07 8.79857E-07 8.39087E-07 8.52388E-07 8.34909E-07 8.09831E-07 9.95116E-07 7.81588E-07 7.09461E-07 7.31633E-07 8.45643E-07 9.10878E-07 5.16819E-07 4.47028E-07
0.56 1.68899E-05 1.67004E-05 1.66282E-05 1.66553E-05 1.56111E-05 1.55282E-05 1.47931E-05 1.44531E-05 1.37412E-05 1.35633E-05 1.24579E-05 1.19915E-05 1.16533E-05 1.07443E-05 1.04756E-05 1.01802E-05 9.70139E-06 9.21913E-06 8.82351E-06 8.43962E-06 8.09663E-06 7.75162E-06 7.28867E-06 7.05596E-06 6.93098E-06 6.82861E-06 6.77361E-06 6.87994E-06 6.38674E-06 6.46283E-06 6.13182E-06 6.82419E-06 7.16321E-06 7.66478E-06
1.0 2.24053E-05 2.30663E-05 2.41265E-05 2.43416E-05 2.47185E-05 2.55957E-05 2.68757E-05 2.66395E-05 2.57051E-05 2.58461E-05 2.61168E-05 2.61756E-05 2.53925E-05 2.55263E-05 2.48474E-05 2.55808E-05 2.48005E-05 2.42296E-05 2.44695E-05 2.37081E-05 2.70838E-05 2.36427E-05 2.44020E-05 2.27095E-05 2.26153E-05 2.26505E-05 2.20163E-05 2.25028E-05 2.31100E-05 2.59092E-05 2.06296E-05 2.58820E-05 2.64232E-05 2.12367E-05
3.0 3.48042E-05 3.63760E-05 3.81892E-05 3.99306E-05 4.22389E-05 4.44666E-05 4.59638E-05 4.80085E-05 4.80178E-05 4.93327E-05 4.97676E-05 5.10151E-05 5.18112E-05 5.09412E-05 5.12788E-05 5.39225E-05 5.22795E-05 5.22246E-05 5.39678E-05 5.25982E-05 5.17381E-05 5.07079E-05 4.97627E-05 5.15140E-05 5.46911E-05 5.36755E-05 5.10566E-05 5.17421E-05 5.14723E-05 4.98484E-05 5.12702E-05 5.22680E-05 4.57752E-05 4.11914E-05
10.0 5.52366E-05 5.82446E-05 6.03938E-05 6.28975E-05 6.71416E-05 7.10375E-05 7.56424E-05 7.95613E-05 8.23857E-05 8.42984E-05 8.75338E-05 8.95918E-05 9.18499E-05 9.01093E-05 9.20661E-05 9.36424E-05 9.43111E-05 9.66942E-05 9.63994E-05 9.95974E-05 9.89842E-05 9.94712E-05 9.98716E-05 1.01737E-04 1.01424E-04 9.75653E-05 9.83052E-05 9.86913E-05 1.02832E-04 1.04607E-04 1.00354E-04 9.72909E-05 9.26684E-05 1.04745E-04
30.0 8.90756E-05 9.28156E-05 9.70339E-05 9.93876E-05 1.07203E-04 1.15798E-04 1.24563E-04 1.31105E-04 1.37343E-04 1.42522E-04 1.44667E-04 1.52110E-04 1.54946E-04 1.58751E-04 1.65581E-04 1.61027E-04 1.69602E-04 1.66932E-04 1.71200E-04 1.64583E-04 1.67483E-04 1.68023E-04 1.70250E-04 1.72529E-04 1.70842E-04 1.78306E-04 1.78508E-04 1.82714E-04 1.74207E-04 1.68421E-04 1.87693E-04 1.72566E-04 1.53715E-04 1.37286E-04
100.0 1.49022E-04 1.53313E-04 1.63778E-04 1.73209E-04 1.80084E-04 1.95186E-04 2.10764E-04 2.26785E-04 2.34537E-04 2.49725E-04 2.68062E-04 2.85069E-04 2.91157E-04 3.13069E-04 3.19592E-04 3.08967E-04 3.03432E-04 3.20418E-04 3.08109E-04 3.15090E-04 3.16804E-04 3.08090E-04 3.11293E-04 3.08603E-04 3.06465E-04 3.55198E-04 3.04532E-04 2.61070E-04 2.46499E-04 2.51023E-04 2.81330E-04 2.97554E-04 3.15363E-04 3.88808E-04
