Yield function of production of Ti44 by protons, neutrons, alphas, [(Ti44 atoms * cm2) / (g * prim. part. nucleon)] (computed with Geant4.10).
The primaries are protons.
Energy[GeV/nuc],depths[g/cm2]: 0 1 3 5 12.14 19.28 26.42 33.56 40.7 47.84 54.98 62.12 69.26 76.4 83.54 90.68 97.82 104.96 112.1 119.24 126.38 133.52 140.66 147.8 154.94 162.08 169.22 176.36 183.5 190.64 197.78 204.92 212.06 219.2 226.34 233.48 240.62 247.76 254.9 262.04 269.18 276.32 283.46 290.6
0.03 9.85842E-09 1.06393E-16 1.10166E-16 9.32241E-17 9.97020E-17 0.00000E+00 0.00000E+00 0.00000E+00 0.00000E+00 0.00000E+00 0.00000E+00 0.00000E+00 0.00000E+00 0.00000E+00 0.00000E+00 0.00000E+00 0.00000E+00 0.00000E+00 0.00000E+00 0.00000E+00 0.00000E+00 0.00000E+00 0.00000E+00 0.00000E+00 0.00000E+00 0.00000E+00 0.00000E+00 0.00000E+00 0.00000E+00 0.00000E+00 0.00000E+00 0.00000E+00 0.00000E+00 0.00000E+00 0.00000E+00 0.00000E+00 0.00000E+00 0.00000E+00 0.00000E+00 0.00000E+00 0.00000E+00 0.00000E+00 0.00000E+00 0.00000E+00
0.1 5.32926E-07 2.21046E-07 5.41659E-08 2.36095E-08 3.26968E-10 2.64016E-10 2.21760E-10 1.90980E-10 1.65627E-10 1.44462E-10 1.26507E-10 1.11638E-10 9.98990E-11 8.98167E-11 7.98475E-11 7.26263E-11 6.64217E-11 6.08639E-11 5.44642E-11 4.97922E-11 4.53694E-11 4.21910E-11 3.84119E-11 3.55590E-11 3.37911E-11 3.28878E-11 2.86819E-11 3.04142E-11 2.61977E-11 2.37190E-11 2.05758E-11 2.00856E-11 1.92206E-11 1.77025E-11 1.79139E-11 1.83298E-11 1.51342E-11 1.58523E-11 1.85204E-11 1.96586E-11 7.90331E-12 9.28686E-12 1.59838E-11 2.02302E-11
0.18 1.82973E-06 1.33735E-06 1.02624E-06 7.54458E-07 2.29871E-07 3.40005E-08 9.34565E-09 8.28814E-09 7.51765E-09 6.79943E-09 6.25770E-09 5.78910E-09 5.41271E-09 4.91539E-09 4.58373E-09 4.31574E-09 4.05266E-09 3.91998E-09 3.59691E-09 3.35166E-09 3.19180E-09 3.05075E-09 2.89954E-09 2.73216E-09 2.55147E-09 2.42131E-09 2.37506E-09 2.27947E-09 2.30066E-09 2.12104E-09 2.02149E-09 1.99400E-09 1.88572E-09 1.87444E-09 1.84931E-09 1.84914E-09 1.72744E-09 1.60357E-09 1.64483E-09 1.63244E-09 1.45731E-09 1.49380E-09 1.70533E-09 1.17046E-09
0.3 3.89668E-06 3.67431E-06 3.12852E-06 2.69724E-06 1.76989E-06 1.19981E-06 7.93453E-07 5.02651E-07 2.96634E-07 1.61635E-07 8.96664E-08 7.04424E-08 6.62047E-08 6.17710E-08 5.86761E-08 5.51612E-08 5.16857E-08 4.93880E-08 4.66979E-08 4.44055E-08 4.24959E-08 4.08945E-08 3.92166E-08 3.73664E-08 3.57516E-08 3.48446E-08 3.31815E-08 3.34232E-08 3.13918E-08 3.05505E-08 2.99615E-08 2.94670E-08 2.93940E-08 2.70749E-08 2.75800E-08 2.78744E-08 2.53839E-08 2.54076E-08 2.56284E-08 2.47297E-08 2.82894E-08 2.38452E-08 2.44648E-08 2.05305E-08
0.56 6.82123E-06 6.79755E-06 6.46515E-06 6.19590E-06 5.24357E-06 4.60460E-06 4.03689E-06 3.56028E-06 3.11759E-06 2.73144E-06 2.40007E-06 2.11763E-06 1.85442E-06 1.63802E-06 1.44391E-06 1.26464E-06 1.10805E-06 9.58362E-07 8.31456E-07 7.11160E-07 6.18184E-07 5.34539E-07 4.65235E-07 4.10027E-07 3.70372E-07 3.44253E-07 3.26373E-07 3.17802E-07 3.13205E-07 3.00217E-07 2.96021E-07 2.88957E-07 2.83563E-07 2.77679E-07 2.78346E-07 2.68554E-07 2.67989E-07 2.66124E-07 2.52883E-07 2.49974E-07 2.59562E-07 2.53936E-07 2.80887E-07 2.70235E-07
1.0 9.02211E-06 9.02483E-06 8.81166E-06 8.66228E-06 7.91035E-06 7.45049E-06 7.06694E-06 6.67992E-06 6.33342E-06 6.05995E-06 5.67591E-06 5.50777E-06 5.27404E-06 4.92198E-06 4.74799E-06 4.49062E-06 4.31268E-06 4.12005E-06 3.91732E-06 3.76762E-06 3.57146E-06 3.40144E-06 3.30134E-06 3.11646E-06 3.01504E-06 2.87682E-06 2.84072E-06 2.75187E-06 2.65925E-06 2.59754E-06 2.55333E-06 2.39338E-06 2.37306E-06 2.29077E-06 2.22106E-06 2.15678E-06 2.05242E-06 2.04820E-06 2.21244E-06 2.02467E-06 2.03648E-06 1.95205E-06 1.97097E-06 1.69541E-06
3.0 8.71762E-06 8.78621E-06 9.01241E-06 9.10630E-06 9.14891E-06 9.39471E-06 9.53732E-06 9.61238E-06 9.67213E-06 9.71688E-06 9.72402E-06 9.75622E-06 9.77900E-06 9.75338E-06 9.69065E-06 9.74629E-06 9.60664E-06 9.47933E-06 9.49319E-06 9.39656E-06 9.38503E-06 9.26961E-06 9.15248E-06 9.18620E-06 9.01427E-06 8.95932E-06 8.82716E-06 8.83377E-06 8.85712E-06 8.71177E-06 8.69285E-06 8.65507E-06 8.50391E-06 8.68872E-06 8.60801E-06 8.32238E-06 8.31306E-06 8.49787E-06 8.10856E-06 8.14478E-06 8.14852E-06 8.19599E-06 7.80797E-06 8.94011E-06
10.0 1.29977E-05 1.34050E-05 1.40204E-05 1.44724E-05 1.51571E-05 1.60138E-05 1.66888E-05 1.70207E-05 1.76625E-05 1.78715E-05 1.82743E-05 1.82955E-05 1.86263E-05 1.87728E-05 1.87750E-05 1.91048E-05 1.90331E-05 1.91273E-05 1.91548E-05 1.91862E-05 1.93385E-05 1.92974E-05 1.94784E-05 1.91799E-05 1.94030E-05 1.93690E-05 1.92392E-05 1.92066E-05 1.88983E-05 1.90670E-05 1.89539E-05 1.92999E-05 1.93265E-05 1.88930E-05 1.89303E-05 1.88542E-05 1.90548E-05 1.88230E-05 1.86510E-05 1.90836E-05 1.91741E-05 1.88679E-05 1.86749E-05 1.68152E-05
30.0 2.01788E-05 2.06243E-05 2.15712E-05 2.23270E-05 2.37639E-05 2.51522E-05 2.64302E-05 2.80477E-05 2.89384E-05 3.00634E-05 3.10906E-05 3.22238E-05 3.27898E-05 3.34901E-05 3.44575E-05 3.51088E-05 3.54532E-05 3.61400E-05 3.65153E-05 3.73521E-05 3.71289E-05 3.68429E-05 3.81017E-05 3.85131E-05 3.85657E-05 3.85436E-05 3.87597E-05 3.93402E-05 3.94635E-05 3.98915E-05 4.03888E-05 3.98495E-05 4.04476E-05 4.07267E-05 3.98113E-05 4.02497E-05 3.93807E-05 4.09793E-05 3.93551E-05 4.03752E-05 3.98721E-05 4.24579E-05 3.75434E-05 3.71947E-05
100.0 3.93482E-05 4.04299E-05 4.16848E-05 4.37809E-05 4.62414E-05 5.01465E-05 5.28294E-05 5.65839E-05 5.85781E-05 6.20177E-05 6.48913E-05 6.67937E-05 6.87400E-05 7.07346E-05 7.20563E-05 7.48476E-05 7.55638E-05 7.69357E-05 8.05214E-05 8.04482E-05 8.23922E-05 8.23634E-05 8.33574E-05 8.41140E-05 8.63673E-05 8.65672E-05 8.66129E-05 8.78733E-05 8.93915E-05 9.00226E-05 9.55739E-05 9.07252E-05 9.05494E-05 9.05773E-05 9.20136E-05 9.26442E-05 9.35454E-05 9.20795E-05 9.35367E-05 9.43161E-05 9.32919E-05 9.65465E-05 9.14811E-05 8.68062E-05
