Yield function of production of Ti44 by protons, neutrons, alphas, [(Ti44 atoms * cm2) / (g * prim. part. nucleon)] (computed with Geant4.10).
The primaries are alphas.
Energy[GeV/nuc],depths[g/cm2]: 0 1 3 5 12.14 19.28 26.42 33.56 40.7 47.84 54.98 62.12 69.26 76.4 83.54 90.68 97.82 104.96 112.1 119.24 126.38 133.52 140.66 147.8 154.94 162.08 169.22 176.36 183.5 190.64 197.78 204.92 212.06 219.2 226.34 233.48 240.62 247.76 254.9 262.04 269.18 276.32 283.46 290.6
0.03 1.06339E-05 9.76501E-08 8.85997E-11 7.50888E-11 5.40530E-11 4.40560E-11 3.70249E-11 3.12245E-11 2.77529E-11 2.36457E-11 2.17236E-11 1.85546E-11 1.62987E-11 1.44331E-11 1.31778E-11 1.19454E-11 1.01845E-11 9.81425E-12 8.58361E-12 7.63739E-12 7.49072E-12 6.39809E-12 6.81875E-12 6.39267E-12 5.28267E-12 5.10393E-12 4.19532E-12 4.55636E-12 4.11261E-12 4.56805E-12 3.80076E-12 3.81747E-12 3.38997E-12 3.79511E-12 3.14974E-12 3.24568E-12 2.55056E-12 2.95970E-12 3.24154E-12 2.38012E-12 2.36030E-12 3.27929E-12 1.55820E-12 0.00000E+00
0.1 1.21608E-05 1.09270E-05 8.14330E-06 5.38246E-06 2.26416E-08 1.84084E-08 1.60620E-08 1.44984E-08 1.31395E-08 1.21055E-08 1.10991E-08 1.03808E-08 9.64444E-09 8.98978E-09 8.38730E-09 7.80412E-09 7.29234E-09 6.90970E-09 6.51133E-09 6.14040E-09 5.80045E-09 5.52702E-09 5.21856E-09 5.02475E-09 4.76813E-09 4.55552E-09 4.43600E-09 4.26185E-09 4.12009E-09 4.05559E-09 3.88097E-09 3.69522E-09 3.60683E-09 3.46084E-09 3.38880E-09 3.34509E-09 3.11901E-09 3.73817E-09 3.21507E-09 2.96137E-09 2.90906E-09 2.93285E-09 4.07663E-09 3.07120E-09
0.18 9.72488E-06 9.27822E-06 8.29116E-06 7.68988E-06 5.23086E-06 2.80004E-06 3.65658E-07 1.84347E-07 1.66241E-07 1.51940E-07 1.40842E-07 1.31489E-07 1.22306E-07 1.14548E-07 1.08316E-07 1.01508E-07 9.69987E-08 9.18414E-08 8.74446E-08 8.35882E-08 7.97048E-08 7.62737E-08 7.25783E-08 7.05255E-08 6.77310E-08 6.52321E-08 6.32054E-08 6.09879E-08 5.89966E-08 5.74354E-08 5.62154E-08 5.41156E-08 5.33008E-08 5.16059E-08 5.06768E-08 4.99807E-08 4.94244E-08 4.95853E-08 4.90212E-08 5.04687E-08 4.51355E-08 4.56932E-08 4.31709E-08 4.32690E-08
0.3 1.03632E-05 1.01293E-05 9.41386E-06 8.80125E-06 6.97253E-06 5.83394E-06 4.86321E-06 4.04059E-06 3.31520E-06 2.62907E-06 1.91038E-06 1.17290E-06 9.26792E-07 8.69122E-07 8.18930E-07 7.76150E-07 7.36899E-07 7.01567E-07 6.69592E-07 6.39695E-07 6.17897E-07 5.92945E-07 5.69297E-07 5.50811E-07 5.31293E-07 5.12618E-07 4.96145E-07 4.86447E-07 4.67088E-07 4.54319E-07 4.43727E-07 4.34045E-07 4.24166E-07 4.15086E-07 4.11327E-07 4.02934E-07 3.94655E-07 3.90563E-07 3.88694E-07 3.89701E-07 3.87498E-07 3.74509E-07 3.67343E-07 3.50387E-07
0.56 1.26662E-05 1.27468E-05 1.27738E-05 1.28150E-05 1.22019E-05 1.17575E-05 1.12892E-05 1.08102E-05 1.02546E-05 9.73163E-06 9.24144E-06 8.71621E-06 8.24823E-06 7.80057E-06 7.36532E-06 6.96326E-06 6.58917E-06 6.20956E-06 5.90044E-06 5.59891E-06 5.33459E-06 5.05194E-06 4.81945E-06 4.61314E-06 4.40125E-06 4.19978E-06 3.99873E-06 3.85702E-06 3.75004E-06 3.66516E-06 3.58223E-06 3.50469E-06 3.42644E-06 3.38405E-06 3.33083E-06 3.28046E-06 3.27148E-06 3.17677E-06 3.12974E-06 3.11729E-06 3.12425E-06 3.06513E-06 2.98248E-06 2.76543E-06
1.0 1.63537E-05 1.69831E-05 1.75868E-05 1.81951E-05 1.86855E-05 1.92288E-05 1.94192E-05 1.95754E-05 1.95018E-05 1.93247E-05 1.90674E-05 1.87019E-05 1.84007E-05 1.80339E-05 1.76638E-05 1.72655E-05 1.68449E-05 1.64106E-05 1.61062E-05 1.56981E-05 1.54030E-05 1.51174E-05 1.47219E-05 1.43196E-05 1.40109E-05 1.36838E-05 1.34213E-05 1.31264E-05 1.29580E-05 1.25895E-05 1.23388E-05 1.23217E-05 1.19283E-05 1.17830E-05 1.17507E-05 1.14581E-05 1.13625E-05 1.12004E-05 1.09145E-05 1.10389E-05 1.12603E-05 1.08814E-05 1.04525E-05 1.06759E-05
3.0 2.53352E-05 2.65620E-05 2.80743E-05 2.93547E-05 3.14194E-05 3.32985E-05 3.46623E-05 3.56886E-05 3.64546E-05 3.70486E-05 3.73285E-05 3.78590E-05 3.81365E-05 3.81092E-05 3.79657E-05 3.80806E-05 3.80558E-05 3.81096E-05 3.79640E-05 3.76681E-05 3.75391E-05 3.76135E-05 3.74088E-05 3.71417E-05 3.68300E-05 3.67524E-05 3.66897E-05 3.63581E-05 3.65452E-05 3.61487E-05 3.58295E-05 3.58739E-05 3.54684E-05 3.53608E-05 3.50342E-05 3.46708E-05 3.47909E-05 3.45527E-05 3.41950E-05 3.42397E-05 3.45925E-05 3.42497E-05 3.40399E-05 3.40384E-05
10.0 4.21919E-05 4.43595E-05 4.70587E-05 4.96169E-05 5.39094E-05 5.83599E-05 6.19041E-05 6.46345E-05 6.71476E-05 6.92469E-05 7.05995E-05 7.20894E-05 7.33753E-05 7.40842E-05 7.53103E-05 7.56887E-05 7.63271E-05 7.67961E-05 7.72049E-05 7.78934E-05 7.76092E-05 7.82486E-05 7.82247E-05 7.87382E-05 7.87335E-05 7.89166E-05 7.92386E-05 7.92387E-05 7.86652E-05 7.92142E-05 7.90093E-05 7.92238E-05 7.86879E-05 7.89232E-05 7.85809E-05 8.00171E-05 7.80863E-05 7.94402E-05 7.72411E-05 7.82485E-05 7.81344E-05 7.63447E-05 7.63036E-05 7.45785E-05
30.0 7.16244E-05 7.47290E-05 7.83297E-05 8.24728E-05 8.96297E-05 9.74818E-05 1.04306E-04 1.10322E-04 1.15981E-04 1.20821E-04 1.24359E-04 1.28160E-04 1.30892E-04 1.34189E-04 1.37561E-04 1.39633E-04 1.42479E-04 1.44285E-04 1.46466E-04 1.48327E-04 1.50127E-04 1.53039E-04 1.52118E-04 1.54411E-04 1.56895E-04 1.57788E-04 1.58192E-04 1.59813E-04 1.58940E-04 1.60433E-04 1.60808E-04 1.60994E-04 1.58455E-04 1.60881E-04 1.63629E-04 1.63634E-04 1.61497E-04 1.62741E-04 1.63676E-04 1.63280E-04 1.63631E-04 1.64225E-04 1.71072E-04 1.63369E-04
100.0 1.36746E-04 1.42115E-04 1.49453E-04 1.57064E-04 1.71252E-04 1.87275E-04 2.02622E-04 2.14482E-04 2.27660E-04 2.36821E-04 2.50874E-04 2.60093E-04 2.66436E-04 2.74445E-04 2.82860E-04 2.89780E-04 2.95754E-04 3.00711E-04 3.08381E-04 3.14665E-04 3.20311E-04 3.25801E-04 3.31476E-04 3.33041E-04 3.38474E-04 3.43163E-04 3.42708E-04 3.45327E-04 3.47861E-04 3.46287E-04 3.49482E-04 3.52749E-04 3.54906E-04 3.53546E-04 3.55444E-04 3.64925E-04 3.60882E-04 3.65437E-04 3.60923E-04 3.54060E-04 3.60916E-04 3.65692E-04 3.64054E-04 3.81966E-04
