Yield function of production of Ti44 by protons, neutrons, alphas, pi+ and pi-, [(Ti44 atoms * cm2) / (g * prim. part. nucleon)] (computed with Geant4.10).
The primaries are protons.
Energy[GeV/nuc],depths[g/cm2]: 1 3 5 10 15 20 30 40 53.1
0.01 0.00000E+00 0.00000E+00 0.00000E+00 0.00000E+00 0.00000E+00 0.00000E+00 0.00000E+00 0.00000E+00 0.00000E+00
0.03 9.58069E-09 0.00000E+00 0.00000E+00 0.00000E+00 0.00000E+00 0.00000E+00 0.00000E+00 0.00000E+00 0.00000E+00
0.1 6.70339E-07 2.71652E-07 5.82239E-08 2.54108E-08 5.17400E-10 4.66285E-10 4.26819E-10 3.82075E-10 4.23098E-10
0.18 2.56769E-06 2.05116E-06 1.53213E-06 1.11291E-06 5.37262E-07 2.00063E-07 4.93714E-08 1.89691E-08 2.01552E-08
0.3 5.68384E-06 5.77532E-06 5.22144E-06 4.71828E-06 3.89443E-06 3.13109E-06 2.71818E-06 1.88866E-06 1.32002E-06
0.56 1.21731E-05 1.21981E-05 1.19092E-05 1.18803E-05 1.13087E-05 1.14773E-05 1.08137E-05 1.04145E-05 1.04075E-05
1.0 1.60496E-05 1.60312E-05 1.60312E-05 1.59730E-05 1.61250E-05 1.59524E-05 1.54357E-05 1.57017E-05 1.53396E-05
3.0 1.28750E-05 1.31461E-05 1.36443E-05 1.37277E-05 1.39471E-05 1.42171E-05 1.49142E-05 1.48092E-05 1.48553E-05
10.0 1.51488E-05 1.59269E-05 1.63686E-05 1.70622E-05 1.75675E-05 1.83572E-05 1.84949E-05 1.89671E-05 1.81588E-05
30.0 1.63751E-05 1.67539E-05 1.75987E-05 1.76465E-05 1.87311E-05 1.92328E-05 1.94666E-05 2.06081E-05 1.99677E-05
100.0 1.89513E-05 1.97772E-05 2.05090E-05 2.12417E-05 2.21867E-05 2.33712E-05 2.48046E-05 2.59901E-05 2.61825E-05
