Yield function of production of Ti44 by protons, neutrons, alphas, pi+ and pi-, [(Ti44 atoms * cm2) / (g * prim. part. nucleon)] (computed with Geant4.10).
The primaries are alphas.
Energy[GeV/nuc],depths[g/cm2]: 1 3 5 10 15 20 30 40 53.1
0.01 3.62479E-06 8.94633E-15 9.52347E-15 1.08214E-14 1.99944E-14 1.27837E-14 2.04254E-15 2.65786E-15 1.86367E-14
0.03 1.35463E-05 1.77496E-07 1.24979E-10 1.08732E-10 9.50935E-11 9.11260E-11 7.99509E-11 7.08007E-11 7.42136E-11
0.1 1.67548E-05 1.50605E-05 1.12803E-05 7.54566E-06 4.13013E-08 3.65832E-08 3.27090E-08 3.03546E-08 3.21560E-08
0.18 1.43314E-05 1.43994E-05 1.34189E-05 1.29500E-05 1.02512E-05 7.87231E-06 4.95592E-06 4.18654E-07 4.11269E-07
0.3 1.71019E-05 1.71604E-05 1.66361E-05 1.60898E-05 1.49536E-05 1.44613E-05 1.35591E-05 1.29663E-05 1.34509E-05
0.56 2.25556E-05 2.29137E-05 2.38109E-05 2.38433E-05 2.41210E-05 2.39407E-05 2.47164E-05 2.53003E-05 2.43767E-05
1.0 2.79397E-05 2.86883E-05 2.99275E-05 3.10409E-05 3.21923E-05 3.30388E-05 3.44448E-05 3.74875E-05 3.56717E-05
3.0 3.48539E-05 3.63782E-05 3.82160E-05 3.97827E-05 4.19278E-05 4.42524E-05 4.59107E-05 4.71112E-05 4.76254E-05
10.0 4.23433E-05 4.54722E-05 4.80351E-05 5.00509E-05 5.39172E-05 5.88483E-05 5.87256E-05 6.56556E-05 6.77322E-05
30.0 5.16669E-05 5.49185E-05 5.82694E-05 6.01304E-05 6.58738E-05 6.91636E-05 7.12480E-05 7.80783E-05 8.00119E-05
100.0 4.88131E-05 5.39553E-05 5.82616E-05 6.09848E-05 6.96529E-05 8.16193E-05 8.50385E-05 8.92463E-05 1.05907E-04
