Yield function of production of Ti44 by protons, neutrons, alphas, pi+ and pi-, [(Ti44 atoms * cm2) / (g * prim. part. nucleon)] (computed with Geant4.10).
The primaries are protons.
Energy[GeV/nuc],depths[g/cm2]: 1 3 5 10 15 20 30 40 50 60 70 80 90 100 110 120 130.2
0.01 0.00000E+00 0.00000E+00 0.00000E+00 0.00000E+00 0.00000E+00 0.00000E+00 0.00000E+00 0.00000E+00 0.00000E+00 0.00000E+00 0.00000E+00 0.00000E+00 0.00000E+00 0.00000E+00 0.00000E+00 0.00000E+00 0.00000E+00
0.03 9.85714E-09 0.00000E+00 0.00000E+00 0.00000E+00 0.00000E+00 0.00000E+00 0.00000E+00 0.00000E+00 0.00000E+00 0.00000E+00 0.00000E+00 0.00000E+00 0.00000E+00 0.00000E+00 0.00000E+00 0.00000E+00 0.00000E+00
0.1 6.50002E-07 2.66272E-07 5.90886E-08 2.49746E-08 4.20139E-10 3.67903E-10 3.44080E-10 2.74131E-10 2.22876E-10 2.11805E-10 1.92383E-10 1.77721E-10 1.73267E-10 1.49600E-10 1.37050E-10 1.06846E-10 1.18190E-10
0.18 2.40322E-06 1.77008E-06 1.34584E-06 9.97096E-07 4.63557E-07 1.67966E-07 3.71077E-08 1.38464E-08 1.28105E-08 1.15041E-08 1.18232E-08 1.06562E-08 1.12369E-08 1.05698E-08 1.06904E-08 9.85962E-09 9.41298E-09
0.3 5.16335E-06 5.13922E-06 4.52989E-06 4.06455E-06 2.98772E-06 2.27283E-06 1.76144E-06 1.01895E-06 5.28203E-07 2.29967E-07 1.40781E-07 1.34421E-07 1.28991E-07 1.27423E-07 1.25944E-07 1.31477E-07 1.91516E-07
0.56 1.06419E-05 1.04188E-05 1.04473E-05 9.92668E-06 9.54398E-06 8.76265E-06 8.52085E-06 7.44524E-06 6.61824E-06 6.01158E-06 4.92358E-06 4.50318E-06 4.04551E-06 3.60082E-06 3.52467E-06 3.43960E-06 3.93472E-06
1.0 1.77759E-05 1.91009E-05 2.11175E-05 2.07707E-05 2.10201E-05 2.24393E-05 2.07707E-05 2.15455E-05 2.13059E-05 2.00385E-05 1.98756E-05 1.92431E-05 1.81425E-05 4.02490E-05 1.66926E-05 1.98468E-05 1.69598E-05
3.0 3.79552E-05 3.85828E-05 4.50674E-05 4.54166E-05 5.23266E-05 5.54487E-05 6.13824E-05 6.02454E-05 6.21991E-05 6.79953E-05 6.59787E-05 6.65928E-05 7.40104E-05 6.79207E-05 7.26043E-05 6.81014E-05 6.57607E-05
10.0 9.47880E-05 1.04349E-04 1.16604E-04 1.27250E-04 1.60640E-04 1.54227E-04 1.78264E-04 1.89382E-04 1.98436E-04 2.02930E-04 2.01883E-04 2.22266E-04 2.02145E-04 2.14382E-04 2.72156E-04 2.42650E-04 2.56018E-04
30.0 1.81073E-04 1.93542E-04 2.35378E-04 2.31382E-04 2.56749E-04 2.87552E-04 2.97100E-04 3.65366E-04 3.58994E-04 4.01474E-04 4.70546E-04 4.34087E-04 4.18015E-04 4.22522E-04 4.42331E-04 4.87001E-04 5.09358E-04
100.0 3.90540E-04 4.18081E-04 4.70193E-04 4.74004E-04 5.82317E-04 5.67993E-04 6.56765E-04 6.88265E-04 7.29687E-04 7.54844E-04 8.59865E-04 8.67757E-04 8.28720E-04 8.80355E-04 8.42657E-04 8.66881E-04 9.10875E-04
