Yield function of production of Ti44 by protons, neutrons, alphas, pi+ and pi-, [(Ti44 atoms * cm2) / (g * prim. part. nucleon)] (computed with Geant4.10).
The primaries are protons.
Energy[GeV/nuc],depths[g/cm2]: 1 3 5 10 15 20 30 40 50 60 70 80 90 100 110 120 130.2
0.01 0.00000E+00 0.00000E+00 0.00000E+00 0.00000E+00 0.00000E+00 0.00000E+00 0.00000E+00 0.00000E+00 0.00000E+00 0.00000E+00 0.00000E+00 0.00000E+00 0.00000E+00 0.00000E+00 0.00000E+00 0.00000E+00 0.00000E+00
0.03 9.85714E-09 0.00000E+00 0.00000E+00 0.00000E+00 0.00000E+00 0.00000E+00 0.00000E+00 0.00000E+00 0.00000E+00 0.00000E+00 0.00000E+00 0.00000E+00 0.00000E+00 0.00000E+00 0.00000E+00 0.00000E+00 0.00000E+00
0.1 6.50002E-07 2.66272E-07 5.90886E-08 2.49746E-08 4.20139E-10 3.67903E-10 3.44080E-10 2.74131E-10 2.22876E-10 2.11805E-10 1.92383E-10 1.77721E-10 1.73267E-10 1.49600E-10 1.37050E-10 1.06846E-10 1.18190E-10
0.18 2.40322E-06 1.77008E-06 1.34584E-06 9.97096E-07 4.63557E-07 1.67966E-07 3.71077E-08 1.38464E-08 1.28105E-08 1.15041E-08 1.18232E-08 1.06562E-08 1.12369E-08 1.05698E-08 1.06904E-08 9.85962E-09 9.41298E-09
0.3 5.16203E-06 5.13583E-06 4.52834E-06 4.06306E-06 2.98772E-06 2.27026E-06 1.76135E-06 1.01895E-06 5.28203E-07 2.29967E-07 1.40781E-07 1.34421E-07 1.28991E-07 1.27423E-07 1.25944E-07 1.31477E-07 1.91516E-07
0.56 1.00369E-05 9.78338E-06 9.54901E-06 9.14884E-06 8.59671E-06 7.95884E-06 7.49587E-06 6.78850E-06 6.16413E-06 5.66902E-06 4.70086E-06 4.39357E-06 3.99323E-06 3.55625E-06 3.47368E-06 3.42548E-06 3.93472E-06
1.0 1.38141E-05 1.37026E-05 1.34759E-05 1.37779E-05 1.36938E-05 1.30460E-05 1.26637E-05 1.25238E-05 1.19973E-05 1.13068E-05 1.10482E-05 1.12177E-05 1.04624E-05 1.02072E-05 1.02549E-05 1.21124E-05 9.44467E-06
3.0 1.31678E-05 1.31694E-05 1.35699E-05 1.41554E-05 1.42664E-05 1.50957E-05 1.48991E-05 1.51472E-05 1.54019E-05 1.54010E-05 1.60403E-05 1.66664E-05 1.55856E-05 1.63064E-05 1.77231E-05 1.58621E-05 1.77696E-05
10.0 1.71233E-05 1.75618E-05 1.84788E-05 1.89988E-05 2.01371E-05 2.12644E-05 2.10851E-05 2.21136E-05 2.33079E-05 2.42951E-05 2.46603E-05 2.51242E-05 2.49756E-05 2.48024E-05 2.77525E-05 2.46129E-05 2.97837E-05
30.0 2.26318E-05 2.28108E-05 2.38602E-05 2.43671E-05 2.57624E-05 2.68727E-05 2.81566E-05 3.08841E-05 3.15597E-05 3.44055E-05 3.36770E-05 3.43929E-05 3.44609E-05 3.59964E-05 3.66031E-05 3.53171E-05 3.46338E-05
100.0 3.43272E-05 3.56207E-05 3.89584E-05 3.78067E-05 3.97438E-05 4.30148E-05 4.42984E-05 4.64492E-05 4.89165E-05 5.09237E-05 5.78339E-05 5.43427E-05 5.43209E-05 5.72995E-05 5.51217E-05 6.25261E-05 5.49033E-05
