Yield function of production of Ti44 by protons, neutrons, alphas, pi+ and pi-, [(Ti44 atoms * cm2) / (g * prim. part. nucleon)] (computed with Geant4.10).
The primaries are alphas.
Energy[GeV/nuc],depths[g/cm2]: 1 3 5 10 15 20 30 40 50 60 70 80 90 100 110 120 130.2
0.01 3.62072E-06 1.28856E-14 1.16826E-14 1.67886E-14 4.79085E-15 5.37778E-15 4.37034E-15 4.25347E-15 5.66028E-15 3.17861E-15 4.53275E-15 6.04025E-15 1.05393E-14 3.11219E-14 0.00000E+00 0.00000E+00 0.00000E+00
0.03 1.34125E-05 1.93628E-07 1.14073E-10 9.97561E-11 8.16068E-11 7.15964E-11 6.44131E-11 5.76135E-11 4.75099E-11 4.43129E-11 3.67258E-11 3.10421E-11 3.70534E-11 3.06737E-11 3.19628E-11 2.91091E-11 4.08945E-11
0.1 1.57208E-05 1.42388E-05 1.07004E-05 7.13922E-06 3.37621E-08 2.84647E-08 2.57698E-08 2.23718E-08 2.09581E-08 1.88825E-08 1.73042E-08 1.63389E-08 1.59340E-08 1.46137E-08 1.45718E-08 1.31672E-08 1.82334E-08
0.18 1.28381E-05 1.30012E-05 1.15481E-05 1.05226E-05 8.44152E-06 6.21096E-06 3.75782E-06 3.19479E-07 2.75518E-07 2.65937E-07 2.46642E-07 2.37881E-07 2.29430E-07 2.04010E-07 2.20141E-07 2.04441E-07 1.83967E-07
0.3 1.42579E-05 1.37017E-05 1.33844E-05 1.29941E-05 1.15135E-05 1.02143E-05 8.94431E-06 7.25380E-06 5.77726E-06 4.41739E-06 2.67177E-06 1.73875E-06 1.68451E-06 1.64311E-06 1.63470E-06 1.55518E-06 1.51481E-06
0.56 1.93146E-05 1.96109E-05 1.96346E-05 1.97301E-05 2.00949E-05 1.96399E-05 1.91656E-05 1.87426E-05 1.85016E-05 1.77908E-05 1.69496E-05 1.65733E-05 1.67671E-05 1.63175E-05 1.63407E-05 1.58712E-05 1.56513E-05
1.0 2.59317E-05 2.70020E-05 2.79345E-05 2.88100E-05 3.01720E-05 3.30494E-05 3.27871E-05 3.28758E-05 3.38866E-05 3.48424E-05 3.35064E-05 3.55299E-05 3.52219E-05 3.39419E-05 3.30818E-05 3.16356E-05 3.14316E-05
3.0 3.79345E-05 3.97677E-05 4.14681E-05 4.42688E-05 4.63468E-05 4.96845E-05 5.07581E-05 5.41493E-05 5.58493E-05 5.73655E-05 5.90272E-05 6.03453E-05 5.88568E-05 6.05153E-05 6.24851E-05 6.39632E-05 6.93010E-05
10.0 5.50850E-05 5.80289E-05 6.02957E-05 6.50032E-05 7.09608E-05 7.42812E-05 7.75226E-05 8.16957E-05 8.96917E-05 8.87070E-05 9.29685E-05 9.46259E-05 9.68963E-05 9.65647E-05 1.01704E-04 1.01032E-04 9.73344E-05
30.0 7.76957E-05 8.09625E-05 8.62504E-05 9.03650E-05 9.87846E-05 1.06351E-04 1.09559E-04 1.18866E-04 1.33634E-04 1.30944E-04 1.39234E-04 1.42836E-04 1.40496E-04 1.47815E-04 1.40050E-04 1.57563E-04 1.62046E-04
100.0 1.11793E-04 1.19006E-04 1.24304E-04 1.28882E-04 1.46688E-04 1.67979E-04 1.65400E-04 1.82812E-04 1.96530E-04 2.20800E-04 2.37906E-04 2.44054E-04 2.29283E-04 2.42957E-04 2.27610E-04 2.45311E-04 3.67952E-04
