Yield function of production of Ti44 by protons, neutrons, alphas, pi+ and pi-, [(Ti44 atoms * cm2) / (g * prim. part. nucleon)] (computed with Geant4.10).
The primaries are alphas.
Energy[GeV/nuc],depths[g/cm2]: 1 3 5 10 15 20 30 40 50 60 70 80 90 100 110 120 130.2
0.01 3.62072E-06 1.28856E-14 1.16826E-14 1.67886E-14 4.79085E-15 5.37778E-15 4.37034E-15 4.25347E-15 5.66028E-15 3.17861E-15 4.53275E-15 6.04025E-15 1.05393E-14 3.11219E-14 0.00000E+00 0.00000E+00 0.00000E+00
0.03 1.34125E-05 1.93628E-07 1.14073E-10 9.97561E-11 8.16068E-11 7.15964E-11 6.44131E-11 5.76135E-11 4.75099E-11 4.43129E-11 3.67258E-11 3.10421E-11 3.70534E-11 3.06737E-11 3.19628E-11 2.91091E-11 4.08945E-11
0.1 1.57208E-05 1.42388E-05 1.07004E-05 7.13922E-06 3.37621E-08 2.84647E-08 2.57698E-08 2.23718E-08 2.09581E-08 1.88825E-08 1.73042E-08 1.63389E-08 1.59340E-08 1.46137E-08 1.45718E-08 1.31672E-08 1.82334E-08
0.18 1.28381E-05 1.30013E-05 1.15481E-05 1.05226E-05 8.44182E-06 6.21112E-06 3.75782E-06 3.19479E-07 2.75518E-07 2.65937E-07 2.46642E-07 2.37881E-07 2.29430E-07 2.04010E-07 2.20141E-07 2.04441E-07 1.83967E-07
0.3 1.42621E-05 1.37079E-05 1.33902E-05 1.30065E-05 1.15218E-05 1.02198E-05 8.94924E-06 7.26205E-06 5.79126E-06 4.42734E-06 2.67701E-06 1.74474E-06 1.68829E-06 1.65357E-06 1.64608E-06 1.55518E-06 1.51481E-06
0.56 2.10329E-05 2.14086E-05 2.16708E-05 2.26811E-05 2.28249E-05 2.86307E-05 2.15746E-05 2.06948E-05 2.01155E-05 1.99219E-05 1.80828E-05 1.77160E-05 1.77721E-05 1.71831E-05 1.70573E-05 1.65677E-05 1.60417E-05
1.0 3.86146E-05 4.36860E-05 4.79085E-05 5.08367E-05 5.42260E-05 5.99722E-05 6.26964E-05 7.07455E-05 6.81590E-05 6.39340E-05 6.54979E-05 6.35577E-05 6.28662E-05 6.73987E-05 9.01310E-05 5.37841E-05 6.78290E-05
3.0 1.15596E-04 1.29940E-04 1.42147E-04 1.55514E-04 1.73794E-04 2.00635E-04 1.94841E-04 2.16354E-04 2.73622E-04 2.57214E-04 2.36241E-04 2.56594E-04 2.47330E-04 2.98107E-04 2.69704E-04 2.81935E-04 2.75506E-04
10.0 3.57721E-04 4.00931E-04 4.41418E-04 4.83608E-04 5.76716E-04 5.94646E-04 6.68130E-04 7.41752E-04 7.75113E-04 7.91947E-04 8.26771E-04 8.33491E-04 8.22485E-04 9.63532E-04 8.08745E-04 8.35038E-04 8.06583E-04
30.0 7.36772E-04 7.97224E-04 9.36102E-04 9.78541E-04 1.20764E-03 1.24077E-03 1.33961E-03 1.41671E-03 1.65308E-03 1.66063E-03 1.68196E-03 2.07658E-03 1.85716E-03 1.94274E-03 1.78654E-03 1.97042E-03 2.05513E-03
100.0 1.54737E-03 1.66826E-03 1.80957E-03 1.87011E-03 2.17402E-03 2.46699E-03 2.50362E-03 2.84433E-03 3.14563E-03 3.14570E-03 3.53518E-03 3.67362E-03 3.75326E-03 4.30271E-03 3.70592E-03 4.23254E-03 4.24908E-03
