Yield function of production of Ti44 by protons, neutrons, alphas, pi+ and pi-, [(Ti44 atoms * cm2) / (g * prim. part. nucleon)] (computed with Geant4.10).
The primaries are alphas.
Energy[GeV/nuc],depths[g/cm2]: 1 3 5 10 15 20 30 40 50 60 70 80 90 100 110 120 130 142.4
0.01 2.90416E-06 1.22916E-14 7.14124E-15 7.02456E-15 3.14655E-15 2.50821E-15 1.99195E-15 2.49680E-15 3.30256E-15 2.15076E-15 0.00000E+00 0.00000E+00 0.00000E+00 0.00000E+00 0.00000E+00 0.00000E+00 0.00000E+00 0.00000E+00
0.03 1.06349E-05 1.44619E-07 1.04394E-10 9.35766E-11 7.42478E-11 6.31241E-11 6.16173E-11 4.82058E-11 4.11459E-11 3.51951E-11 3.18147E-11 3.29629E-11 3.09720E-11 3.02471E-11 2.51679E-11 2.73702E-11 2.05163E-11 1.83272E-11
0.1 1.25739E-05 1.12326E-05 8.42129E-06 5.54890E-06 2.78362E-08 2.33235E-08 2.15006E-08 1.90415E-08 1.70787E-08 1.65990E-08 1.46182E-08 1.42880E-08 1.28290E-08 1.37592E-08 1.22363E-08 1.34389E-08 1.05020E-08 1.12528E-08
0.18 1.02113E-05 9.70813E-06 8.83244E-06 8.28390E-06 6.57630E-06 4.77950E-06 2.82883E-06 2.41784E-07 2.18253E-07 1.99643E-07 1.90397E-07 1.81140E-07 1.78836E-07 1.64708E-07 1.67418E-07 1.46107E-07 1.28480E-07 1.50737E-07
0.3 1.11878E-05 1.12406E-05 1.08618E-05 1.04013E-05 8.95517E-06 8.01305E-06 6.87179E-06 5.52772E-06 4.26894E-06 3.18927E-06 1.94142E-06 1.41134E-06 1.28047E-06 1.30678E-06 1.26519E-06 1.30291E-06 1.22615E-06 1.01257E-06
0.56 1.49167E-05 1.50314E-05 1.53264E-05 1.52817E-05 1.57934E-05 1.51534E-05 1.48820E-05 1.48072E-05 1.43513E-05 1.34938E-05 1.30748E-05 1.26900E-05 1.26993E-05 1.18253E-05 1.13282E-05 1.07661E-05 1.16019E-05 1.01892E-05
1.0 2.07716E-05 2.12064E-05 2.19655E-05 2.28814E-05 2.39845E-05 2.47188E-05 2.51306E-05 2.55173E-05 2.61365E-05 2.71591E-05 2.68040E-05 2.64164E-05 2.69395E-05 2.73276E-05 2.65833E-05 2.61404E-05 2.60957E-05 2.88597E-05
3.0 3.04356E-05 3.15362E-05 3.36977E-05 3.43991E-05 3.74270E-05 3.86860E-05 4.00444E-05 4.28541E-05 4.37179E-05 4.44754E-05 4.59945E-05 4.84348E-05 4.67668E-05 4.74729E-05 4.88098E-05 4.78716E-05 4.81703E-05 5.17143E-05
10.0 4.37586E-05 4.60136E-05 4.90534E-05 5.14268E-05 5.54888E-05 5.91068E-05 6.61820E-05 6.46957E-05 7.11809E-05 7.34847E-05 7.74962E-05 7.78519E-05 8.22621E-05 8.30162E-05 8.08815E-05 8.00900E-05 8.26958E-05 7.53819E-05
30.0 6.57094E-05 6.83148E-05 7.18054E-05 7.56346E-05 8.20292E-05 8.86195E-05 9.26638E-05 9.95862E-05 1.07442E-04 1.13440E-04 1.17693E-04 1.18423E-04 1.24879E-04 1.27641E-04 1.42925E-04 1.41445E-04 1.35988E-04 1.57609E-04
100.0 9.91640E-05 1.03971E-04 1.09633E-04 1.16450E-04 1.28696E-04 1.38904E-04 1.43678E-04 1.64830E-04 1.67203E-04 2.08521E-04 1.91348E-04 1.95994E-04 2.06032E-04 1.99049E-04 1.99224E-04 2.18225E-04 2.21968E-04 2.24967E-04
