Yield function of production of Ti44 by protons, neutrons, alphas, pi+ and pi-, [(Ti44 atoms * cm2) / (g * prim. part. nucleon)] (computed with Geant4.10).
The primaries are protons.
Energy[GeV/nuc],depths[g/cm2]: 1 3 5 10 15 20 30 40 50 60 70 80 90 100 110 120 130 142.4
0.01 0.00000E+00 0.00000E+00 0.00000E+00 0.00000E+00 0.00000E+00 0.00000E+00 0.00000E+00 0.00000E+00 0.00000E+00 0.00000E+00 0.00000E+00 0.00000E+00 0.00000E+00 0.00000E+00 0.00000E+00 0.00000E+00 0.00000E+00 0.00000E+00
0.03 9.85711E-09 7.20473E-17 7.43030E-17 7.66696E-17 8.31275E-17 0.00000E+00 0.00000E+00 0.00000E+00 0.00000E+00 0.00000E+00 0.00000E+00 0.00000E+00 0.00000E+00 0.00000E+00 0.00000E+00 0.00000E+00 0.00000E+00 0.00000E+00
0.1 5.36415E-07 2.28173E-07 5.59365E-08 2.43320E-08 4.07105E-10 3.54259E-10 3.15642E-10 2.58438E-10 2.30508E-10 1.82318E-10 1.80478E-10 1.45540E-10 1.41684E-10 1.40128E-10 1.37776E-10 1.00253E-10 8.17015E-11 6.07543E-11
0.18 1.92608E-06 1.41893E-06 1.08183E-06 7.94703E-07 3.68899E-07 1.34804E-07 3.07540E-08 1.14524E-08 1.06127E-08 9.88129E-09 8.70874E-09 8.55099E-09 7.91187E-09 8.04492E-09 7.13999E-09 6.45983E-09 6.98108E-09 4.35285E-09
0.3 4.00345E-06 4.14420E-06 3.50099E-06 3.15361E-06 2.28186E-06 1.75365E-06 1.36914E-06 7.76683E-07 4.04732E-07 1.83516E-07 1.12439E-07 1.05062E-07 9.94405E-08 9.33039E-08 9.20983E-08 9.85054E-08 1.06252E-07 1.26619E-07
0.56 7.57117E-06 7.51948E-06 7.39291E-06 7.06694E-06 6.53079E-06 6.09916E-06 5.84875E-06 5.11337E-06 4.31164E-06 3.84187E-06 3.46545E-06 3.23105E-06 2.85345E-06 2.52638E-06 2.18654E-06 2.05786E-06 1.99131E-06 1.97162E-06
1.0 1.06148E-05 1.10104E-05 1.06618E-05 1.05416E-05 1.01470E-05 1.01586E-05 9.87011E-06 9.51161E-06 9.37375E-06 8.89426E-06 8.67152E-06 8.08386E-06 7.89937E-06 7.62034E-06 7.23379E-06 7.54383E-06 6.75004E-06 8.48529E-06
3.0 1.02937E-05 1.04442E-05 1.06870E-05 1.07928E-05 1.11439E-05 1.14356E-05 1.16623E-05 1.20919E-05 1.21008E-05 1.26160E-05 1.32438E-05 1.28624E-05 1.25834E-05 1.29362E-05 1.37430E-05 1.29361E-05 1.25597E-05 1.32152E-05
10.0 1.39198E-05 1.41772E-05 1.47036E-05 1.48877E-05 1.60522E-05 1.67257E-05 1.71586E-05 1.79135E-05 1.90837E-05 1.89437E-05 1.91981E-05 1.96956E-05 2.00687E-05 2.12122E-05 2.14118E-05 2.09206E-05 2.19756E-05 2.19398E-05
30.0 1.83324E-05 1.89912E-05 1.98414E-05 2.02216E-05 2.08055E-05 2.23620E-05 2.33396E-05 2.57486E-05 2.64668E-05 2.85592E-05 2.84004E-05 2.89496E-05 3.06939E-05 3.19313E-05 3.16053E-05 3.20005E-05 3.39316E-05 3.77865E-05
100.0 2.86887E-05 2.99368E-05 3.10486E-05 3.17379E-05 3.30070E-05 3.42251E-05 3.62185E-05 3.88946E-05 4.39740E-05 4.49551E-05 4.60826E-05 4.62038E-05 4.81973E-05 5.19296E-05 5.16844E-05 4.83982E-05 4.90277E-05 6.12802E-05
