Yield function of production of Ti44 by protons, neutrons, alphas, pi+ and pi-, [(Ti44 atoms * cm2) / (g * prim. part. nucleon)] (computed with Geant4.10).
The primaries are alphas.
Energy[GeV/nuc],depths[g/cm2]: 1 3 5 10 15 20 30 40 50 60 70 80 90 100 110 120 130 142.4
0.01 2.90416E-06 1.22916E-14 7.14124E-15 7.02456E-15 3.14655E-15 2.50821E-15 1.99195E-15 2.49680E-15 3.30256E-15 2.15076E-15 0.00000E+00 0.00000E+00 0.00000E+00 0.00000E+00 0.00000E+00 0.00000E+00 0.00000E+00 0.00000E+00
0.03 1.06349E-05 1.44619E-07 1.04394E-10 9.35766E-11 7.42478E-11 6.31241E-11 6.16173E-11 4.82058E-11 4.11459E-11 3.51951E-11 3.18147E-11 3.29629E-11 3.09720E-11 3.02471E-11 2.51679E-11 2.73702E-11 2.05163E-11 1.83272E-11
0.1 1.25739E-05 1.12326E-05 8.42129E-06 5.54890E-06 2.78362E-08 2.33235E-08 2.15006E-08 1.90415E-08 1.70787E-08 1.65990E-08 1.46182E-08 1.42880E-08 1.28290E-08 1.37592E-08 1.22363E-08 1.34389E-08 1.05020E-08 1.12528E-08
0.18 1.02116E-05 9.70842E-06 8.83279E-06 8.28391E-06 6.57634E-06 4.77957E-06 2.82891E-06 2.41784E-07 2.18253E-07 1.99643E-07 1.90474E-07 1.81140E-07 1.78836E-07 1.64708E-07 1.67425E-07 1.46107E-07 1.28480E-07 1.50737E-07
0.3 1.11921E-05 1.12445E-05 1.08671E-05 1.04126E-05 8.96140E-06 8.01793E-06 6.87299E-06 5.53248E-06 4.27041E-06 3.19400E-06 1.94543E-06 1.41230E-06 1.28183E-06 1.30761E-06 1.26523E-06 1.30291E-06 1.22615E-06 1.01257E-06
0.56 1.61642E-05 1.71246E-05 1.74126E-05 1.70823E-05 1.79152E-05 1.69613E-05 1.68332E-05 1.72602E-05 1.56545E-05 1.46985E-05 1.39681E-05 1.50792E-05 1.33955E-05 1.23559E-05 1.17673E-05 1.14356E-05 1.20938E-05 1.04558E-05
1.0 3.05483E-05 3.58879E-05 3.85854E-05 4.12637E-05 4.44258E-05 4.53112E-05 4.84909E-05 5.13549E-05 4.89127E-05 4.90509E-05 4.73243E-05 4.67695E-05 4.67320E-05 4.92482E-05 4.55737E-05 4.34473E-05 5.98855E-05 4.67597E-05
3.0 9.14723E-05 1.00281E-04 1.12596E-04 1.26267E-04 1.52807E-04 1.57615E-04 1.71557E-04 1.94780E-04 1.87309E-04 1.92600E-04 1.98126E-04 2.16518E-04 1.95685E-04 1.95342E-04 1.96668E-04 1.99572E-04 2.04552E-04 2.56692E-04
10.0 2.84052E-04 3.01754E-04 3.49882E-04 3.81756E-04 4.31322E-04 4.93954E-04 5.25900E-04 5.73055E-04 6.17866E-04 6.27100E-04 6.66191E-04 6.86288E-04 7.32446E-04 6.70572E-04 6.79167E-04 7.57673E-04 8.55446E-04 6.91636E-04
30.0 6.12212E-04 6.81127E-04 7.53838E-04 7.89093E-04 9.49651E-04 1.02994E-03 1.10171E-03 1.27552E-03 1.38417E-03 1.38159E-03 1.46059E-03 1.57809E-03 1.65339E-03 1.57047E-03 1.64586E-03 1.63282E-03 1.69445E-03 1.71292E-03
100.0 1.33616E-03 1.40518E-03 1.51513E-03 1.71123E-03 1.95801E-03 1.97525E-03 2.35301E-03 2.56047E-03 2.61574E-03 2.64011E-03 2.74422E-03 2.96415E-03 3.22696E-03 3.21438E-03 3.13397E-03 3.06570E-03 2.71135E-03 3.57224E-03
