Yield function of production of Ti44 by protons, neutrons, alphas, [(Ti44 atoms * cm2) / (g * prim. part. nucleon)] (computed with Geant4.10).
The primaries are protons.
Energy[GeV/nuc],depths[g/cm2]: 0.0 1.0 3.0 5.0 12.04 19.08 26.12 33.16 40.2 47.24 54.28 61.32 68.36 75.4 82.44 89.48 96.52 103.56 110.6 117.64 124.68 131.72 138.76 145.8 152.84 159.88 166.92 173.96 181.0 188.04 195.08 202.12 209.16 216.2
3e-05 2.55209E-07 2.09698E-07 1.45905E-07 8.96115E-08 4.97418E-08 2.51875E-08 1.22025E-08 6.31030E-09 3.76984E-09 2.54074E-09
0.0001 9.14819E-07 8.02494E-07 6.30326E-07 4.52439E-07 2.99216E-07 1.85753E-07 1.14279E-07 7.41096E-08 5.14728E-08 3.76430E-08
0.00017999999999999998 2.51562E-06 2.32459E-06 2.00091E-06 1.61551E-06 1.23253E-06 9.09220E-07 6.73812E-07 5.15356E-07 4.07382E-07 3.30505E-07
0.0003 5.18969E-06 4.97692E-06 4.57635E-06 4.03780E-06 3.44134E-06 2.88417E-06 2.43044E-06 2.08399E-06 1.81589E-06 1.59996E-06
0.0005600000000000001 8.39563E-06 8.23789E-06 7.90480E-06 7.40477E-06 6.79945E-06 6.18901E-06 5.65557E-06 5.22036E-06 4.85709E-06 4.53429E-06
0.001 1.11375E-05 1.10841E-05 1.09389E-05 1.06797E-05 1.03331E-05 9.96717E-06 9.64864E-06 9.39726E-06 9.18021E-06 8.95766E-06
0.003 1.39379E-05 1.40151E-05 1.41239E-05 1.42269E-05 1.43286E-05 1.44591E-05 1.46367E-05 1.48402E-05 1.50158E-05 1.51214E-05
0.01 1.91908E-05 1.94035E-05 1.97794E-05 2.02849E-05 2.09311E-05 2.17142E-05 2.25657E-05 2.33894E-05 2.41227E-05 2.47475E-05
0.03 2.81135E-05 2.84745E-05 2.91476E-05 3.01257E-05 3.14498E-05 3.30639E-05 3.47649E-05 3.63725E-05 3.78518E-05 3.92274E-05
0.1 3.67214E-05 3.72300E-05 3.81854E-05 3.95956E-05 4.15268E-05 4.38709E-05 4.63043E-05 4.85938E-05 5.07498E-05 5.28155E-05
