Yield function of production of Ti44 by protons, neutrons, alphas, pi+ and pi-, [(Ti44 atoms * cm2) / (g * prim. part. nucleon)] (computed with Geant4.10).
The primaries are protons.
Energy[GeV/nuc],depths[g/cm2]: 1 3 5 10 15 20 30 40 50 60 70 80 90 100 110 128.16
0.01 0.00000E+00 0.00000E+00 0.00000E+00 0.00000E+00 0.00000E+00 0.00000E+00 0.00000E+00 0.00000E+00 0.00000E+00 0.00000E+00 0.00000E+00 0.00000E+00 0.00000E+00 0.00000E+00 0.00000E+00 0.00000E+00
0.03 9.85267E-09 7.36463E-17 7.62767E-17 7.90565E-17 8.67481E-17 9.56745E-17 1.94361E-16 4.54999E-16 0.00000E+00 0.00000E+00 0.00000E+00 0.00000E+00 0.00000E+00 0.00000E+00 0.00000E+00 0.00000E+00
0.1 5.37281E-07 2.28710E-07 5.62519E-08 2.44931E-08 4.27828E-10 4.03766E-10 3.46445E-10 2.95513E-10 2.53565E-10 2.21091E-10 1.82032E-10 2.03604E-10 1.70430E-10 1.72445E-10 1.45639E-10 2.66603E-10
0.18 1.92131E-06 1.40828E-06 1.08431E-06 8.00217E-07 3.73951E-07 1.37497E-07 3.14194E-08 1.27362E-08 1.14528E-08 1.03249E-08 1.07610E-08 8.63526E-09 9.18638E-09 8.44117E-09 9.06639E-09 8.67235E-09
0.3 4.17659E-06 4.10024E-06 3.75255E-06 3.18273E-06 2.35902E-06 1.79158E-06 1.41158E-06 8.12379E-07 4.21504E-07 1.93495E-07 1.19587E-07 1.08013E-07 1.09396E-07 1.05295E-07 9.88056E-08 9.68269E-08
0.56 7.83441E-06 7.77296E-06 7.58952E-06 7.18652E-06 6.71931E-06 6.41152E-06 6.03674E-06 5.42030E-06 4.98002E-06 4.28767E-06 3.76133E-06 3.51992E-06 3.25372E-06 2.98071E-06 2.71183E-06 2.49600E-06
1.0 1.09632E-05 1.14542E-05 1.11287E-05 1.08112E-05 1.06267E-05 1.02165E-05 9.85023E-06 9.83972E-06 9.34005E-06 8.95407E-06 8.72275E-06 8.26854E-06 8.32021E-06 8.37264E-06 7.96054E-06 7.77169E-06
3.0 1.02693E-05 1.08559E-05 1.07107E-05 1.11782E-05 1.14291E-05 1.17484E-05 1.17859E-05 1.23305E-05 1.25877E-05 1.26397E-05 1.28257E-05 1.30359E-05 1.23239E-05 1.29064E-05 1.31974E-05 1.26668E-05
10.0 1.35540E-05 1.40410E-05 1.45710E-05 1.49265E-05 1.56923E-05 1.69627E-05 1.72393E-05 1.77409E-05 1.86368E-05 1.87210E-05 1.85399E-05 1.95152E-05 1.97291E-05 1.96024E-05 1.94410E-05 1.85347E-05
30.0 1.79092E-05 1.82471E-05 1.93118E-05 2.05585E-05 2.09193E-05 2.17314E-05 2.26321E-05 2.41107E-05 2.48713E-05 2.70168E-05 2.66122E-05 2.85421E-05 3.08013E-05 2.91451E-05 3.03658E-05 3.07074E-05
100.0 2.65228E-05 2.77146E-05 2.86687E-05 2.94666E-05 3.15094E-05 3.27311E-05 3.41484E-05 3.91007E-05 4.04429E-05 4.31458E-05 4.33859E-05 5.01807E-05 4.82428E-05 4.85567E-05 4.50440E-05 4.64439E-05
