Yield function of production of Ti44 by protons, neutrons, alphas, pi+ and pi-, [(Ti44 atoms * cm2) / (g * prim. part. nucleon)] (computed with Geant4.10).
The primaries are alphas.
Energy[GeV/nuc],depths[g/cm2]: 1 3 5 10 15 20 30 40 50 60 70 80 90 100 110 128.16
0.01 2.90261E-06 8.38858E-15 5.45970E-15 5.94056E-15 6.25630E-15 3.15337E-15 3.49316E-15 4.55994E-15 6.77194E-16 0.00000E+00 0.00000E+00 0.00000E+00 0.00000E+00 0.00000E+00 0.00000E+00 0.00000E+00
0.03 1.06430E-05 1.44346E-07 1.13632E-10 9.48831E-11 8.03262E-11 6.73722E-11 6.54387E-11 5.20597E-11 4.52627E-11 4.17865E-11 3.59657E-11 3.04831E-11 3.75118E-11 4.50962E-11 2.63975E-11 2.77492E-11
0.1 1.26012E-05 1.12566E-05 8.44994E-06 5.57538E-06 2.87099E-08 2.42067E-08 2.17295E-08 1.96730E-08 1.73576E-08 1.71561E-08 1.59956E-08 1.50960E-08 1.31474E-08 1.29061E-08 1.45085E-08 1.41430E-08
0.18 1.03964E-05 9.92650E-06 9.00718E-06 8.30980E-06 6.67707E-06 4.88342E-06 2.88874E-06 2.52372E-07 2.26683E-07 2.06400E-07 1.98517E-07 1.88235E-07 1.90999E-07 1.75551E-07 1.78002E-07 1.81422E-07
0.3 1.12174E-05 1.13623E-05 1.04469E-05 1.00135E-05 9.09073E-06 8.17909E-06 7.10734E-06 5.74228E-06 4.54642E-06 3.41983E-06 2.04010E-06 1.47308E-06 1.36366E-06 1.31840E-06 1.33392E-06 1.30582E-06
0.56 1.51445E-05 1.54376E-05 1.59284E-05 1.56978E-05 1.57395E-05 1.57099E-05 1.52959E-05 1.52592E-05 1.46432E-05 1.42486E-05 1.42527E-05 1.33850E-05 1.46538E-05 1.30103E-05 1.31495E-05 1.20472E-05
1.0 2.09153E-05 2.21647E-05 2.27254E-05 2.31083E-05 2.44989E-05 2.47936E-05 2.62088E-05 2.74370E-05 2.73947E-05 2.69397E-05 2.79242E-05 2.72240E-05 2.70203E-05 2.70275E-05 2.77195E-05 3.59252E-05
3.0 3.03146E-05 3.17318E-05 3.35214E-05 3.43857E-05 3.71241E-05 3.88893E-05 4.01581E-05 4.31487E-05 4.44445E-05 4.64961E-05 4.67471E-05 4.95408E-05 4.92315E-05 5.03897E-05 5.11024E-05 4.96711E-05
10.0 4.36169E-05 4.67116E-05 4.83354E-05 5.06213E-05 5.59272E-05 5.81470E-05 6.11862E-05 6.64203E-05 7.14611E-05 7.35866E-05 7.43878E-05 7.72580E-05 8.30174E-05 8.06216E-05 7.74531E-05 7.80437E-05
30.0 6.22654E-05 6.48411E-05 7.05765E-05 7.24879E-05 7.88711E-05 8.78605E-05 9.15476E-05 9.76980E-05 1.02667E-04 1.10833E-04 1.12517E-04 1.15335E-04 1.19893E-04 1.17861E-04 1.14252E-04 1.14562E-04
100.0 9.07350E-05 9.35275E-05 1.02791E-04 1.05645E-04 1.20488E-04 1.27680E-04 1.37313E-04 1.51209E-04 1.68209E-04 1.66794E-04 1.78796E-04 2.03167E-04 1.99411E-04 2.15524E-04 2.02507E-04 2.05066E-04
