Yield function of production of Ti44 by protons, neutrons, alphas, pi+ and pi-, [(Ti44 atoms * cm2) / (g * prim. part. nucleon)] (computed with Geant4.10).
The primaries are alphas.
Energy[GeV/nuc],depths[g/cm2]: 1 3 5 10 15 20 30 40 50 60 70 80 90 100 110 120 130 140 150 160 170 186
0.01 3.90312E-07 1.98535E-07 1.71732E-07 1.64648E-07 1.53169E-07 1.51922E-07 1.42732E-07 1.31898E-07 1.18026E-07 1.06651E-07 8.07121E-08 6.89325E-08 6.21917E-08 5.20088E-08 4.89124E-08 3.89561E-08 2.39879E-08 3.83241E-08 2.08554E-08 2.24658E-08 2.48686E-08 1.27504E-08
0.03 3.51865E-06 3.87088E-06 2.98075E-06 2.87874E-06 2.74663E-06 2.72546E-06 2.69520E-06 2.54099E-06 2.38726E-06 2.16598E-06 1.96319E-06 1.80351E-06 1.51400E-06 1.33349E-06 1.19723E-06 1.07216E-06 9.90800E-07 9.12686E-07 7.69231E-07 6.55368E-07 5.33087E-07 5.67008E-07
0.1 4.41315E-05 6.20057E-05 7.46814E-05 7.91261E-05 7.60029E-05 7.56529E-05 7.56446E-05 7.57222E-05 7.42187E-05 7.12116E-05 6.73560E-05 6.27774E-05 5.96598E-05 5.58991E-05 5.12324E-05 4.79181E-05 4.66765E-05 4.31395E-05 4.00228E-05 3.97137E-05 3.80746E-05 5.88371E-05
0.18 1.13956E-04 1.46932E-04 1.89286E-04 2.17721E-04 2.64648E-04 2.90586E-04 3.07939E-04 3.14348E-04 3.15457E-04 3.13652E-04 3.05896E-04 2.89090E-04 2.84140E-04 2.73263E-04 2.65908E-04 2.47371E-04 2.35079E-04 2.33110E-04 2.16662E-04 2.06842E-04 2.18669E-04 2.06959E-04
0.3 2.36880E-04 2.95090E-04 3.61487E-04 4.26704E-04 5.39975E-04 6.50216E-04 7.35148E-04 8.66063E-04 9.46203E-04 9.87268E-04 9.99033E-04 9.81957E-04 9.53911E-04 9.45933E-04 9.04183E-04 8.82695E-04 8.69505E-04 9.25141E-04 8.49828E-04 7.91783E-04 7.47771E-04 7.53276E-04
0.56 4.93024E-04 5.90994E-04 7.40861E-04 8.57838E-04 1.12120E-03 1.36600E-03 1.57579E-03 1.92238E-03 2.19992E-03 2.40520E-03 2.59585E-03 2.76031E-03 2.83898E-03 2.91817E-03 2.91362E-03 2.93650E-03 2.97112E-03 3.01924E-03 2.98305E-03 2.99796E-03 2.83919E-03 2.93407E-03
1.0 8.33953E-04 1.00872E-03 1.24440E-03 1.47454E-03 1.90972E-03 2.33201E-03 2.70225E-03 3.35260E-03 3.89311E-03 4.33610E-03 4.67557E-03 4.93469E-03 5.19754E-03 5.28627E-03 5.43496E-03 5.52189E-03 5.69514E-03 5.63409E-03 5.65173E-03 5.89564E-03 5.72310E-03 5.65834E-03
3.0 1.83492E-03 2.20079E-03 2.74542E-03 3.18862E-03 4.22260E-03 5.10695E-03 5.98388E-03 7.46007E-03 8.78697E-03 9.90334E-03 1.07444E-02 1.15043E-02 1.21172E-02 1.27142E-02 1.31339E-02 1.34153E-02 1.38009E-02 1.39595E-02 1.42073E-02 1.41762E-02 1.40465E-02 1.50516E-02
10.0 4.25640E-03 5.06745E-03 6.29772E-03 7.34485E-03 9.73902E-03 1.19829E-02 1.39508E-02 1.78536E-02 2.08080E-02 2.36569E-02 2.60122E-02 2.80256E-02 2.94290E-02 3.09433E-02 3.21638E-02 3.32245E-02 3.38882E-02 3.40747E-02 3.48007E-02 3.52334E-02 3.57963E-02 3.57456E-02
30.0 8.42730E-03 1.01322E-02 1.24873E-02 1.45814E-02 1.94994E-02 2.38636E-02 2.79999E-02 3.58529E-02 4.26435E-02 4.82271E-02 5.34176E-02 5.72449E-02 6.10941E-02 6.44374E-02 6.71422E-02 6.96090E-02 7.13087E-02 7.29103E-02 7.49519E-02 7.54216E-02 7.64752E-02 7.63979E-02
100.0 1.73028E-02 2.04358E-02 2.55766E-02 2.98864E-02 3.96512E-02 4.86972E-02 5.69719E-02 7.29678E-02 8.60276E-02 9.86977E-02 1.10254E-01 1.20298E-01 1.31072E-01 1.36767E-01 1.43072E-01 1.52482E-01 1.57020E-01 1.61607E-01 1.65572E-01 1.68756E-01 1.75185E-01 1.76573E-01
