Yield function of production of Ti44 by protons, neutrons, alphas, pi+ and pi-, [(Ti44 atoms * cm2) / (g * prim. part. nucleon)] (computed with Geant4.10).
The primaries are protons.
Energy[GeV/nuc],depths[g/cm2]: 1 3 5 10 15 20 30 40 50 60 70 80 90 100 110 120 130 140 150 160 170 186
0.01 2.04028E-04 2.33069E-08 2.12981E-08 1.99724E-08 1.88720E-08 2.02430E-08 1.76214E-08 1.50884E-08 1.34756E-08 1.15374E-08 9.20438E-09 7.03837E-09 5.42403E-09 3.93682E-09 2.53459E-09 2.26205E-09 2.46210E-09 1.38251E-09 6.73264E-10 2.27459E-10 0.00000E+00 0.00000E+00
0.03 2.06744E-04 2.69508E-05 4.11127E-07 3.81509E-07 3.60234E-07 3.40786E-07 3.26714E-07 3.01990E-07 2.63666E-07 2.22446E-07 1.93650E-07 1.63059E-07 1.33386E-07 1.24033E-07 8.88885E-08 8.19939E-08 6.71465E-08 5.49270E-08 4.48560E-08 3.97970E-08 3.95037E-08 2.23024E-08
0.1 2.18853E-04 1.97470E-04 1.51734E-04 1.10006E-04 1.17168E-05 1.13469E-05 1.10378E-05 1.06165E-05 9.96559E-06 9.01159E-06 8.31596E-06 7.28882E-06 6.97192E-06 5.94642E-06 5.37601E-06 4.76148E-06 4.37028E-06 3.85827E-06 3.59619E-06 4.36221E-06 3.97836E-06 3.34458E-06
0.18 3.41332E-05 5.81438E-05 7.35638E-05 9.13329E-05 1.35321E-04 1.39529E-04 1.02957E-04 5.12292E-05 5.04787E-05 4.70638E-05 4.35625E-05 4.08859E-05 3.92726E-05 3.53213E-05 3.29312E-05 3.14562E-05 2.92413E-05 2.82448E-05 2.60355E-05 2.73857E-05 2.50916E-05 2.31869E-05
0.3 5.75889E-05 7.17518E-05 8.77813E-05 1.07970E-04 1.37214E-04 1.53116E-04 1.72529E-04 1.92743E-04 2.04587E-04 2.11048E-04 1.75467E-04 1.52824E-04 1.48875E-04 1.41438E-04 1.35660E-04 1.27161E-04 1.17392E-04 1.16913E-04 1.14566E-04 1.18166E-04 1.07100E-04 1.02712E-04
0.56 1.15324E-04 1.41214E-04 1.73493E-04 2.03162E-04 2.59622E-04 3.13971E-04 3.54727E-04 4.30778E-04 4.82099E-04 5.20621E-04 5.47987E-04 5.61380E-04 5.64854E-04 5.82408E-04 5.80393E-04 5.75224E-04 5.54367E-04 5.56007E-04 5.59389E-04 5.56413E-04 5.45000E-04 5.52630E-04
1.0 2.03566E-04 2.44881E-04 3.10294E-04 3.54290E-04 4.63487E-04 5.58183E-04 6.45800E-04 7.81681E-04 9.09468E-04 9.92060E-04 1.05000E-03 1.11143E-03 1.18437E-03 1.19159E-03 1.20946E-03 1.21084E-03 1.21724E-03 1.21575E-03 1.26359E-03 1.25996E-03 1.22810E-03 1.23372E-03
3.0 4.46761E-04 5.34141E-04 6.56615E-04 7.75224E-04 1.01742E-03 1.24473E-03 1.43906E-03 1.80859E-03 2.11318E-03 2.37116E-03 2.57889E-03 2.75052E-03 2.95259E-03 3.02209E-03 3.12418E-03 3.22243E-03 3.27620E-03 3.37366E-03 3.45207E-03 3.53342E-03 3.31482E-03 3.40483E-03
10.0 1.11117E-03 1.32995E-03 1.66425E-03 1.93164E-03 2.55750E-03 3.09939E-03 3.60573E-03 4.50596E-03 5.25665E-03 5.96234E-03 6.47192E-03 6.90183E-03 7.21660E-03 7.52870E-03 7.74696E-03 8.01996E-03 8.11595E-03 8.13666E-03 8.40938E-03 8.48751E-03 8.37605E-03 8.30361E-03
30.0 1.99639E-03 2.41838E-03 2.98144E-03 3.50737E-03 4.59091E-03 5.64322E-03 6.66771E-03 8.46108E-03 9.99760E-03 1.13897E-02 1.24654E-02 1.34075E-02 1.43249E-02 1.50001E-02 1.57589E-02 1.60938E-02 1.65711E-02 1.68592E-02 1.71624E-02 1.73530E-02 1.78551E-02 1.81642E-02
100.0 4.28489E-03 5.04676E-03 6.34520E-03 7.31834E-03 9.84584E-03 1.21526E-02 1.43930E-02 1.80108E-02 2.15797E-02 2.43997E-02 2.72110E-02 2.99653E-02 3.15092E-02 3.34548E-02 3.52077E-02 3.69588E-02 3.78338E-02 3.86116E-02 4.06743E-02 4.16664E-02 4.18630E-02 4.12921E-02
