Yield function of production of Ti44 by protons, neutrons, alphas, pi+ and pi-, [(Ti44 atoms * cm2) / (g * prim. part. nucleon)] (computed with Geant4.10).
The primaries are protons.
Energy[GeV/nuc],depths[g/cm2]: 1 3 5 10 15 20 30 40 50 60 74.4
0.01 0.00000E+00 0.00000E+00 0.00000E+00 0.00000E+00 0.00000E+00 0.00000E+00 0.00000E+00 0.00000E+00 0.00000E+00 0.00000E+00 0.00000E+00
0.03 9.58539E-09 4.94882E-16 1.76133E-16 0.00000E+00 0.00000E+00 0.00000E+00 0.00000E+00 0.00000E+00 0.00000E+00 0.00000E+00 0.00000E+00
0.1 6.60190E-07 2.68700E-07 5.94134E-08 2.52933E-08 4.73036E-10 4.43866E-10 4.15737E-10 3.63088E-10 3.26616E-10 3.07439E-10 2.50018E-10
0.18 2.54495E-06 1.93822E-06 1.43111E-06 1.05973E-06 5.05160E-07 1.89327E-07 4.26869E-08 1.79779E-08 1.68138E-08 1.68355E-08 1.71282E-08
0.3 5.39218E-06 5.51225E-06 4.94507E-06 4.33471E-06 3.60199E-06 2.85412E-06 2.38113E-06 1.37043E-06 7.82529E-07 3.46312E-07 1.89700E-07
0.56 1.13096E-05 1.14859E-05 1.17098E-05 1.10816E-05 1.04081E-05 1.00620E-05 9.62754E-06 9.59159E-06 8.98547E-06 8.22122E-06 7.74676E-06
1.0 1.54643E-05 1.55255E-05 1.51723E-05 1.51101E-05 1.50714E-05 1.47530E-05 1.48353E-05 1.43174E-05 1.42358E-05 1.35878E-05 1.45096E-05
3.0 1.32205E-05 1.35645E-05 1.36797E-05 1.39027E-05 1.43214E-05 1.47287E-05 1.46807E-05 1.53257E-05 1.56389E-05 1.72205E-05 1.64201E-05
10.0 1.61527E-05 1.66701E-05 1.68365E-05 1.75030E-05 1.84261E-05 1.92275E-05 1.99805E-05 2.03813E-05 2.19666E-05 2.15211E-05 2.14866E-05
30.0 1.80464E-05 1.89313E-05 1.96429E-05 1.96113E-05 2.08029E-05 2.24371E-05 2.25325E-05 2.43293E-05 2.44240E-05 2.55793E-05 2.61837E-05
100.0 2.27976E-05 2.40839E-05 2.51019E-05 2.56583E-05 2.76680E-05 2.85964E-05 2.98331E-05 3.24629E-05 3.27419E-05 3.36213E-05 3.48206E-05
