Yield function of production of Ti44 by protons, neutrons, alphas, pi+ and pi-, [(Ti44 atoms * cm2) / (g * prim. part. nucleon)] (computed with Geant4.10).
The primaries are alphas.
Energy[GeV/nuc],depths[g/cm2]: 1 3 5 10 15 20 30 40 50 60 74.4
0.01 3.62097E-06 1.15728E-14 1.21137E-14 2.38953E-14 8.95609E-15 6.80640E-15 5.29276E-15 7.06376E-15 0.00000E+00 0.00000E+00 0.00000E+00
0.03 1.35303E-05 1.94935E-07 1.14470E-10 1.06349E-10 9.25651E-11 8.12442E-11 7.49588E-11 7.31878E-11 5.71936E-11 5.94565E-11 6.32668E-11
0.1 1.65515E-05 1.46630E-05 1.10758E-05 7.47886E-06 3.72738E-08 3.24473E-08 3.14319E-08 2.69774E-08 2.71481E-08 2.53062E-08 4.26952E-08
0.18 1.37537E-05 1.38519E-05 1.25328E-05 1.18217E-05 9.53847E-06 7.13469E-06 4.45045E-06 3.70688E-07 3.54539E-07 3.37001E-07 3.04171E-07
0.3 1.62780E-05 1.55239E-05 1.54078E-05 1.48642E-05 1.30347E-05 1.21527E-05 1.11422E-05 1.12494E-05 8.45867E-06 7.08850E-06 4.57359E-06
0.56 2.14270E-05 2.20795E-05 2.24954E-05 2.25278E-05 2.27602E-05 2.29205E-05 2.26233E-05 2.24382E-05 2.27717E-05 2.39282E-05 2.22324E-05
1.0 2.80739E-05 2.88678E-05 2.98432E-05 3.09570E-05 3.23190E-05 3.32321E-05 3.33441E-05 3.53253E-05 3.61363E-05 3.73775E-05 3.70338E-05
3.0 3.67044E-05 3.86468E-05 4.05069E-05 4.13554E-05 4.47163E-05 4.65759E-05 4.88922E-05 5.03425E-05 5.23189E-05 5.26517E-05 5.31612E-05
10.0 4.75846E-05 5.02978E-05 5.41314E-05 5.64746E-05 6.08068E-05 6.42774E-05 6.69150E-05 7.06157E-05 7.42953E-05 7.38305E-05 8.19991E-05
30.0 5.99729E-05 6.28265E-05 6.66706E-05 7.10934E-05 7.57227E-05 8.21610E-05 8.82121E-05 9.41417E-05 9.86278E-05 1.00797E-04 1.04777E-04
100.0 6.55371E-05 7.83132E-05 7.46102E-05 8.48746E-05 8.97584E-05 1.03276E-04 1.09494E-04 1.18171E-04 1.53735E-04 1.66003E-04 1.45355E-04
