Yield function of production of Ti44 by protons, neutrons, alphas, [(Ti44 atoms * cm2) / (g * prim. part. nucleon)] (computed with Geant4.10).
The primaries are protons.
Energy[GeV/nuc],depths[g/cm2]: 0 1 3 5 12.14 19.28 26.42 33.56 40.7 47.84 54.98 62.12 69.26 76.4 83.54 90.68 97.82 104.96 112.1 119.24 126.38 133.52 140.66 147.8 154.94 162.08 169.22 176.36 183.5 190.64 197.78 204.92 212.06 219.2 226.34 233.48 240.62 247.76 254.9 262.04 269.18 276.32 283.46 290.6
0.03 9.85842E-09 1.06393E-16 1.10166E-16 9.32241E-17 9.97020E-17 0.00000E+00 0.00000E+00 0.00000E+00 0.00000E+00 0.00000E+00 0.00000E+00 0.00000E+00 0.00000E+00 0.00000E+00 0.00000E+00 0.00000E+00 0.00000E+00 0.00000E+00 0.00000E+00 0.00000E+00 0.00000E+00 0.00000E+00 0.00000E+00 0.00000E+00 0.00000E+00 0.00000E+00 0.00000E+00 0.00000E+00 0.00000E+00 0.00000E+00 0.00000E+00 0.00000E+00 0.00000E+00 0.00000E+00 0.00000E+00 0.00000E+00 0.00000E+00 0.00000E+00 0.00000E+00 0.00000E+00 0.00000E+00 0.00000E+00 0.00000E+00 0.00000E+00
0.1 6.44426E-07 2.56972E-07 5.63065E-08 2.36116E-08 3.28313E-10 2.65253E-10 2.22777E-10 1.91868E-10 1.66434E-10 1.45177E-10 1.27139E-10 1.12207E-10 1.00409E-10 9.03372E-11 8.03008E-11 7.30803E-11 6.68302E-11 6.12786E-11 5.48036E-11 5.01222E-11 4.57191E-11 4.26246E-11 3.87430E-11 3.57879E-11 3.40986E-11 3.31609E-11 2.88797E-11 3.06057E-11 2.64067E-11 2.38950E-11 2.07029E-11 2.02159E-11 1.93321E-11 1.78005E-11 1.79808E-11 1.84830E-11 1.52483E-11 1.60325E-11 1.87622E-11 2.11768E-11 8.12917E-12 9.28686E-12 1.59838E-11 2.02302E-11
0.18 2.28608E-06 1.66477E-06 1.27476E-06 9.33548E-07 2.77704E-07 3.77544E-08 1.09945E-08 9.75864E-09 8.85889E-09 8.01320E-09 7.37829E-09 6.82918E-09 6.38761E-09 5.79770E-09 5.40877E-09 5.09286E-09 4.78414E-09 4.63421E-09 4.24844E-09 3.95715E-09 3.77232E-09 3.60290E-09 3.42832E-09 3.22927E-09 3.01624E-09 2.86139E-09 2.80847E-09 2.69559E-09 2.72993E-09 2.50777E-09 2.39099E-09 2.36028E-09 2.22616E-09 2.21903E-09 2.19005E-09 2.18888E-09 2.03541E-09 1.89606E-09 1.93439E-09 1.92274E-09 1.72095E-09 1.76261E-09 2.00072E-09 1.37947E-09
0.3 4.89035E-06 4.60967E-06 3.92268E-06 3.37999E-06 2.21436E-06 1.49771E-06 9.87384E-07 6.22784E-07 3.65118E-07 1.97005E-07 1.08647E-07 8.63384E-08 8.12771E-08 7.58325E-08 7.20400E-08 6.77149E-08 6.34460E-08 6.06361E-08 5.73248E-08 5.45048E-08 5.21750E-08 5.02077E-08 4.81488E-08 4.58695E-08 4.38842E-08 4.27710E-08 4.07232E-08 4.10470E-08 3.85250E-08 3.74909E-08 3.67787E-08 3.61839E-08 3.61018E-08 3.32146E-08 3.38511E-08 3.42340E-08 3.11256E-08 3.11636E-08 3.14495E-08 3.03270E-08 3.45664E-08 2.92528E-08 2.99600E-08 2.51852E-08
0.56 8.58321E-06 8.55261E-06 8.13320E-06 7.79356E-06 6.59297E-06 5.78732E-06 5.07197E-06 4.47133E-06 3.91369E-06 3.42724E-06 3.00988E-06 2.65416E-06 2.32269E-06 2.05025E-06 1.80603E-06 1.58056E-06 1.38384E-06 1.19596E-06 1.03669E-06 8.85848E-07 7.69317E-07 6.64597E-07 5.77890E-07 5.08979E-07 4.59615E-07 4.27315E-07 4.05431E-07 3.94889E-07 3.89199E-07 3.73066E-07 3.67861E-07 3.59059E-07 3.52339E-07 3.45034E-07 3.45861E-07 3.33570E-07 3.32990E-07 3.30608E-07 3.14161E-07 3.10424E-07 3.22397E-07 3.15424E-07 3.49172E-07 3.36414E-07
1.0 1.13596E-05 1.13594E-05 1.10894E-05 1.09001E-05 9.95044E-06 9.36926E-06 8.88469E-06 8.39605E-06 7.95881E-06 7.61360E-06 7.12932E-06 6.91694E-06 6.62250E-06 6.17903E-06 5.95964E-06 5.63561E-06 5.41151E-06 5.16893E-06 4.91359E-06 4.72520E-06 4.47843E-06 4.26460E-06 4.13872E-06 3.90616E-06 3.77839E-06 3.60472E-06 3.55942E-06 3.44774E-06 3.33134E-06 3.25369E-06 3.19811E-06 2.99707E-06 2.97164E-06 2.86788E-06 2.78058E-06 2.69958E-06 2.56844E-06 2.56338E-06 2.77003E-06 2.53411E-06 2.54845E-06 2.44241E-06 2.46539E-06 2.12090E-06
3.0 1.09542E-05 1.10392E-05 1.13230E-05 1.14403E-05 1.14919E-05 1.17994E-05 1.19776E-05 1.20707E-05 1.21444E-05 1.21997E-05 1.22082E-05 1.22476E-05 1.22758E-05 1.22429E-05 1.21635E-05 1.22329E-05 1.20567E-05 1.18958E-05 1.19129E-05 1.17911E-05 1.17760E-05 1.16306E-05 1.14830E-05 1.15250E-05 1.13084E-05 1.12391E-05 1.10730E-05 1.10811E-05 1.11095E-05 1.09271E-05 1.09035E-05 1.08560E-05 1.06659E-05 1.08989E-05 1.07973E-05 1.04380E-05 1.04262E-05 1.06576E-05 1.01690E-05 1.02139E-05 1.02176E-05 1.02789E-05 9.79126E-06 1.12178E-05
10.0 1.63104E-05 1.68200E-05 1.75912E-05 1.81569E-05 1.90134E-05 2.00852E-05 2.09300E-05 2.13444E-05 2.21485E-05 2.24091E-05 2.29136E-05 2.29374E-05 2.33522E-05 2.35341E-05 2.35360E-05 2.39494E-05 2.38573E-05 2.39752E-05 2.40089E-05 2.40479E-05 2.42382E-05 2.41858E-05 2.44135E-05 2.40362E-05 2.43166E-05 2.42741E-05 2.41108E-05 2.40678E-05 2.36803E-05 2.38931E-05 2.37501E-05 2.41844E-05 2.42171E-05 2.36723E-05 2.37180E-05 2.36227E-05 2.38769E-05 2.35838E-05 2.33662E-05 2.39091E-05 2.40268E-05 2.36396E-05 2.34028E-05 2.10567E-05
30.0 2.53019E-05 2.58576E-05 2.70422E-05 2.79893E-05 2.97850E-05 3.15189E-05 3.31154E-05 3.51396E-05 3.62514E-05 3.76589E-05 3.89405E-05 4.03592E-05 4.10645E-05 4.19408E-05 4.31505E-05 4.39657E-05 4.43942E-05 4.52552E-05 4.57230E-05 4.67702E-05 4.64833E-05 4.61222E-05 4.77001E-05 4.82130E-05 4.82755E-05 4.82496E-05 4.85219E-05 4.92480E-05 4.94012E-05 4.99368E-05 5.05558E-05 4.98789E-05 5.06332E-05 5.09826E-05 4.98308E-05 5.03843E-05 4.92881E-05 5.12999E-05 4.92574E-05 5.05411E-05 4.98966E-05 5.31418E-05 4.69797E-05 4.64212E-05
100.0 4.92934E-05 5.06425E-05 5.22097E-05 5.48359E-05 5.79059E-05 6.27874E-05 6.61411E-05 7.08401E-05 7.33261E-05 7.76317E-05 8.12258E-05 8.36021E-05 8.60336E-05 8.85216E-05 9.01726E-05 9.36695E-05 9.45544E-05 9.62628E-05 1.00767E-04 1.00657E-04 1.03095E-04 1.03050E-04 1.04293E-04 1.05231E-04 1.08057E-04 1.08297E-04 1.08349E-04 1.09932E-04 1.11826E-04 1.12620E-04 1.19605E-04 1.13490E-04 1.13257E-04 1.13299E-04 1.15109E-04 1.15898E-04 1.17016E-04 1.15170E-04 1.16993E-04 1.17978E-04 1.16711E-04 1.20776E-04 1.14390E-04 1.08564E-04
