Yield function of production of Ti44 by protons, neutrons, alphas, [(Ti44 atoms * cm2) / (g * prim. part. nucleon)] (computed with Geant4.10).
The primaries are alphas.
Energy[GeV/nuc],depths[g/cm2]: 0 1 3 5 12.14 19.28 26.42 33.56 40.7 47.84 54.98 62.12 69.26 76.4 83.54 90.68 97.82 104.96 112.1 119.24 126.38 133.52 140.66 147.8 154.94 162.08 169.22 176.36 183.5 190.64 197.78 204.92 212.06 219.2 226.34 233.48 240.62 247.76 254.9 262.04 269.18 276.32 283.46 290.6
0.03 1.33953E-05 1.19242E-07 8.96844E-11 7.61306E-11 5.48178E-11 4.46358E-11 3.75892E-11 3.16764E-11 2.82396E-11 2.40213E-11 2.21710E-11 1.88443E-11 1.65410E-11 1.46900E-11 1.34399E-11 1.21294E-11 1.03329E-11 9.98900E-12 8.69541E-12 7.73491E-12 7.60377E-12 6.48460E-12 7.01708E-12 6.48329E-12 5.36607E-12 5.17071E-12 4.25502E-12 4.61389E-12 4.16269E-12 4.62811E-12 3.87107E-12 3.86343E-12 3.45118E-12 3.81366E-12 3.17545E-12 3.29792E-12 2.55056E-12 2.95970E-12 3.24154E-12 2.38012E-12 2.36030E-12 3.27929E-12 1.55820E-12 0.00000E+00
0.1 1.53386E-05 1.37781E-05 1.02615E-05 6.77774E-06 2.67656E-08 2.17580E-08 1.89970E-08 1.71640E-08 1.55595E-08 1.43456E-08 1.31564E-08 1.23163E-08 1.14523E-08 1.06771E-08 9.96688E-09 9.27197E-09 8.66555E-09 8.21345E-09 7.74315E-09 7.30400E-09 6.90073E-09 6.57685E-09 6.21198E-09 5.98533E-09 5.68171E-09 5.42975E-09 5.28721E-09 5.08350E-09 4.91678E-09 4.84176E-09 4.63123E-09 4.40224E-09 4.30601E-09 4.12967E-09 4.04736E-09 4.00069E-09 3.72328E-09 4.50117E-09 3.84994E-09 3.53204E-09 3.47046E-09 3.50872E-09 4.91720E-09 3.68043E-09
0.18 1.22353E-05 1.16768E-05 1.04355E-05 9.68107E-06 6.58559E-06 3.51981E-06 4.52371E-07 2.25263E-07 2.03119E-07 1.85620E-07 1.72083E-07 1.60663E-07 1.49435E-07 1.39950E-07 1.32345E-07 1.24012E-07 1.18532E-07 1.12227E-07 1.06860E-07 1.02168E-07 9.74110E-08 9.32221E-08 8.86956E-08 8.62154E-08 8.27875E-08 7.97325E-08 7.72664E-08 7.45558E-08 7.21155E-08 7.02012E-08 6.87296E-08 6.61442E-08 6.51722E-08 6.30947E-08 6.19623E-08 6.11413E-08 6.04379E-08 6.06739E-08 5.99898E-08 6.18192E-08 5.51615E-08 5.58234E-08 5.27863E-08 5.28062E-08
0.3 1.30314E-05 1.27345E-05 1.18316E-05 1.10587E-05 8.75428E-06 7.32051E-06 6.09932E-06 5.06522E-06 4.15379E-06 3.29110E-06 2.38620E-06 1.45769E-06 1.14895E-06 1.07735E-06 1.01496E-06 9.61891E-07 9.13121E-07 8.69266E-07 8.29552E-07 7.92434E-07 7.65412E-07 7.34463E-07 7.05081E-07 6.82133E-07 6.57965E-07 6.34733E-07 6.14310E-07 6.02340E-07 5.78260E-07 5.62397E-07 5.49259E-07 5.37256E-07 5.25024E-07 5.13752E-07 5.09082E-07 4.98724E-07 4.88274E-07 4.83342E-07 4.81067E-07 4.82354E-07 4.79678E-07 4.63605E-07 4.54610E-07 4.33108E-07
0.56 1.59173E-05 1.60162E-05 1.60471E-05 1.60965E-05 1.53203E-05 1.47570E-05 1.41647E-05 1.35600E-05 1.28593E-05 1.22002E-05 1.15827E-05 1.09214E-05 1.03322E-05 9.76899E-06 9.22154E-06 8.71593E-06 8.24580E-06 7.76872E-06 7.38042E-06 7.00169E-06 6.66994E-06 6.31514E-06 6.02348E-06 5.76468E-06 5.49895E-06 5.24583E-06 4.99342E-06 4.81555E-06 4.68170E-06 4.57557E-06 4.47156E-06 4.37454E-06 4.27650E-06 4.22349E-06 4.15706E-06 4.09395E-06 4.08287E-06 3.96397E-06 3.90513E-06 3.88937E-06 3.89891E-06 3.82419E-06 3.72202E-06 3.44876E-06
1.0 2.05476E-05 2.13373E-05 2.20943E-05 2.28576E-05 2.34699E-05 2.41487E-05 2.43843E-05 2.45776E-05 2.44820E-05 2.42572E-05 2.39310E-05 2.34695E-05 2.30894E-05 2.26263E-05 2.21596E-05 2.16577E-05 2.11282E-05 2.05809E-05 2.01974E-05 1.96837E-05 1.93123E-05 1.89529E-05 1.84552E-05 1.79487E-05 1.75604E-05 1.71491E-05 1.68187E-05 1.64478E-05 1.62362E-05 1.57729E-05 1.54578E-05 1.54357E-05 1.49412E-05 1.47591E-05 1.47188E-05 1.43500E-05 1.42294E-05 1.40261E-05 1.36671E-05 1.38220E-05 1.41017E-05 1.36264E-05 1.30862E-05 1.33677E-05
3.0 3.18164E-05 3.33559E-05 3.52538E-05 3.68612E-05 3.94518E-05 4.18081E-05 4.35174E-05 4.48029E-05 4.57617E-05 4.65048E-05 4.68531E-05 4.75167E-05 4.78627E-05 4.78253E-05 4.76421E-05 4.77844E-05 4.77514E-05 4.78170E-05 4.76315E-05 4.72581E-05 4.70940E-05 4.71860E-05 4.69283E-05 4.65907E-05 4.61967E-05 4.60980E-05 4.60195E-05 4.56012E-05 4.58367E-05 4.53383E-05 4.49352E-05 4.49915E-05 4.44801E-05 4.43448E-05 4.39335E-05 4.34764E-05 4.36273E-05 4.33266E-05 4.28776E-05 4.29331E-05 4.33800E-05 4.29484E-05 4.26729E-05 4.26936E-05
10.0 5.29259E-05 5.56431E-05 5.90278E-05 6.22362E-05 6.76164E-05 7.31940E-05 7.76333E-05 8.10531E-05 8.42008E-05 8.68279E-05 8.85196E-05 9.03816E-05 9.19904E-05 9.28732E-05 9.44084E-05 9.48760E-05 9.56734E-05 9.62558E-05 9.67664E-05 9.76285E-05 9.72643E-05 9.80656E-05 9.80300E-05 9.86736E-05 9.86658E-05 9.88913E-05 9.92962E-05 9.92918E-05 9.85680E-05 9.92579E-05 9.89981E-05 9.92682E-05 9.85942E-05 9.88872E-05 9.84561E-05 1.00256E-04 9.78316E-05 9.95348E-05 9.67717E-05 9.80323E-05 9.78870E-05 9.56436E-05 9.55955E-05 9.34488E-05
30.0 8.97612E-05 9.36481E-05 9.81555E-05 1.03345E-04 1.12306E-04 1.22133E-04 1.30673E-04 1.38204E-04 1.45289E-04 1.51345E-04 1.55763E-04 1.60517E-04 1.63929E-04 1.68050E-04 1.72273E-04 1.74859E-04 1.78418E-04 1.80672E-04 1.83394E-04 1.85718E-04 1.87975E-04 1.91623E-04 1.90448E-04 1.93321E-04 1.96431E-04 1.97543E-04 1.98040E-04 2.00085E-04 1.98975E-04 2.00843E-04 2.01323E-04 2.01550E-04 1.98346E-04 2.01390E-04 2.04838E-04 2.04851E-04 2.02149E-04 2.03720E-04 2.04900E-04 2.04405E-04 2.04822E-04 2.05541E-04 2.14225E-04 2.04493E-04
100.0 1.71200E-04 1.77914E-04 1.87090E-04 1.96616E-04 2.14367E-04 2.34416E-04 2.53621E-04 2.68441E-04 2.84937E-04 2.96384E-04 3.13983E-04 3.25517E-04 3.33420E-04 3.43439E-04 3.53958E-04 3.62608E-04 3.70067E-04 3.76263E-04 3.85866E-04 3.93724E-04 4.00770E-04 4.07643E-04 4.14751E-04 4.16694E-04 4.23479E-04 4.29354E-04 4.28751E-04 4.32026E-04 4.35199E-04 4.33196E-04 4.37213E-04 4.41287E-04 4.43965E-04 4.42247E-04 4.44648E-04 4.56536E-04 4.51427E-04 4.57184E-04 4.51488E-04 4.42830E-04 4.51457E-04 4.57492E-04 4.55526E-04 4.78012E-04
