Yield function of production of Ti44 by protons, neutrons, alphas, pi+ and pi-, [(Ti44 atoms * cm2) / (g * prim. part. nucleon)] (computed with Geant4.10).
The primaries are protons.
Energy[GeV/nuc],depths[g/cm2]: 1 3 5 10 15 20 30 40 50 60 70 80 90 100 110 120 130 140 150 160 170 180 190 200 210 220 230 240 250 260 270 280 290 300.9
0.01 1.06960E-04 2.00967E-08 1.71781E-08 1.61739E-08 1.53304E-08 1.51904E-08 1.27983E-08 1.05427E-08 8.31319E-09 5.84869E-09 4.62561E-09 3.65278E-09 2.73966E-09 2.02757E-09 1.22206E-09 8.68787E-10 6.00120E-10 1.15682E-10 1.25598E-10 1.22703E-10 4.79675E-11 9.73843E-11 5.97644E-11 8.72089E-12 0.00000E+00 0.00000E+00 0.00000E+00 0.00000E+00 0.00000E+00 0.00000E+00 0.00000E+00 0.00000E+00 0.00000E+00 0.00000E+00
0.03 1.08319E-04 1.36844E-05 3.43049E-07 3.20736E-07 2.94351E-07 2.81718E-07 2.68589E-07 2.24437E-07 1.88719E-07 1.53116E-07 1.23148E-07 9.42404E-08 7.31921E-08 6.17403E-08 4.45225E-08 3.09880E-08 2.27525E-08 1.88751E-08 1.53468E-08 1.17540E-08 8.44004E-09 6.38499E-09 5.76554E-09 4.92398E-09 3.80978E-09 2.50420E-09 1.53471E-09 2.90213E-09 2.69237E-09 6.63150E-10 1.59033E-09 5.05151E-09 4.65650E-09 0.00000E+00
0.1 1.17197E-04 1.06379E-04 8.32639E-05 6.11896E-05 1.11147E-05 1.05624E-05 1.01129E-05 8.99956E-06 8.48981E-06 7.17279E-06 6.25736E-06 4.99488E-06 4.25469E-06 3.66108E-06 3.20843E-06 2.57172E-06 2.22053E-06 1.76264E-06 1.60275E-06 1.35703E-06 1.26776E-06 1.20286E-06 7.90915E-07 6.88784E-07 6.40891E-07 5.50621E-07 4.43773E-07 2.82991E-07 3.24112E-07 3.16997E-07 2.03237E-07 2.32931E-07 3.01922E-07 0.00000E+00
0.18 2.52118E-05 3.65211E-05 5.03609E-05 6.21232E-05 8.91287E-05 9.00062E-05 7.10553E-05 4.46104E-05 4.12605E-05 3.78971E-05 3.39504E-05 3.01120E-05 2.64306E-05 2.35817E-05 2.08212E-05 1.84578E-05 1.69325E-05 1.44180E-05 1.31331E-05 1.14923E-05 1.08918E-05 9.49027E-06 9.15750E-06 8.68860E-06 8.15715E-06 7.34341E-06 7.59218E-06 7.63375E-06 7.21947E-06 6.19354E-06 5.79229E-06 7.37283E-06 5.41794E-06 8.47114E-06
0.3 4.67023E-05 5.78351E-05 7.37549E-05 8.54178E-05 1.07797E-04 1.25071E-04 1.37951E-04 1.51539E-04 1.53782E-04 1.53805E-04 1.28175E-04 1.12225E-04 1.02742E-04 9.45961E-05 8.71948E-05 7.93241E-05 7.09385E-05 6.52092E-05 6.22954E-05 5.73778E-05 5.33880E-05 5.11652E-05 4.60738E-05 4.59393E-05 4.03544E-05 4.15215E-05 4.03589E-05 3.63419E-05 3.89006E-05 3.61585E-05 3.08069E-05 3.48608E-05 2.21489E-05 2.27084E-05
0.56 9.37804E-05 1.14649E-04 1.43990E-04 1.64170E-04 2.14933E-04 2.52148E-04 2.94352E-04 3.40038E-04 3.75334E-04 3.90461E-04 4.01057E-04 4.01428E-04 3.91779E-04 3.82358E-04 3.76516E-04 3.57089E-04 3.39472E-04 3.18900E-04 2.96064E-04 2.84239E-04 2.60953E-04 2.43797E-04 2.36067E-04 2.16273E-04 2.01646E-04 2.01973E-04 2.01724E-04 2.10809E-04 1.76827E-04 1.89148E-04 1.82822E-04 1.78280E-04 2.05886E-04 1.64572E-04
1.0 1.69253E-04 2.06286E-04 2.55026E-04 3.00026E-04 3.93045E-04 4.79878E-04 5.40431E-04 6.49184E-04 7.35678E-04 7.91078E-04 8.28081E-04 8.63540E-04 8.70144E-04 8.65974E-04 8.61509E-04 8.71042E-04 8.47558E-04 8.38546E-04 8.32116E-04 8.20849E-04 8.14284E-04 7.91769E-04 7.77633E-04 7.73018E-04 7.48230E-04 7.29920E-04 7.12495E-04 7.02134E-04 7.03712E-04 7.06041E-04 6.61567E-04 6.97960E-04 5.97298E-04 5.82906E-04
3.0 4.04554E-04 4.93357E-04 5.93929E-04 6.96561E-04 9.32720E-04 1.12087E-03 1.30766E-03 1.61109E-03 1.85223E-03 2.05882E-03 2.21790E-03 2.34859E-03 2.44376E-03 2.51192E-03 2.55642E-03 2.59401E-03 2.61934E-03 2.66618E-03 2.67353E-03 2.66617E-03 2.67208E-03 2.62559E-03 2.63629E-03 2.69113E-03 2.61132E-03 2.73502E-03 2.62229E-03 2.74671E-03 2.76392E-03 2.82728E-03 2.60380E-03 2.65540E-03 2.99970E-03 3.05899E-03
10.0 1.06379E-03 1.28875E-03 1.57927E-03 1.86025E-03 2.42850E-03 2.97481E-03 3.44748E-03 4.23096E-03 4.92084E-03 5.40542E-03 5.81659E-03 6.12370E-03 6.46561E-03 6.64655E-03 6.77130E-03 6.97335E-03 7.05233E-03 7.11134E-03 7.05816E-03 7.11162E-03 7.18664E-03 7.16488E-03 7.23483E-03 7.21627E-03 7.28748E-03 7.28597E-03 7.52483E-03 7.30622E-03 7.47362E-03 7.43375E-03 6.99672E-03 7.18104E-03 7.29643E-03 6.98702E-03
30.0 2.07480E-03 2.47490E-03 3.08120E-03 3.59383E-03 4.80687E-03 5.93157E-03 6.92197E-03 8.69084E-03 1.01772E-02 1.15058E-02 1.26650E-02 1.36741E-02 1.44240E-02 1.51528E-02 1.58483E-02 1.63725E-02 1.67560E-02 1.72025E-02 1.77019E-02 1.78751E-02 1.80651E-02 1.81337E-02 1.85868E-02 1.88099E-02 1.89428E-02 1.89319E-02 1.92104E-02 1.96559E-02 1.96735E-02 1.99927E-02 1.99316E-02 1.99381E-02 2.21476E-02 2.21528E-02
100.0 4.78501E-03 5.76361E-03 7.05666E-03 8.29012E-03 1.11425E-02 1.35616E-02 1.58318E-02 1.99567E-02 2.35608E-02 2.67477E-02 2.95443E-02 3.21809E-02 3.44928E-02 3.65280E-02 3.83426E-02 3.92896E-02 4.14329E-02 4.25033E-02 4.34401E-02 4.41856E-02 4.47916E-02 4.61278E-02 4.66509E-02 4.73897E-02 4.81994E-02 4.88255E-02 5.00259E-02 5.01839E-02 5.05399E-02 4.97933E-02 5.03813E-02 4.85513E-02 4.62249E-02 4.66049E-02
