Yield function of production of Ti44 by protons, neutrons, alphas, pi+ and pi-, [(Ti44 atoms * cm2) / (g * prim. part. nucleon)] (computed with Geant4.10).
The primaries are alphas.
Energy[GeV/nuc],depths[g/cm2]: 1 3 5 10 15 20 30 40 50 60 70 80 90 100 110 120 130 140 150 160 170 180 190 200 210 220 230 240 250 260 270 280 290 300.9
0.01 1.75855E-04 2.03403E-07 1.77217E-07 1.72356E-07 1.49939E-07 1.49097E-07 1.40602E-07 1.25787E-07 1.04414E-07 8.00453E-08 6.57439E-08 4.93699E-08 3.63091E-08 3.32124E-08 2.70569E-08 1.89424E-08 1.51585E-08 1.17865E-08 1.08529E-08 5.36267E-09 8.46032E-09 3.36023E-09 3.60724E-09 1.58521E-09 8.59458E-10 8.29129E-11 1.27842E-11 0.00000E+00 0.00000E+00 0.00000E+00 0.00000E+00 0.00000E+00 0.00000E+00 0.00000E+00
0.03 1.79344E-04 2.67606E-05 2.89834E-06 2.77092E-06 2.65705E-06 2.55778E-06 2.45409E-06 2.26239E-06 2.04964E-06 1.72232E-06 1.50588E-06 1.26080E-06 1.03131E-06 9.32288E-07 7.07838E-07 6.00154E-07 5.47515E-07 4.86870E-07 3.24435E-07 2.63388E-07 2.24587E-07 1.86668E-07 1.57557E-07 1.18387E-07 1.16272E-07 7.92599E-08 8.54669E-08 6.79456E-08 7.10925E-08 5.49641E-08 4.41579E-08 3.88846E-08 2.82185E-08 0.00000E+00
0.1 2.92936E-04 2.74645E-04 2.25610E-04 1.77140E-04 7.45548E-05 7.30977E-05 7.19259E-05 6.89579E-05 6.45391E-05 5.86445E-05 5.21285E-05 4.78613E-05 4.22909E-05 3.71166E-05 3.32630E-05 3.01695E-05 2.66158E-05 2.38330E-05 2.39511E-05 1.91810E-05 1.66826E-05 1.52523E-05 1.45573E-05 1.33847E-05 1.23552E-05 1.15723E-05 1.21863E-05 1.20852E-05 9.43200E-06 1.02497E-05 9.46157E-06 8.89458E-06 1.11905E-05 1.30574E-05
0.18 3.63629E-04 3.74489E-04 3.77393E-04 3.76931E-04 3.72306E-04 3.48955E-04 3.23413E-04 2.76909E-04 2.67057E-04 2.53036E-04 2.37443E-04 2.20242E-04 2.01411E-04 1.88508E-04 1.72938E-04 1.60375E-04 1.49315E-04 1.34802E-04 1.27706E-04 1.15744E-04 1.07754E-04 1.02142E-04 9.49425E-05 8.84170E-05 8.72976E-05 7.48592E-05 7.69851E-05 7.50587E-05 7.44710E-05 7.42549E-05 7.53639E-05 6.59338E-05 6.13754E-05 8.02207E-05
0.3 2.19618E-04 3.04297E-04 4.13015E-04 5.14843E-04 6.48458E-04 7.02190E-04 7.43293E-04 8.02761E-04 8.24750E-04 8.03471E-04 7.72425E-04 7.27305E-04 6.95856E-04 6.48185E-04 6.23248E-04 5.94976E-04 5.60388E-04 5.24577E-04 4.92126E-04 4.75536E-04 4.69799E-04 4.26277E-04 3.96914E-04 4.06401E-04 3.79538E-04 3.93601E-04 3.49218E-04 3.55413E-04 3.23451E-04 3.23479E-04 3.16492E-04 3.47029E-04 3.51149E-04 2.16676E-04
0.56 4.20576E-04 5.11485E-04 6.35922E-04 7.40021E-04 9.61980E-04 1.17132E-03 1.33011E-03 1.61023E-03 1.80451E-03 1.95400E-03 2.01738E-03 2.06399E-03 2.09553E-03 2.12097E-03 2.11585E-03 2.07689E-03 2.04240E-03 2.02201E-03 1.94341E-03 1.88678E-03 1.85257E-03 1.76628E-03 1.74759E-03 1.68070E-03 1.67561E-03 1.63824E-03 1.62056E-03 1.56017E-03 1.55260E-03 1.45557E-03 1.45714E-03 1.57713E-03 1.67723E-03 1.45138E-03
1.0 7.23999E-04 8.80188E-04 1.08794E-03 1.27689E-03 1.67087E-03 2.04244E-03 2.34752E-03 2.85920E-03 3.26702E-03 3.59628E-03 3.77626E-03 3.93345E-03 4.05976E-03 4.11846E-03 4.13224E-03 4.17911E-03 4.14465E-03 4.13004E-03 4.08463E-03 4.10200E-03 4.00107E-03 3.94906E-03 3.91594E-03 3.85796E-03 3.85565E-03 3.75990E-03 3.81833E-03 3.81057E-03 3.74505E-03 3.75186E-03 3.67093E-03 3.75031E-03 3.55326E-03 4.03417E-03
3.0 1.67118E-03 2.00314E-03 2.48156E-03 2.90120E-03 3.81018E-03 4.64503E-03 5.40877E-03 6.68445E-03 7.76379E-03 8.57224E-03 9.29322E-03 9.76242E-03 1.02360E-02 1.05342E-02 1.07853E-02 1.10052E-02 1.11647E-02 1.13140E-02 1.13213E-02 1.14157E-02 1.12627E-02 1.12770E-02 1.12613E-02 1.14890E-02 1.17085E-02 1.14723E-02 1.13952E-02 1.14747E-02 1.11282E-02 1.12534E-02 1.13891E-02 1.17777E-02 1.16817E-02 1.10138E-02
10.0 4.10668E-03 4.90384E-03 6.10806E-03 7.13196E-03 9.44953E-03 1.15704E-02 1.33921E-02 1.69824E-02 1.97754E-02 2.19004E-02 2.38772E-02 2.51911E-02 2.65560E-02 2.75374E-02 2.83097E-02 2.89808E-02 2.94583E-02 2.99137E-02 3.04081E-02 3.04392E-02 3.05307E-02 3.06067E-02 3.09636E-02 3.13874E-02 3.14437E-02 3.10420E-02 3.09712E-02 3.15388E-02 3.08419E-02 3.10401E-02 3.16701E-02 3.08299E-02 3.05870E-02 3.24298E-02
30.0 8.59488E-03 1.02502E-02 1.27373E-02 1.49406E-02 1.99069E-02 2.44071E-02 2.84834E-02 3.58143E-02 4.23517E-02 4.76247E-02 5.26079E-02 5.65584E-02 6.01713E-02 6.30161E-02 6.53531E-02 6.82671E-02 6.99094E-02 7.13465E-02 7.29186E-02 7.44114E-02 7.59132E-02 7.63296E-02 7.69101E-02 7.82932E-02 7.91200E-02 8.00127E-02 7.95579E-02 8.04731E-02 8.19332E-02 8.26044E-02 8.13590E-02 8.50728E-02 8.30664E-02 8.36258E-02
100.0 1.92475E-02 2.30545E-02 2.84827E-02 3.32625E-02 4.46664E-02 5.40158E-02 6.38959E-02 7.99538E-02 9.46309E-02 1.06855E-01 1.18566E-01 1.26779E-01 1.36208E-01 1.42465E-01 1.48871E-01 1.55275E-01 1.61170E-01 1.66497E-01 1.67998E-01 1.73263E-01 1.76569E-01 1.79120E-01 1.81638E-01 1.83346E-01 1.85270E-01 1.87050E-01 1.84782E-01 1.84746E-01 1.89428E-01 1.89044E-01 2.02082E-01 1.81966E-01 1.98219E-01 2.02936E-01
