Yield function of production of Ti44 by protons, neutrons, alphas, pi+ and pi-, [(Ti44 atoms * cm2) / (g * prim. part. nucleon)] (computed with Geant4.10).
The primaries are alphas.
Energy[GeV/nuc],depths[g/cm2]: 1 3 5 10 15 20 30 40 50 60 70 80 90 100 110 120 130 140 150 160 170 180 190 200 210 220 230 240 250 260 270 280 290 300 310 320 330 340 350 360 370 380 400 410 420 430 446.4
0.01 1.75248E-04 2.17682E-07 1.90030E-07 1.82079E-07 1.69836E-07 1.65672E-07 1.44598E-07 1.22876E-07 1.07010E-07 8.84253E-08 7.01663E-08 5.74796E-08 6.01213E-08 3.99020E-08 2.75206E-08 2.09060E-08 1.58488E-08 1.29789E-08 8.07113E-09 6.16691E-09 7.25734E-09 5.02441E-09 2.20993E-09 1.04359E-09 1.63383E-09 1.68223E-09 1.80334E-09 7.77843E-10 5.04845E-11 1.03121E-10 0.00000E+00 0.00000E+00 0.00000E+00 0.00000E+00 0.00000E+00 0.00000E+00 0.00000E+00 0.00000E+00 0.00000E+00 0.00000E+00 0.00000E+00 0.00000E+00 0.00000E+00 0.00000E+00 0.00000E+00 0.00000E+00 0.00000E+00
0.03 1.78847E-04 2.77267E-05 3.03713E-06 2.85145E-06 2.73181E-06 2.61889E-06 2.52215E-06 2.34485E-06 2.06873E-06 1.77853E-06 1.57346E-06 1.38161E-06 1.11763E-06 9.18182E-07 7.39138E-07 6.09900E-07 5.00226E-07 4.12695E-07 3.34491E-07 2.82211E-07 2.30113E-07 1.78461E-07 1.51979E-07 1.20833E-07 1.09818E-07 1.04926E-07 7.91427E-08 7.58530E-08 5.93494E-08 3.53662E-08 3.46982E-08 3.11507E-08 3.67974E-08 2.11787E-08 1.09452E-08 8.48034E-09 9.59317E-09 9.31103E-09 1.65270E-08 6.91080E-09 9.60582E-09 5.38348E-09 2.28587E-09 4.20087E-09 7.08254E-09 1.43038E-08 5.68911E-08
0.1 2.93608E-04 2.72343E-04 2.25816E-04 1.78980E-04 7.30386E-05 7.20234E-05 7.15405E-05 6.82998E-05 6.37110E-05 5.78723E-05 5.19559E-05 4.62211E-05 4.09430E-05 3.62039E-05 3.18840E-05 2.81956E-05 2.39950E-05 2.12773E-05 1.91994E-05 1.64697E-05 1.50790E-05 1.33342E-05 1.19807E-05 1.06391E-05 9.60304E-06 9.38828E-06 7.55814E-06 6.63487E-06 6.38816E-06 5.65463E-06 5.66650E-06 4.60025E-06 4.31983E-06 4.00646E-06 3.82700E-06 3.68724E-06 3.19238E-06 3.83243E-06 3.14349E-06 2.98389E-06 3.20447E-06 2.99047E-06 2.85587E-06 2.92870E-06 2.32682E-06 2.28664E-06 5.51121E-06
0.18 3.59387E-04 3.71733E-04 3.73279E-04 3.74778E-04 3.66617E-04 3.46206E-04 3.18939E-04 2.74617E-04 2.68422E-04 2.51536E-04 2.33095E-04 2.16023E-04 1.95472E-04 1.77538E-04 1.62841E-04 1.48079E-04 1.31328E-04 1.18791E-04 1.08705E-04 9.92688E-05 8.91998E-05 8.38514E-05 7.51655E-05 6.84724E-05 6.27637E-05 5.63346E-05 5.32754E-05 5.12762E-05 4.41237E-05 4.46372E-05 4.23184E-05 3.64365E-05 3.53614E-05 3.17224E-05 3.05309E-05 2.89511E-05 2.97144E-05 2.88690E-05 2.81730E-05 2.86612E-05 2.65892E-05 2.89953E-05 2.69186E-05 3.14098E-05 3.45902E-05 1.86924E-05 2.61812E-05
0.3 2.12863E-04 2.90202E-04 4.03545E-04 4.98843E-04 6.35683E-04 7.00338E-04 7.34441E-04 7.83153E-04 8.06121E-04 7.84168E-04 7.46205E-04 7.09050E-04 6.62683E-04 6.27706E-04 5.86483E-04 5.41082E-04 5.01055E-04 4.63694E-04 4.34083E-04 4.03371E-04 3.75302E-04 3.50344E-04 3.23097E-04 3.03289E-04 2.77097E-04 2.58084E-04 2.52650E-04 2.41881E-04 2.19467E-04 2.14354E-04 1.97392E-04 1.86946E-04 1.87272E-04 1.98386E-04 1.69869E-04 1.69407E-04 1.72502E-04 1.58456E-04 1.47088E-04 1.36849E-04 1.26651E-04 1.23618E-04 1.37476E-04 1.35592E-04 1.11017E-04 1.11233E-04 7.08199E-05
0.56 4.18161E-04 5.16701E-04 6.28257E-04 7.38321E-04 9.66816E-04 1.15981E-03 1.31920E-03 1.57294E-03 1.76663E-03 1.90016E-03 1.98967E-03 2.01140E-03 2.01039E-03 2.00347E-03 1.95908E-03 1.90773E-03 1.83616E-03 1.78041E-03 1.71785E-03 1.63900E-03 1.56240E-03 1.48190E-03 1.42385E-03 1.35682E-03 1.28949E-03 1.24736E-03 1.20250E-03 1.16277E-03 1.10399E-03 1.04928E-03 1.02411E-03 9.95702E-04 9.55717E-04 9.29372E-04 9.08252E-04 8.96266E-04 8.49838E-04 8.24072E-04 7.82477E-04 7.48663E-04 7.74716E-04 7.89464E-04 8.10621E-04 7.28999E-04 6.75617E-04 6.84933E-04 7.25943E-04
1.0 7.42025E-04 8.89703E-04 1.09306E-03 1.27513E-03 1.68603E-03 2.02040E-03 2.33668E-03 2.83578E-03 3.22560E-03 3.53210E-03 3.69888E-03 3.85752E-03 3.91334E-03 3.89703E-03 3.90290E-03 3.86856E-03 3.84197E-03 3.78246E-03 3.67935E-03 3.59326E-03 3.48808E-03 3.39148E-03 3.31454E-03 3.21989E-03 3.12688E-03 3.02440E-03 2.96707E-03 2.83928E-03 2.75495E-03 2.64684E-03 2.63190E-03 2.57055E-03 2.50829E-03 2.43754E-03 2.38803E-03 2.31360E-03 2.40574E-03 2.17169E-03 2.17257E-03 2.26853E-03 2.09782E-03 2.12679E-03 2.01776E-03 1.96626E-03 2.06253E-03 1.86573E-03 1.85682E-03
3.0 1.74306E-03 2.09928E-03 2.57894E-03 3.04813E-03 3.97738E-03 4.80513E-03 5.59871E-03 6.87976E-03 7.88506E-03 8.74501E-03 9.35426E-03 9.87383E-03 1.03237E-02 1.05512E-02 1.07658E-02 1.07687E-02 1.09126E-02 1.08799E-02 1.07620E-02 1.07467E-02 1.05886E-02 1.05328E-02 1.03891E-02 1.02043E-02 1.00623E-02 9.85180E-03 9.69260E-03 9.56992E-03 9.40468E-03 9.27247E-03 9.17932E-03 9.13503E-03 8.96238E-03 8.76299E-03 8.73808E-03 8.66735E-03 8.77717E-03 8.43372E-03 8.67088E-03 8.28709E-03 8.05144E-03 8.17360E-03 8.20971E-03 8.11125E-03 7.93545E-03 8.56363E-03 7.39894E-03
10.0 4.53098E-03 5.41939E-03 6.72319E-03 7.74412E-03 1.02737E-02 1.25262E-02 1.44012E-02 1.79148E-02 2.08341E-02 2.30943E-02 2.49219E-02 2.64231E-02 2.75731E-02 2.84335E-02 2.89357E-02 2.95112E-02 2.97758E-02 3.00452E-02 3.00343E-02 3.01011E-02 3.00020E-02 2.99808E-02 3.00842E-02 2.99234E-02 2.95695E-02 2.95811E-02 2.94822E-02 2.93262E-02 2.86852E-02 2.86094E-02 2.82804E-02 2.80473E-02 2.76681E-02 2.78020E-02 2.72209E-02 2.72013E-02 2.71240E-02 2.68444E-02 2.70704E-02 2.69971E-02 2.71530E-02 2.71675E-02 2.81352E-02 2.69338E-02 2.79976E-02 2.62278E-02 2.76999E-02
30.0 9.86529E-03 1.17747E-02 1.44802E-02 1.68414E-02 2.22790E-02 2.70355E-02 3.14346E-02 3.93863E-02 4.61161E-02 5.18938E-02 5.67703E-02 6.07899E-02 6.42358E-02 6.70827E-02 6.95799E-02 7.17878E-02 7.36071E-02 7.53623E-02 7.64780E-02 7.73227E-02 7.81596E-02 7.89193E-02 7.95133E-02 7.90393E-02 7.94982E-02 8.00134E-02 7.93160E-02 7.97115E-02 7.86142E-02 7.91725E-02 7.90817E-02 7.85902E-02 7.92715E-02 7.88330E-02 7.79685E-02 7.83432E-02 7.71749E-02 7.75507E-02 7.71418E-02 7.63650E-02 7.75124E-02 7.83672E-02 7.66461E-02 7.33753E-02 7.12836E-02 7.63209E-02 7.51861E-02
100.0 2.36751E-02 2.76245E-02 3.41909E-02 3.93300E-02 5.24191E-02 6.28177E-02 7.30288E-02 9.24351E-02 1.09128E-01 1.23368E-01 1.34587E-01 1.44421E-01 1.53049E-01 1.62125E-01 1.69093E-01 1.78117E-01 1.84260E-01 1.89628E-01 1.94650E-01 2.00868E-01 2.03800E-01 2.07072E-01 2.08971E-01 2.13444E-01 2.17883E-01 2.20717E-01 2.19513E-01 2.22021E-01 2.26909E-01 2.26702E-01 2.24847E-01 2.29932E-01 2.28700E-01 2.34293E-01 2.34911E-01 2.36650E-01 2.32713E-01 2.30290E-01 2.34251E-01 2.31052E-01 2.25485E-01 2.21613E-01 2.25514E-01 2.26492E-01 2.26963E-01 2.20548E-01 2.09599E-01
