Yield function of production of Ti44 by protons, neutrons, alphas, [(Ti44 atoms * cm2) / (g * prim. part. nucleon)] (computed with Geant4.10).
The primaries are alphas.
Energy[GeV/nuc],depths[g/cm2]: 1 3 5 10 15 20 30 40 50 60 70 80 90 100 110 120 130 140 150 160 170 180 190 200 210 220 230 240 250 260 270 280 290 300 310 320 330 340 350 360 370 380 400 410 420 430 446.4
0.01 7.92021E-07 7.84463E-13 6.37467E-13 5.48885E-13 3.96130E-13 3.57696E-13 2.94921E-13 1.70176E-13 1.19946E-13 5.79738E-14 2.85890E-14 1.38474E-14 6.58852E-15 7.12809E-15 2.24189E-15 2.70362E-15 2.91603E-15 3.52171E-15 1.26765E-15 1.35787E-15 0.00000E+00 0.00000E+00 0.00000E+00 0.00000E+00 0.00000E+00 0.00000E+00 0.00000E+00 0.00000E+00 0.00000E+00 0.00000E+00 0.00000E+00 0.00000E+00 0.00000E+00 0.00000E+00 0.00000E+00 0.00000E+00 0.00000E+00 0.00000E+00 0.00000E+00 0.00000E+00 0.00000E+00 0.00000E+00 0.00000E+00 0.00000E+00 0.00000E+00 0.00000E+00 0.00000E+00
0.03 4.40994E-07 3.85197E-08 7.98433E-10 6.65869E-10 5.12648E-10 4.29987E-10 3.64860E-10 2.83904E-10 2.11498E-10 1.67768E-10 1.46841E-10 1.18590E-10 1.07070E-10 8.22627E-11 7.43540E-11 6.29247E-11 5.15208E-11 5.36750E-11 3.53643E-11 2.99548E-11 2.87985E-11 2.12609E-11 1.64061E-11 1.56592E-11 1.76008E-11 1.58145E-11 2.21232E-11 1.21997E-11 1.21736E-11 1.07544E-11 9.27449E-12 8.75663E-12 5.81071E-12 6.51727E-12 7.83806E-12 8.01170E-12 1.91649E-12 2.31533E-12 2.92208E-12 3.31834E-12 4.53120E-12 5.32936E-12 6.09949E-12 1.42112E-11 2.36558E-11 6.19915E-11 2.48110E-10
0.1 3.00528E-07 3.02878E-07 2.63932E-07 2.14277E-07 3.86499E-08 3.19939E-08 2.74506E-08 2.14879E-08 1.82535E-08 1.54441E-08 1.36146E-08 1.15808E-08 1.01717E-08 8.85369E-09 7.71488E-09 6.75956E-09 6.32707E-09 5.65882E-09 4.92681E-09 4.44904E-09 4.13885E-09 3.67080E-09 3.35258E-09 3.25787E-09 2.91326E-09 2.47634E-09 2.46603E-09 2.18945E-09 2.06273E-09 2.08526E-09 1.59833E-09 1.52364E-09 1.47811E-09 1.27646E-09 1.46093E-09 1.32796E-09 1.19890E-09 1.47369E-09 1.00856E-09 1.67159E-09 1.16231E-09 1.09532E-09 1.05693E-09 9.68225E-10 7.64346E-10 1.38441E-09 0.00000E+00
0.18 2.95347E-07 3.30099E-07 3.36891E-07 3.34747E-07 3.07065E-07 2.66863E-07 2.14960E-07 1.19330E-07 1.00349E-07 8.69161E-08 7.75250E-08 6.82289E-08 6.19680E-08 5.45339E-08 4.99555E-08 4.44716E-08 3.94279E-08 3.60615E-08 3.31012E-08 3.07628E-08 2.73621E-08 2.63180E-08 2.42990E-08 2.14430E-08 2.02244E-08 1.98797E-08 1.81878E-08 1.77959E-08 1.56842E-08 1.45021E-08 1.35025E-08 1.34783E-08 1.23345E-08 1.07919E-08 1.06969E-08 1.10482E-08 9.74431E-09 8.84112E-09 8.64547E-09 8.73034E-09 9.70579E-09 1.08811E-08 1.07894E-08 8.61673E-09 1.33588E-08 8.58971E-09 2.24074E-08
0.3 3.60508E-07 3.93804E-07 4.24372E-07 4.46488E-07 4.76367E-07 4.95789E-07 4.82253E-07 4.46631E-07 3.98758E-07 3.48862E-07 2.97334E-07 2.54105E-07 2.30811E-07 2.12022E-07 1.93717E-07 1.80246E-07 1.68049E-07 1.55610E-07 1.46201E-07 1.41933E-07 1.27596E-07 1.21682E-07 1.09741E-07 1.03072E-07 9.77190E-08 9.42368E-08 9.07654E-08 9.54519E-08 7.98443E-08 7.53692E-08 7.28416E-08 6.76994E-08 6.42661E-08 6.70052E-08 6.13191E-08 5.86458E-08 5.94041E-08 5.42788E-08 5.40953E-08 5.52540E-08 4.67839E-08 4.59060E-08 4.27955E-08 4.59363E-08 5.42753E-08 4.36538E-08 3.95873E-08
0.56 5.60258E-07 6.25846E-07 6.80711E-07 7.52560E-07 8.03245E-07 8.63023E-07 8.89728E-07 9.12806E-07 9.16429E-07 9.20189E-07 9.12004E-07 8.65127E-07 8.52493E-07 8.09148E-07 7.64328E-07 7.31921E-07 6.89276E-07 6.60416E-07 6.26054E-07 5.87381E-07 5.71815E-07 5.35091E-07 5.12343E-07 4.77215E-07 4.68855E-07 4.54882E-07 4.49949E-07 4.11236E-07 3.97989E-07 3.76620E-07 3.66061E-07 3.67607E-07 3.44284E-07 3.37588E-07 3.34007E-07 3.89658E-07 2.98264E-07 3.02346E-07 2.97883E-07 2.99813E-07 2.94705E-07 2.68988E-07 2.39730E-07 2.35933E-07 2.22658E-07 1.90838E-07 1.58486E-07
1.0 8.16998E-07 8.95674E-07 9.84535E-07 1.05945E-06 1.18565E-06 1.26487E-06 1.35478E-06 1.43739E-06 1.48160E-06 1.52949E-06 1.53392E-06 1.53210E-06 1.53556E-06 1.48307E-06 1.45052E-06 1.43998E-06 1.40163E-06 1.35615E-06 1.30780E-06 1.29425E-06 1.25078E-06 1.23286E-06 1.17385E-06 1.15904E-06 1.13527E-06 1.07815E-06 1.07376E-06 1.02499E-06 1.03186E-06 9.65685E-07 1.01343E-06 9.30734E-07 8.97293E-07 8.73447E-07 8.79571E-07 8.97482E-07 8.09153E-07 7.81740E-07 7.46718E-07 7.59810E-07 7.36695E-07 7.33525E-07 6.85583E-07 7.30169E-07 7.00325E-07 6.85806E-07 7.94416E-07
3.0 1.66330E-06 1.84724E-06 1.96448E-06 2.09181E-06 2.31974E-06 2.54085E-06 2.69893E-06 2.94890E-06 3.10401E-06 3.22015E-06 3.30910E-06 3.39996E-06 3.44780E-06 3.48609E-06 3.49092E-06 3.46703E-06 3.45423E-06 3.44206E-06 3.43317E-06 3.40645E-06 3.39702E-06 3.38829E-06 3.32259E-06 3.36902E-06 3.24529E-06 3.27440E-06 3.15517E-06 3.13076E-06 3.05902E-06 3.02214E-06 3.03410E-06 2.88921E-06 2.92168E-06 2.86717E-06 2.89628E-06 2.84280E-06 3.09194E-06 2.92863E-06 3.01339E-06 2.77495E-06 2.98125E-06 2.86298E-06 2.71936E-06 2.57368E-06 2.85703E-06 2.53973E-06 3.49155E-06
10.0 3.77569E-06 4.04453E-06 4.46803E-06 4.72687E-06 5.27638E-06 5.71695E-06 6.12798E-06 6.73484E-06 7.14027E-06 7.57463E-06 7.95521E-06 8.11344E-06 8.30020E-06 8.45874E-06 8.51444E-06 8.76343E-06 8.62331E-06 8.65170E-06 8.73815E-06 8.57116E-06 8.64080E-06 8.78908E-06 8.76841E-06 8.74400E-06 8.70171E-06 8.71943E-06 8.74162E-06 8.53575E-06 8.56337E-06 8.47102E-06 8.42270E-06 8.45888E-06 8.52176E-06 8.50851E-06 8.02817E-06 8.05849E-06 8.18437E-06 8.28477E-06 8.07192E-06 8.26885E-06 7.96436E-06 8.28187E-06 8.76308E-06 8.38861E-06 8.21161E-06 8.77011E-06 7.55688E-06
30.0 7.50694E-06 8.11398E-06 8.72899E-06 9.09314E-06 1.02153E-05 1.10128E-05 1.17747E-05 1.35151E-05 1.43948E-05 1.55457E-05 1.62708E-05 1.69186E-05 1.78438E-05 1.84367E-05 1.89353E-05 1.94863E-05 1.99882E-05 2.03118E-05 2.04265E-05 2.07906E-05 2.10377E-05 2.12490E-05 2.18498E-05 2.22800E-05 2.14133E-05 2.17504E-05 2.17178E-05 2.20750E-05 2.16834E-05 2.19845E-05 2.14732E-05 2.16859E-05 2.23126E-05 2.22292E-05 2.17216E-05 2.27388E-05 2.23837E-05 2.25373E-05 2.19425E-05 2.14787E-05 2.11461E-05 2.08318E-05 2.06369E-05 2.05294E-05 2.04223E-05 1.91124E-05 2.17616E-05
100.0 1.75561E-05 1.85893E-05 1.96259E-05 2.07669E-05 2.31758E-05 2.52882E-05 2.65726E-05 2.94635E-05 3.27488E-05 3.46222E-05 3.64360E-05 3.84098E-05 3.99967E-05 4.17782E-05 4.37204E-05 4.51490E-05 4.73775E-05 4.85443E-05 4.99341E-05 5.05216E-05 5.18631E-05 5.37480E-05 5.35239E-05 5.51864E-05 5.67135E-05 5.64962E-05 5.58878E-05 5.78025E-05 5.88721E-05 5.84429E-05 5.92475E-05 6.03961E-05 6.08162E-05 6.30852E-05 6.10121E-05 6.03214E-05 6.55412E-05 6.20759E-05 6.23431E-05 5.83354E-05 5.60717E-05 6.18568E-05 5.70722E-05 5.66427E-05 6.51462E-05 5.98169E-05 5.26907E-05
