Yield function of production of Ti44 by protons, neutrons, alphas, [(Ti44 atoms * cm2) / (g * prim. part. nucleon)] (computed with Geant4.10).
The primaries are alphas.
Energy[GeV/nuc],depths[g/cm2]: 1 3 5 10 15 20 30 40 50 60 70 80 90 100 110 120 130 140 150 160 170 180 190 200 210 220 230 240 250 260 270 280 290 300 310 320 330 340 350 360 370 380 400 410 420 430 446.4
0.01 7.92021E-07 7.84463E-13 6.37467E-13 5.48885E-13 3.96130E-13 3.57696E-13 2.94921E-13 1.70176E-13 1.19946E-13 5.79738E-14 2.85890E-14 1.38474E-14 6.58852E-15 7.12809E-15 2.24189E-15 2.70362E-15 2.91603E-15 3.52171E-15 1.26765E-15 1.35787E-15 0.00000E+00 0.00000E+00 0.00000E+00 0.00000E+00 0.00000E+00 0.00000E+00 0.00000E+00 0.00000E+00 0.00000E+00 0.00000E+00 0.00000E+00 0.00000E+00 0.00000E+00 0.00000E+00 0.00000E+00 0.00000E+00 0.00000E+00 0.00000E+00 0.00000E+00 0.00000E+00 0.00000E+00 0.00000E+00 0.00000E+00 0.00000E+00 0.00000E+00 0.00000E+00 0.00000E+00
0.03 4.40994E-07 3.85197E-08 7.98433E-10 6.65869E-10 5.12648E-10 4.29987E-10 3.64860E-10 2.83904E-10 2.11498E-10 1.67768E-10 1.46841E-10 1.18590E-10 1.07070E-10 8.22627E-11 7.43540E-11 6.29247E-11 5.15208E-11 5.36750E-11 3.53643E-11 2.99548E-11 2.87985E-11 2.12609E-11 1.64061E-11 1.56592E-11 1.76008E-11 1.58145E-11 2.21232E-11 1.21997E-11 1.21736E-11 1.07544E-11 9.27449E-12 8.75663E-12 5.81071E-12 6.51727E-12 7.83806E-12 8.01170E-12 1.91649E-12 2.31533E-12 2.92208E-12 3.31834E-12 4.53120E-12 5.32936E-12 6.09949E-12 1.42112E-11 2.36558E-11 6.19915E-11 2.48110E-10
0.1 3.00528E-07 3.02878E-07 2.63932E-07 2.14277E-07 3.86499E-08 3.19939E-08 2.74506E-08 2.14879E-08 1.82535E-08 1.54441E-08 1.36146E-08 1.15808E-08 1.01717E-08 8.85369E-09 7.71488E-09 6.75956E-09 6.32707E-09 5.65882E-09 4.92681E-09 4.44904E-09 4.13885E-09 3.67080E-09 3.35258E-09 3.25787E-09 2.91326E-09 2.47634E-09 2.46603E-09 2.18945E-09 2.06273E-09 2.08526E-09 1.59833E-09 1.52364E-09 1.47811E-09 1.27646E-09 1.46093E-09 1.32796E-09 1.19890E-09 1.47369E-09 1.00856E-09 1.67159E-09 1.16231E-09 1.09532E-09 1.05693E-09 9.68225E-10 7.64346E-10 1.38441E-09 0.00000E+00
0.18 2.95347E-07 3.30099E-07 3.36891E-07 3.34747E-07 3.07065E-07 2.66863E-07 2.14960E-07 1.19330E-07 1.00349E-07 8.69213E-08 7.77671E-08 6.82289E-08 6.19680E-08 5.45339E-08 4.99555E-08 4.44716E-08 3.94279E-08 3.60615E-08 3.31012E-08 3.07628E-08 2.73621E-08 2.63180E-08 2.42990E-08 2.14430E-08 2.02244E-08 1.98797E-08 1.81878E-08 1.77959E-08 1.56842E-08 1.45021E-08 1.35025E-08 1.34783E-08 1.23345E-08 1.07919E-08 1.06969E-08 1.10482E-08 9.74431E-09 8.84112E-09 8.64547E-09 8.73034E-09 9.70579E-09 1.08811E-08 1.07894E-08 8.61673E-09 1.33588E-08 8.58971E-09 2.24074E-08
0.3 3.65353E-07 4.06640E-07 4.38510E-07 4.61781E-07 4.94178E-07 5.22834E-07 5.08656E-07 4.62389E-07 4.09361E-07 3.59845E-07 3.05853E-07 2.59392E-07 2.38454E-07 2.19812E-07 2.02786E-07 1.88693E-07 1.75235E-07 1.57194E-07 1.46923E-07 1.41954E-07 1.27596E-07 1.21682E-07 1.16682E-07 1.09549E-07 1.05421E-07 9.42368E-08 9.07654E-08 9.54519E-08 9.06512E-08 7.57958E-08 7.28416E-08 6.76994E-08 6.42661E-08 6.70052E-08 6.18098E-08 6.26815E-08 5.94041E-08 5.42788E-08 5.40953E-08 5.52540E-08 4.67839E-08 4.59060E-08 4.27955E-08 4.59363E-08 5.42753E-08 4.36538E-08 3.95873E-08
0.56 3.55063E-06 4.69722E-06 6.13173E-06 1.02697E-05 8.53110E-06 6.28288E-06 5.83056E-06 5.14341E-06 4.33164E-06 3.32199E-06 3.41574E-06 2.51310E-06 2.11235E-06 2.30711E-06 1.96876E-06 1.56206E-06 1.31528E-06 1.32747E-06 1.27848E-06 1.25628E-06 1.01973E-06 8.85366E-07 7.28830E-07 7.92619E-07 7.19715E-07 7.14518E-07 7.43611E-07 6.72049E-07 6.29554E-07 6.84563E-07 5.64262E-07 7.05990E-07 6.01938E-07 4.95816E-07 5.35037E-07 5.10350E-07 3.74033E-07 3.45232E-07 5.19117E-07 8.66337E-07 4.92308E-07 3.96534E-07 6.66352E-07 2.35933E-07 2.22658E-07 1.90838E-07 1.58486E-07
1.0 3.20773E-05 2.50523E-05 3.51874E-05 4.30665E-05 5.66495E-05 4.71300E-05 4.63769E-05 4.69488E-05 4.48552E-05 5.18200E-05 4.55119E-05 3.94048E-05 3.26065E-05 3.65414E-05 3.34761E-05 2.59865E-05 2.25504E-05 2.06301E-05 1.90381E-05 1.54531E-05 1.48983E-05 1.47958E-05 1.42156E-05 1.16332E-05 1.09298E-05 1.14988E-05 8.12240E-06 7.66573E-06 6.71072E-06 6.40131E-06 5.97366E-06 5.58217E-06 4.91738E-06 5.71627E-06 5.39044E-06 4.33466E-06 4.97944E-06 3.07284E-06 4.22891E-06 5.40217E-06 3.15564E-06 3.71780E-06 4.05035E-06 3.05626E-06 3.44276E-06 2.44361E-06 7.68656E-06
3.0 9.82346E-05 1.28461E-04 1.45560E-04 1.82819E-04 1.98941E-04 2.27382E-04 2.56672E-04 2.62513E-04 2.64079E-04 2.79579E-04 2.74290E-04 2.74467E-04 2.78820E-04 2.52662E-04 3.24449E-04 2.43377E-04 2.62543E-04 2.13759E-04 2.15420E-04 2.21351E-04 1.85801E-04 2.24536E-04 1.75137E-04 1.74440E-04 1.90262E-04 1.61327E-04 1.43630E-04 1.67450E-04 1.75464E-04 1.77396E-04 1.23512E-04 2.19073E-04 1.16152E-04 1.14803E-04 1.13910E-04 1.06779E-04 1.20121E-04 9.64850E-05 9.78863E-05 8.60198E-05 9.82421E-05 7.81691E-05 7.50905E-05 2.54410E-04 8.59129E-05 7.58418E-05 1.62969E-04
10.0 4.10757E-04 4.90522E-04 6.24500E-04 6.53114E-04 8.43478E-04 9.85366E-04 9.24478E-04 1.11408E-03 1.20569E-03 1.20148E-03 1.16803E-03 1.18632E-03 1.20990E-03 1.11930E-03 1.12802E-03 1.20028E-03 1.12078E-03 1.05928E-03 1.01535E-03 9.39201E-04 1.00626E-03 9.36422E-04 1.00096E-03 8.96657E-04 8.90769E-04 8.58987E-04 9.49096E-04 9.94958E-04 8.03864E-04 7.79459E-04 8.25962E-04 7.53920E-04 6.81332E-04 6.70959E-04 6.81356E-04 7.00560E-04 6.80853E-04 6.46966E-04 6.45948E-04 6.90202E-04 1.32798E-03 5.79583E-04 5.58572E-04 6.34004E-04 6.43648E-04 5.27114E-04 4.50140E-04
30.0 1.07100E-03 1.28204E-03 1.57316E-03 1.61129E-03 1.99802E-03 2.22255E-03 2.23628E-03 2.57122E-03 2.88125E-03 2.98649E-03 3.25768E-03 3.04072E-03 3.32235E-03 3.13920E-03 3.48052E-03 3.44587E-03 3.52636E-03 3.34054E-03 3.40704E-03 3.50272E-03 3.31126E-03 3.21081E-03 3.40795E-03 3.19349E-03 3.36854E-03 3.20361E-03 2.97732E-03 3.18806E-03 2.74840E-03 2.80271E-03 3.00411E-03 2.64238E-03 3.13869E-03 2.73932E-03 2.62552E-03 2.60683E-03 2.48933E-03 2.54410E-03 3.06490E-03 2.72512E-03 2.99589E-03 3.29208E-03 2.21939E-03 2.01759E-03 2.13616E-03 2.36291E-03 2.27184E-03
100.0 3.00614E-03 3.30877E-03 3.77520E-03 4.17644E-03 4.90887E-03 5.20022E-03 5.52871E-03 6.66808E-03 7.55790E-03 7.75837E-03 7.32796E-03 7.42843E-03 8.03097E-03 8.23369E-03 8.74758E-03 9.07205E-03 8.85277E-03 8.67001E-03 8.98659E-03 9.31220E-03 9.00322E-03 9.02737E-03 9.57137E-03 9.98956E-03 1.00475E-02 1.06647E-02 9.24553E-03 1.10390E-02 9.10918E-03 9.95714E-03 9.77929E-03 9.99985E-03 9.37634E-03 1.07046E-02 9.63545E-03 1.08874E-02 1.05284E-02 8.87407E-03 9.20656E-03 8.90772E-03 8.17098E-03 7.82548E-03 9.42940E-03 1.14581E-02 8.02462E-03 1.19862E-02 1.32396E-02
