Yield function of production of Ti44 by protons, neutrons, alphas, [(Ti44 atoms * cm2) / (g * prim. part. nucleon)] (computed with Geant4.10).
The primaries are protons.
Energy[GeV/nuc],depths[g/cm2]: 1 3 5 10 15 20 30 40 50 60 70 80 90 100 110 120 130 140 150 160 170 180 190 200 210 220 230 240 250 260 270 280 290 300 310 320 330 340 350 360 370 380 400 410 420 430 446.4
0.01 1.06309E-04 2.67712E-08 2.28482E-08 2.19554E-08 1.99632E-08 1.93877E-08 1.90314E-08 1.52967E-08 1.34997E-08 1.00972E-08 7.52410E-09 5.61970E-09 3.71566E-09 2.73782E-09 1.52132E-09 1.03997E-09 1.38146E-09 1.07103E-09 4.18524E-10 5.01695E-10 7.05843E-10 2.67209E-10 2.52564E-10 2.97782E-11 7.15097E-11 6.65515E-11 3.70953E-11 0.00000E+00 0.00000E+00 0.00000E+00 0.00000E+00 0.00000E+00 0.00000E+00 0.00000E+00 0.00000E+00 0.00000E+00 0.00000E+00 0.00000E+00 0.00000E+00 0.00000E+00 0.00000E+00 0.00000E+00 0.00000E+00 0.00000E+00 0.00000E+00 0.00000E+00 0.00000E+00
0.03 1.07805E-04 1.42767E-05 4.25163E-07 4.00321E-07 3.56704E-07 3.37605E-07 3.28398E-07 2.83757E-07 2.44677E-07 2.01698E-07 1.59532E-07 1.27852E-07 1.02642E-07 8.02874E-08 5.73486E-08 4.57548E-08 3.35229E-08 2.69281E-08 1.77406E-08 1.48440E-08 1.40168E-08 8.87845E-09 7.28325E-09 5.26705E-09 3.78283E-09 2.76996E-09 2.65603E-09 1.83593E-09 1.09658E-09 4.79174E-10 2.39438E-10 1.13160E-10 1.73646E-10 6.83134E-11 7.16025E-11 0.00000E+00 0.00000E+00 0.00000E+00 0.00000E+00 0.00000E+00 0.00000E+00 0.00000E+00 0.00000E+00 0.00000E+00 0.00000E+00 0.00000E+00 0.00000E+00
0.1 1.15789E-04 1.05488E-04 8.34768E-05 6.21596E-05 1.13650E-05 1.09015E-05 1.06437E-05 9.66702E-06 8.55677E-06 7.40379E-06 6.75878E-06 5.46403E-06 4.83579E-06 4.09961E-06 3.44041E-06 2.76253E-06 2.23113E-06 1.87399E-06 1.55112E-06 1.27573E-06 1.11897E-06 8.90154E-07 9.05570E-07 8.06306E-07 5.85480E-07 5.00326E-07 4.39882E-07 3.21751E-07 2.69051E-07 2.24594E-07 1.71654E-07 1.77455E-07 1.68555E-07 1.47503E-07 1.36840E-07 1.05585E-07 7.91075E-08 3.26659E-08 6.49634E-08 4.05391E-08 5.86729E-08 1.96940E-08 4.34873E-08 1.20963E-08 2.61307E-08 4.21256E-08 0.00000E+00
0.18 2.50436E-05 3.78732E-05 5.10387E-05 6.29363E-05 8.80366E-05 9.18515E-05 7.32790E-05 4.66242E-05 4.27745E-05 3.95957E-05 3.47425E-05 3.04363E-05 2.67120E-05 2.33482E-05 2.01301E-05 1.81321E-05 1.56615E-05 1.38022E-05 1.22436E-05 1.07805E-05 9.74008E-06 8.26169E-06 7.33309E-06 6.44342E-06 5.84095E-06 5.42414E-06 4.97854E-06 4.44495E-06 4.23561E-06 3.85883E-06 3.62996E-06 3.43026E-06 2.91247E-06 3.14641E-06 2.37449E-06 2.49858E-06 2.12309E-06 2.00262E-06 1.85774E-06 1.90695E-06 1.40141E-06 1.53199E-06 1.63981E-06 1.87747E-06 1.08694E-06 1.31520E-06 1.52895E-06
0.3 4.88621E-05 6.04729E-05 7.77818E-05 8.85062E-05 1.11530E-04 1.27587E-04 1.40089E-04 1.53435E-04 1.58527E-04 1.53874E-04 1.30770E-04 1.16174E-04 1.03348E-04 9.19596E-05 8.22099E-05 7.47774E-05 6.69729E-05 5.99646E-05 5.36741E-05 4.87548E-05 4.66983E-05 4.06565E-05 3.78101E-05 3.50814E-05 3.07161E-05 2.95227E-05 2.65011E-05 2.50063E-05 2.41265E-05 2.33965E-05 2.16593E-05 1.94225E-05 1.91365E-05 2.06275E-05 1.81039E-05 1.79274E-05 1.62144E-05 1.58170E-05 1.67969E-05 1.18444E-05 1.16213E-05 1.24228E-05 1.25223E-05 1.27312E-05 1.07026E-05 1.59692E-05 1.04179E-05
0.56 9.61045E-05 1.18207E-04 1.44462E-04 1.68929E-04 2.24996E-04 2.61992E-04 2.97177E-04 3.52370E-04 3.82049E-04 4.02305E-04 4.00476E-04 3.91504E-04 3.83198E-04 3.72980E-04 3.54344E-04 3.30659E-04 3.06916E-04 2.87587E-04 2.69009E-04 2.52544E-04 2.31604E-04 2.12089E-04 1.99422E-04 1.85915E-04 1.76989E-04 1.59958E-04 1.54758E-04 1.45176E-04 1.37430E-04 1.28724E-04 1.25617E-04 1.15276E-04 1.12809E-04 1.11850E-04 9.55336E-05 9.48286E-05 9.82508E-05 9.63823E-05 8.68687E-05 8.65208E-05 8.30673E-05 9.18358E-05 8.15595E-05 8.37974E-05 6.82906E-05 6.33267E-05 5.87835E-05
1.0 1.69638E-04 2.04847E-04 2.53095E-04 2.98017E-04 3.92855E-04 4.69276E-04 5.48079E-04 6.54874E-04 7.27022E-04 7.89122E-04 8.14670E-04 8.50833E-04 8.41101E-04 8.31242E-04 8.24785E-04 8.07610E-04 7.85680E-04 7.63729E-04 7.44500E-04 7.10169E-04 7.04466E-04 6.70428E-04 6.30812E-04 6.15376E-04 5.92174E-04 5.65497E-04 5.40407E-04 5.18916E-04 4.94965E-04 4.98651E-04 4.62585E-04 4.55887E-04 4.53526E-04 4.25919E-04 4.09717E-04 3.98794E-04 3.79969E-04 3.68700E-04 3.66430E-04 3.36460E-04 3.28384E-04 3.62131E-04 3.15870E-04 2.65672E-04 2.75080E-04 2.84260E-04 2.88673E-04
3.0 3.96401E-04 4.78600E-04 5.89723E-04 6.92243E-04 9.09343E-04 1.11465E-03 1.28916E-03 1.60102E-03 1.84552E-03 2.03885E-03 2.18871E-03 2.29507E-03 2.36926E-03 2.41766E-03 2.46618E-03 2.49880E-03 2.49567E-03 2.51084E-03 2.47650E-03 2.46129E-03 2.44136E-03 2.39568E-03 2.34251E-03 2.35441E-03 2.30541E-03 2.27793E-03 2.21823E-03 2.23214E-03 2.20949E-03 2.16302E-03 2.06752E-03 2.05670E-03 2.01995E-03 1.96371E-03 1.97045E-03 1.92643E-03 1.90635E-03 1.85386E-03 1.92095E-03 1.84451E-03 1.78382E-03 1.88493E-03 1.80883E-03 1.80264E-03 1.86839E-03 2.10081E-03 1.69840E-03
10.0 1.08226E-03 1.28594E-03 1.60195E-03 1.88408E-03 2.47433E-03 3.00077E-03 3.47925E-03 4.33331E-03 5.03428E-03 5.56490E-03 6.00638E-03 6.32705E-03 6.57576E-03 6.75005E-03 7.00470E-03 6.98043E-03 7.11294E-03 7.21319E-03 7.19965E-03 7.15485E-03 7.15686E-03 7.13513E-03 7.06693E-03 7.05431E-03 7.01279E-03 6.97445E-03 6.82963E-03 6.84312E-03 6.74394E-03 6.64484E-03 6.59595E-03 6.57570E-03 6.53763E-03 6.45859E-03 6.61004E-03 6.57866E-03 6.54183E-03 6.48581E-03 6.51019E-03 6.45790E-03 6.70713E-03 6.29451E-03 6.12535E-03 6.31249E-03 6.24534E-03 6.14804E-03 6.15893E-03
30.0 2.16495E-03 2.57429E-03 3.19483E-03 3.75233E-03 4.95259E-03 6.09883E-03 7.12891E-03 9.01488E-03 1.06108E-02 1.19156E-02 1.30862E-02 1.40467E-02 1.49278E-02 1.56206E-02 1.62749E-02 1.67776E-02 1.72369E-02 1.75616E-02 1.78864E-02 1.82275E-02 1.84554E-02 1.84611E-02 1.85926E-02 1.87334E-02 1.87633E-02 1.90647E-02 1.90494E-02 1.90018E-02 1.89081E-02 1.89333E-02 1.92994E-02 1.92715E-02 1.92488E-02 1.92624E-02 1.95062E-02 1.93772E-02 1.91998E-02 1.92740E-02 1.91783E-02 1.91251E-02 1.88357E-02 1.91810E-02 1.95319E-02 1.96125E-02 1.99275E-02 1.96732E-02 2.32713E-02
100.0 5.16392E-03 6.16784E-03 7.63878E-03 8.93723E-03 1.19701E-02 1.44847E-02 1.71446E-02 2.15969E-02 2.56104E-02 2.90484E-02 3.21015E-02 3.46358E-02 3.69312E-02 3.86618E-02 4.03362E-02 4.17552E-02 4.31635E-02 4.43108E-02 4.53239E-02 4.61268E-02 4.68283E-02 4.71542E-02 4.75452E-02 4.80627E-02 4.80763E-02 4.87840E-02 4.88484E-02 4.90503E-02 4.95120E-02 5.01511E-02 4.98779E-02 5.08333E-02 5.05212E-02 5.04081E-02 5.01305E-02 5.07400E-02 5.01733E-02 5.07189E-02 5.06463E-02 5.07200E-02 5.05509E-02 5.03632E-02 4.97912E-02 4.94883E-02 5.15382E-02 4.88017E-02 4.17648E-02
