Yield function of production of Ti44 by protons, neutrons, alphas, pi+ and pi-, [(Ti44 atoms * cm2) / (g * prim. part. nucleon)] (computed with Geant4.10).
The primaries are protons.
Energy[GeV/nuc],depths[g/cm2]: 1 3 5 10 15 20 30 40 50 60 70 80 90 100 110 120 130 140 150 160 170 180 190 200 210 220 230 240 250 260 270 280 290 300 310 320 330 340 350 360 370 380 400 410 420 430 446.4
0.01 1.06309E-04 2.67712E-08 2.28482E-08 2.19554E-08 1.99632E-08 1.93877E-08 1.90314E-08 1.52967E-08 1.34997E-08 1.00972E-08 7.52410E-09 5.61970E-09 3.71566E-09 2.73782E-09 1.52132E-09 1.03997E-09 1.38146E-09 1.07103E-09 4.18524E-10 5.01695E-10 7.05843E-10 2.67209E-10 2.52564E-10 2.97782E-11 7.15097E-11 6.65515E-11 3.70953E-11 0.00000E+00 0.00000E+00 0.00000E+00 0.00000E+00 0.00000E+00 0.00000E+00 0.00000E+00 0.00000E+00 0.00000E+00 0.00000E+00 0.00000E+00 0.00000E+00 0.00000E+00 0.00000E+00 0.00000E+00 0.00000E+00 0.00000E+00 0.00000E+00 0.00000E+00 0.00000E+00
0.03 1.07805E-04 1.42767E-05 4.25163E-07 4.00321E-07 3.56704E-07 3.37605E-07 3.28398E-07 2.83757E-07 2.44677E-07 2.01698E-07 1.59532E-07 1.27852E-07 1.02642E-07 8.02874E-08 5.73486E-08 4.57548E-08 3.35229E-08 2.69281E-08 1.77406E-08 1.48440E-08 1.40168E-08 8.87845E-09 7.28325E-09 5.26705E-09 3.78283E-09 2.76996E-09 2.65603E-09 1.83593E-09 1.09658E-09 4.79174E-10 2.39438E-10 1.13160E-10 1.73646E-10 6.83134E-11 7.16025E-11 0.00000E+00 0.00000E+00 0.00000E+00 0.00000E+00 0.00000E+00 0.00000E+00 0.00000E+00 0.00000E+00 0.00000E+00 0.00000E+00 0.00000E+00 0.00000E+00
0.1 1.15789E-04 1.05488E-04 8.34768E-05 6.21596E-05 1.13650E-05 1.09015E-05 1.06437E-05 9.66702E-06 8.55677E-06 7.40379E-06 6.75878E-06 5.46403E-06 4.83579E-06 4.09961E-06 3.44041E-06 2.76253E-06 2.23113E-06 1.87399E-06 1.55112E-06 1.27573E-06 1.11897E-06 8.90154E-07 9.05570E-07 8.06306E-07 5.85480E-07 5.00326E-07 4.39882E-07 3.21751E-07 2.69051E-07 2.24594E-07 1.71654E-07 1.77455E-07 1.68555E-07 1.47503E-07 1.36840E-07 1.05585E-07 7.91075E-08 3.26659E-08 6.49634E-08 4.05391E-08 5.86729E-08 1.96940E-08 4.34873E-08 1.20963E-08 2.61307E-08 4.21256E-08 0.00000E+00
0.18 2.50436E-05 3.78732E-05 5.10387E-05 6.29363E-05 8.80366E-05 9.18515E-05 7.32790E-05 4.66242E-05 4.27745E-05 3.95957E-05 3.47425E-05 3.04363E-05 2.67120E-05 2.33482E-05 2.01301E-05 1.81321E-05 1.56615E-05 1.38022E-05 1.22436E-05 1.07805E-05 9.74008E-06 8.26169E-06 7.33309E-06 6.44342E-06 5.84095E-06 5.42414E-06 4.97854E-06 4.44495E-06 4.23561E-06 3.85883E-06 3.62996E-06 3.43026E-06 2.91247E-06 3.14641E-06 2.37449E-06 2.49858E-06 2.12309E-06 2.00262E-06 1.85774E-06 1.90695E-06 1.40141E-06 1.53199E-06 1.63981E-06 1.87747E-06 1.08694E-06 1.31520E-06 1.52895E-06
0.3 4.88626E-05 6.04748E-05 7.77826E-05 8.85062E-05 1.11530E-04 1.27587E-04 1.40089E-04 1.53435E-04 1.58527E-04 1.53874E-04 1.30770E-04 1.16174E-04 1.03348E-04 9.19596E-05 8.22099E-05 7.47774E-05 6.69729E-05 5.99646E-05 5.36741E-05 4.87548E-05 4.66983E-05 4.06565E-05 3.78101E-05 3.50814E-05 3.07161E-05 2.95227E-05 2.65011E-05 2.50063E-05 2.41265E-05 2.33965E-05 2.16593E-05 1.94225E-05 1.91365E-05 2.06275E-05 1.81039E-05 1.79274E-05 1.62144E-05 1.58170E-05 1.67969E-05 1.18444E-05 1.16213E-05 1.24228E-05 1.25223E-05 1.27312E-05 1.07026E-05 1.59692E-05 1.04179E-05
0.56 9.69948E-05 1.20420E-04 1.46163E-04 1.70444E-04 2.26487E-04 2.64062E-04 2.98536E-04 3.53476E-04 3.82738E-04 4.03668E-04 4.00749E-04 3.91684E-04 3.83292E-04 3.73027E-04 3.54371E-04 3.30685E-04 3.06932E-04 2.87652E-04 2.69014E-04 2.52549E-04 2.31604E-04 2.12090E-04 1.99433E-04 1.85916E-04 1.76989E-04 1.59958E-04 1.54759E-04 1.45176E-04 1.37435E-04 1.28724E-04 1.25617E-04 1.15276E-04 1.12809E-04 1.11855E-04 9.55336E-05 9.48415E-05 9.82508E-05 9.63823E-05 8.68687E-05 8.65208E-05 8.30673E-05 9.18358E-05 8.15595E-05 8.37974E-05 6.82906E-05 6.33267E-05 5.87835E-05
1.0 1.75061E-04 2.13360E-04 2.62786E-04 3.08198E-04 4.04483E-04 4.82811E-04 5.65836E-04 6.67221E-04 7.39052E-04 8.01027E-04 8.23368E-04 8.58557E-04 8.48868E-04 8.37896E-04 8.31024E-04 8.17454E-04 7.89562E-04 7.66889E-04 7.47340E-04 7.12924E-04 7.06642E-04 6.72215E-04 6.32258E-04 6.16861E-04 5.93246E-04 5.66487E-04 5.41055E-04 5.19467E-04 4.95462E-04 4.99431E-04 4.62914E-04 4.56070E-04 4.54977E-04 4.26084E-04 4.09850E-04 3.98955E-04 3.80202E-04 3.68792E-04 3.66540E-04 3.36555E-04 3.28464E-04 3.62136E-04 3.15870E-04 2.65672E-04 2.75080E-04 2.84260E-04 2.88673E-04
3.0 4.23529E-04 5.16205E-04 6.42480E-04 7.43120E-04 9.66291E-04 1.17660E-03 1.35449E-03 1.66218E-03 1.91107E-03 2.10579E-03 2.25314E-03 2.35702E-03 2.44908E-03 2.47763E-03 2.52280E-03 2.55777E-03 2.55445E-03 2.56785E-03 2.54287E-03 2.51085E-03 2.48554E-03 2.44234E-03 2.38275E-03 2.39384E-03 2.34228E-03 2.32403E-03 2.27138E-03 2.26622E-03 2.24871E-03 2.19409E-03 2.09968E-03 2.08382E-03 2.04447E-03 1.98806E-03 1.99343E-03 1.95022E-03 1.93080E-03 1.88080E-03 1.94348E-03 1.88120E-03 1.80376E-03 1.90179E-03 1.82342E-03 1.82164E-03 1.88414E-03 2.12335E-03 1.71321E-03
10.0 1.18159E-03 1.40287E-03 1.74161E-03 2.06006E-03 2.68167E-03 3.21156E-03 3.71676E-03 4.58570E-03 5.30668E-03 5.85018E-03 6.26951E-03 6.59684E-03 6.84557E-03 7.04310E-03 7.29040E-03 7.25612E-03 7.37399E-03 7.45357E-03 7.44827E-03 7.42633E-03 7.41103E-03 7.34877E-03 7.28618E-03 7.26791E-03 7.23599E-03 7.19865E-03 7.02217E-03 7.03970E-03 6.93116E-03 6.83793E-03 6.76941E-03 6.75524E-03 6.71331E-03 6.65126E-03 6.78693E-03 6.85917E-03 6.71764E-03 6.82178E-03 6.65923E-03 6.63375E-03 7.01518E-03 6.42712E-03 6.29803E-03 6.43777E-03 6.36760E-03 6.27876E-03 6.20315E-03
30.0 2.43871E-03 2.88059E-03 3.55261E-03 4.13926E-03 5.45437E-03 6.61491E-03 7.67781E-03 9.62536E-03 1.12988E-02 1.26279E-02 1.38232E-02 1.48229E-02 1.56797E-02 1.63902E-02 1.70565E-02 1.75437E-02 1.80230E-02 1.83707E-02 1.87144E-02 1.90507E-02 1.93260E-02 1.92274E-02 1.93766E-02 1.94910E-02 1.95737E-02 1.98473E-02 1.97439E-02 1.97934E-02 1.96787E-02 1.96316E-02 2.00065E-02 1.99931E-02 1.99505E-02 1.99826E-02 2.04388E-02 2.02404E-02 1.98698E-02 1.99657E-02 1.98767E-02 1.97987E-02 1.95134E-02 1.99429E-02 2.09048E-02 2.02525E-02 2.06861E-02 2.03610E-02 2.38291E-02
100.0 5.92123E-03 6.98339E-03 8.53376E-03 9.89990E-03 1.32417E-02 1.57432E-02 1.86249E-02 2.31218E-02 2.73048E-02 3.10732E-02 3.40893E-02 3.67633E-02 3.89595E-02 4.07845E-02 4.26026E-02 4.40572E-02 4.54372E-02 4.64578E-02 4.75698E-02 4.84837E-02 4.94111E-02 4.95159E-02 4.97216E-02 5.03155E-02 5.02893E-02 5.09181E-02 5.10001E-02 5.11371E-02 5.18002E-02 5.23641E-02 5.19998E-02 5.35590E-02 5.27901E-02 5.24806E-02 5.22653E-02 5.28771E-02 5.22762E-02 5.27108E-02 5.28137E-02 5.26779E-02 5.23770E-02 5.21691E-02 5.18017E-02 5.14827E-02 5.34701E-02 5.06418E-02 4.36733E-02
