Yield function of production of Ti44 by protons, neutrons, alphas, [(Ti44 atoms * cm2) / (g * prim. part. nucleon)] (computed with Geant4.10).
The primaries are protons.
Energy[GeV/nuc],depths[g/cm2]: 1 3 5 10 15 20 30 40 50 60 70 80 90 100 110 120 130 140 150 160 170 180 190 200 210 220 230 240 250 260 270 280 290 300 310 320 330 340 350 360 370 380 400 410 420 430 446.4
0.01 7.50318E-08 0.00000E+00 0.00000E+00 0.00000E+00 0.00000E+00 0.00000E+00 0.00000E+00 0.00000E+00 0.00000E+00 0.00000E+00 0.00000E+00 0.00000E+00 0.00000E+00 0.00000E+00 0.00000E+00 0.00000E+00 0.00000E+00 0.00000E+00 0.00000E+00 0.00000E+00 0.00000E+00 0.00000E+00 0.00000E+00 0.00000E+00 0.00000E+00 0.00000E+00 0.00000E+00 0.00000E+00 0.00000E+00 0.00000E+00 0.00000E+00 0.00000E+00 0.00000E+00 0.00000E+00 0.00000E+00 0.00000E+00 0.00000E+00 0.00000E+00 0.00000E+00 0.00000E+00 0.00000E+00 0.00000E+00 0.00000E+00 0.00000E+00 0.00000E+00 0.00000E+00 0.00000E+00
0.03 1.44983E-07 3.21620E-09 6.13188E-13 5.07161E-13 3.46219E-13 2.83983E-13 2.33145E-13 1.53604E-13 1.22909E-13 7.12352E-14 4.46522E-14 2.36268E-14 1.80245E-14 1.81865E-14 4.19923E-15 2.31755E-15 2.63595E-15 2.95283E-15 7.49620E-16 0.00000E+00 0.00000E+00 0.00000E+00 0.00000E+00 0.00000E+00 0.00000E+00 0.00000E+00 0.00000E+00 0.00000E+00 0.00000E+00 0.00000E+00 0.00000E+00 0.00000E+00 0.00000E+00 0.00000E+00 0.00000E+00 0.00000E+00 0.00000E+00 0.00000E+00 0.00000E+00 0.00000E+00 0.00000E+00 0.00000E+00 0.00000E+00 0.00000E+00 0.00000E+00 0.00000E+00 0.00000E+00
0.1 3.00384E-07 3.03816E-07 2.65359E-07 1.97536E-07 2.82442E-09 2.35085E-09 2.14453E-09 1.59829E-09 1.27823E-09 1.03565E-09 8.89985E-10 7.33606E-10 6.28272E-10 5.54471E-10 4.22977E-10 3.65968E-10 3.06775E-10 2.61606E-10 2.43603E-10 2.21388E-10 1.93708E-10 1.70708E-10 1.35806E-10 1.14857E-10 1.13925E-10 1.88468E-10 1.15429E-10 1.00557E-10 7.21771E-11 5.23423E-11 4.50973E-11 4.19178E-11 3.59857E-11 3.47872E-11 1.92942E-11 1.56645E-11 1.43531E-11 1.39732E-11 2.98580E-11 1.30247E-11 1.93952E-11 2.59175E-11 1.36259E-11 1.04594E-11 2.25947E-11 3.64251E-11 0.00000E+00
0.18 2.54585E-07 2.68334E-07 2.48372E-07 2.34984E-07 1.96568E-07 1.53870E-07 1.03609E-07 1.38313E-08 1.12431E-08 9.67203E-09 8.09168E-09 7.10553E-09 6.31963E-09 5.58633E-09 5.02707E-09 4.45862E-09 4.17499E-09 3.51781E-09 3.17420E-09 3.03872E-09 2.52207E-09 2.30654E-09 2.16647E-09 2.04027E-09 1.93793E-09 1.67557E-09 1.72791E-09 1.55251E-09 1.29320E-09 1.33238E-09 1.20344E-09 1.08899E-09 1.06006E-09 1.01285E-09 7.99336E-10 6.83769E-10 7.80469E-10 6.53364E-10 7.62491E-10 6.45773E-10 7.57201E-10 6.05390E-10 9.97457E-10 7.30382E-10 5.01389E-10 6.49158E-10 3.20284E-10
0.3 2.52210E-07 2.61880E-07 2.58933E-07 2.51627E-07 2.32522E-07 2.17606E-07 2.03807E-07 1.66904E-07 1.31567E-07 9.31620E-08 5.34435E-08 3.19121E-08 2.88733E-08 2.54623E-08 2.20017E-08 2.03987E-08 1.83046E-08 1.76701E-08 1.62201E-08 1.52025E-08 1.44066E-08 1.29163E-08 1.15526E-08 1.23571E-08 1.05281E-08 9.96386E-09 9.34680E-09 9.10465E-09 8.60673E-09 8.80250E-09 7.78310E-09 7.03539E-09 6.31576E-09 6.33266E-09 8.20571E-09 5.68346E-09 4.75259E-09 4.80477E-09 4.72417E-09 4.50267E-09 5.14793E-09 5.16857E-09 4.19175E-09 3.73589E-09 1.41912E-09 2.08178E-09 2.88623E-09
0.56 2.57933E-07 2.58481E-07 2.70648E-07 2.85874E-07 2.98493E-07 2.89087E-07 2.76327E-07 2.73219E-07 2.55975E-07 2.41696E-07 2.24195E-07 2.07094E-07 1.94012E-07 1.76162E-07 1.59169E-07 1.41507E-07 1.31744E-07 1.17203E-07 1.05911E-07 9.32777E-08 8.55473E-08 6.96735E-08 6.27824E-08 6.00634E-08 5.71322E-08 5.36797E-08 5.07891E-08 5.09101E-08 4.65191E-08 4.78073E-08 4.43215E-08 3.87665E-08 3.72420E-08 3.89850E-08 3.45818E-08 3.61833E-08 3.44399E-08 3.96241E-08 3.14400E-08 3.22090E-08 2.92299E-08 3.26517E-08 3.52147E-08 3.00595E-08 2.40102E-08 3.06607E-08 3.96133E-08
1.0 2.73876E-07 2.94042E-07 3.22814E-07 3.36287E-07 3.51568E-07 3.54385E-07 3.77979E-07 3.81777E-07 3.77082E-07 3.81107E-07 3.64127E-07 3.60200E-07 3.58557E-07 3.40124E-07 3.25103E-07 3.24175E-07 3.09006E-07 2.96685E-07 2.81777E-07 2.72202E-07 2.53219E-07 2.44515E-07 2.37949E-07 2.32138E-07 2.16009E-07 2.10936E-07 1.99728E-07 2.05864E-07 1.83673E-07 1.82490E-07 1.69776E-07 1.77066E-07 1.63783E-07 1.58581E-07 1.52642E-07 1.53701E-07 1.40230E-07 1.42821E-07 1.56028E-07 1.20988E-07 1.18670E-07 1.24143E-07 1.02082E-07 1.02517E-07 1.48718E-07 1.13066E-07 8.94284E-08
3.0 4.52975E-07 4.85031E-07 5.27151E-07 5.71129E-07 6.04097E-07 6.42088E-07 6.97146E-07 7.59276E-07 7.81778E-07 7.94577E-07 8.00474E-07 8.18134E-07 8.28502E-07 8.30968E-07 8.37549E-07 8.47092E-07 8.44202E-07 8.18287E-07 8.11529E-07 8.09272E-07 8.08661E-07 8.02982E-07 7.94029E-07 7.70753E-07 7.62204E-07 7.50173E-07 7.50057E-07 7.34610E-07 7.20721E-07 7.16414E-07 6.95082E-07 6.88861E-07 6.84687E-07 6.94113E-07 6.62913E-07 6.66868E-07 6.58103E-07 6.47185E-07 8.15274E-07 6.26560E-07 5.51788E-07 5.89930E-07 6.17208E-07 5.81673E-07 5.68829E-07 1.79609E-06 5.35988E-07
10.0 1.04519E-06 1.11329E-06 1.20529E-06 1.31939E-06 1.42770E-06 1.55873E-06 1.61132E-06 1.75226E-06 1.85025E-06 2.00803E-06 1.99430E-06 2.03574E-06 2.11682E-06 2.11513E-06 2.27712E-06 2.12984E-06 2.16131E-06 2.18694E-06 2.19870E-06 2.17760E-06 2.18725E-06 2.16130E-06 2.10517E-06 2.12036E-06 2.12294E-06 2.09834E-06 2.18281E-06 2.11865E-06 2.07779E-06 2.07766E-06 2.04852E-06 2.03499E-06 2.17700E-06 2.01505E-06 2.10659E-06 2.01677E-06 2.05997E-06 2.13098E-06 2.19666E-06 2.00356E-06 2.26115E-06 2.01496E-06 1.88691E-06 1.91192E-06 1.98222E-06 1.88205E-06 1.51505E-06
30.0 1.92576E-06 2.03515E-06 2.18143E-06 2.30774E-06 2.55809E-06 2.78006E-06 2.97798E-06 3.31504E-06 3.56776E-06 3.80720E-06 4.03989E-06 4.18185E-06 4.35752E-06 4.53544E-06 4.68849E-06 4.77433E-06 4.88840E-06 4.99653E-06 5.01710E-06 5.15859E-06 5.29143E-06 5.23177E-06 5.22629E-06 5.33346E-06 5.43454E-06 5.39483E-06 5.41983E-06 5.47494E-06 5.41481E-06 5.47043E-06 5.61301E-06 5.48863E-06 5.54780E-06 5.68595E-06 5.90843E-06 5.55390E-06 5.60842E-06 5.53625E-06 5.61742E-06 6.10116E-06 5.50151E-06 5.50156E-06 5.58115E-06 5.54773E-06 6.12453E-06 6.05070E-06 6.38694E-06
100.0 4.36843E-06 4.69202E-06 4.95940E-06 5.12998E-06 5.72878E-06 6.14898E-06 6.72326E-06 7.50932E-06 8.13861E-06 8.66373E-06 9.41379E-06 9.77741E-06 1.03342E-05 1.05555E-05 1.11180E-05 1.15363E-05 1.19561E-05 1.19202E-05 1.22070E-05 1.23316E-05 1.27496E-05 1.27550E-05 1.27519E-05 1.28066E-05 1.34469E-05 1.37224E-05 1.31950E-05 1.37331E-05 1.34796E-05 1.37519E-05 1.33451E-05 1.37958E-05 1.36630E-05 1.37860E-05 1.38465E-05 1.38449E-05 1.43159E-05 1.40967E-05 1.44638E-05 1.39973E-05 1.43999E-05 1.87892E-05 1.37887E-05 1.36197E-05 1.27414E-05 1.21027E-05 1.43416E-05
