Yield function of production of Ti44 by protons, neutrons, alphas, [(Ti44 atoms * cm2) / (g * prim. part. nucleon)] (computed with Geant4.10).
The primaries are protons.
Energy[GeV/nuc],depths[g/cm2]: 1 3 5 10 15 20 30 40 50 60 70 80 90 100 110 120 130 140 150 160 170 180 190 200 210 220 230 240 250 260 270 280 290 300 310 320 330 340 350 360 370 380 400 410 420 430 446.4
0.01 7.50318E-08 0.00000E+00 0.00000E+00 0.00000E+00 0.00000E+00 0.00000E+00 0.00000E+00 0.00000E+00 0.00000E+00 0.00000E+00 0.00000E+00 0.00000E+00 0.00000E+00 0.00000E+00 0.00000E+00 0.00000E+00 0.00000E+00 0.00000E+00 0.00000E+00 0.00000E+00 0.00000E+00 0.00000E+00 0.00000E+00 0.00000E+00 0.00000E+00 0.00000E+00 0.00000E+00 0.00000E+00 0.00000E+00 0.00000E+00 0.00000E+00 0.00000E+00 0.00000E+00 0.00000E+00 0.00000E+00 0.00000E+00 0.00000E+00 0.00000E+00 0.00000E+00 0.00000E+00 0.00000E+00 0.00000E+00 0.00000E+00 0.00000E+00 0.00000E+00 0.00000E+00 0.00000E+00
0.03 1.44983E-07 3.21620E-09 6.13188E-13 5.07161E-13 3.46219E-13 2.83983E-13 2.33145E-13 1.53604E-13 1.22909E-13 7.12352E-14 4.46522E-14 2.36268E-14 1.80245E-14 1.81865E-14 4.19923E-15 2.31755E-15 2.63595E-15 2.95283E-15 7.49620E-16 0.00000E+00 0.00000E+00 0.00000E+00 0.00000E+00 0.00000E+00 0.00000E+00 0.00000E+00 0.00000E+00 0.00000E+00 0.00000E+00 0.00000E+00 0.00000E+00 0.00000E+00 0.00000E+00 0.00000E+00 0.00000E+00 0.00000E+00 0.00000E+00 0.00000E+00 0.00000E+00 0.00000E+00 0.00000E+00 0.00000E+00 0.00000E+00 0.00000E+00 0.00000E+00 0.00000E+00 0.00000E+00
0.1 3.00384E-07 3.03816E-07 2.65359E-07 1.97536E-07 2.82442E-09 2.35085E-09 2.14453E-09 1.59829E-09 1.27823E-09 1.03565E-09 8.89985E-10 7.33606E-10 6.28272E-10 5.54471E-10 4.22977E-10 3.65968E-10 3.06775E-10 2.61606E-10 2.43603E-10 2.21388E-10 1.93708E-10 1.70708E-10 1.35806E-10 1.14857E-10 1.13925E-10 1.88468E-10 1.15429E-10 1.00557E-10 7.21771E-11 5.23423E-11 4.50973E-11 4.19178E-11 3.59857E-11 3.47872E-11 1.92942E-11 1.56645E-11 1.43531E-11 1.39732E-11 2.98580E-11 1.30247E-11 1.93952E-11 2.59175E-11 1.36259E-11 1.04594E-11 2.25947E-11 3.64251E-11 0.00000E+00
0.18 2.54585E-07 2.68334E-07 2.48372E-07 2.34984E-07 1.96568E-07 1.53870E-07 1.03609E-07 1.38313E-08 1.12431E-08 9.67203E-09 8.09168E-09 7.10553E-09 6.31963E-09 5.58633E-09 5.02707E-09 4.45862E-09 4.17499E-09 3.51781E-09 3.17420E-09 3.03872E-09 2.52207E-09 2.30654E-09 2.16647E-09 2.04027E-09 1.93793E-09 1.67557E-09 1.72791E-09 1.55251E-09 1.29320E-09 1.33238E-09 1.20344E-09 1.08899E-09 1.06006E-09 1.01285E-09 7.99336E-10 6.83769E-10 7.80469E-10 6.53364E-10 7.62491E-10 6.45773E-10 7.57201E-10 6.05390E-10 9.97457E-10 7.30382E-10 5.01389E-10 6.49158E-10 3.20284E-10
0.3 2.52736E-07 2.63804E-07 2.59734E-07 2.51627E-07 2.32522E-07 2.17606E-07 2.03810E-07 1.66904E-07 1.31567E-07 9.31620E-08 5.34435E-08 3.19121E-08 2.88733E-08 2.54623E-08 2.20017E-08 2.03987E-08 1.83046E-08 1.76701E-08 1.62201E-08 1.52025E-08 1.44066E-08 1.29163E-08 1.15526E-08 1.23571E-08 1.05281E-08 9.96386E-09 9.34680E-09 9.10465E-09 8.60673E-09 8.80250E-09 7.78310E-09 7.03539E-09 6.31576E-09 6.33266E-09 8.20571E-09 5.68346E-09 4.75259E-09 4.80477E-09 4.72417E-09 4.50267E-09 5.14793E-09 5.16857E-09 4.19175E-09 3.73589E-09 1.41912E-09 2.08178E-09 2.88623E-09
0.56 1.14818E-06 2.47226E-06 1.97200E-06 1.80126E-06 1.78934E-06 2.35909E-06 1.63475E-06 1.37930E-06 9.45598E-07 1.60451E-06 4.97299E-07 3.87030E-07 2.87815E-07 2.23361E-07 1.85767E-07 1.67253E-07 1.47767E-07 1.82397E-07 1.11242E-07 9.88439E-08 8.55473E-08 7.04087E-08 7.39610E-08 6.14952E-08 5.71322E-08 5.36797E-08 5.07953E-08 5.17192E-08 5.16624E-08 4.78073E-08 4.43215E-08 3.87665E-08 3.72420E-08 4.41373E-08 3.45818E-08 4.91144E-08 3.44399E-08 3.96241E-08 3.14400E-08 3.22090E-08 2.92299E-08 3.26517E-08 3.52147E-08 3.00595E-08 2.40102E-08 3.06607E-08 3.96133E-08
1.0 5.69670E-06 8.80664E-06 1.00133E-05 1.05171E-05 1.19792E-05 1.38901E-05 1.81346E-05 1.27289E-05 1.24064E-05 1.22862E-05 9.06151E-06 8.08353E-06 8.12519E-06 6.99430E-06 6.56426E-06 1.01686E-05 4.19072E-06 3.45638E-06 3.12180E-06 3.02766E-06 2.42889E-06 2.03201E-06 1.68427E-06 1.71667E-06 1.28806E-06 1.20097E-06 8.47495E-07 7.57108E-07 6.81050E-07 9.62046E-07 4.98188E-07 3.59594E-07 1.61495E-06 3.23933E-07 2.85814E-07 3.14792E-07 3.73367E-07 2.35347E-07 2.65889E-07 2.15431E-07 1.98444E-07 1.29227E-07 1.02082E-07 1.02517E-07 1.48718E-07 1.13066E-07 8.94284E-08
3.0 2.75805E-05 3.80902E-05 5.32839E-05 5.14478E-05 5.75519E-05 6.25912E-05 6.60307E-05 6.19134E-05 6.63389E-05 6.77440E-05 6.52316E-05 6.27709E-05 8.06485E-05 6.07952E-05 5.74575E-05 5.98214E-05 5.96302E-05 5.78288E-05 6.71752E-05 5.03648E-05 4.49944E-05 4.74652E-05 4.10359E-05 4.02043E-05 3.76343E-05 4.68537E-05 5.38975E-05 3.48117E-05 3.99470E-05 3.17855E-05 3.28544E-05 2.78031E-05 2.52063E-05 2.50486E-05 2.36414E-05 2.44600E-05 2.51164E-05 2.75924E-05 2.33436E-05 3.73157E-05 2.04918E-05 1.74446E-05 1.52086E-05 1.95791E-05 1.63151E-05 2.43323E-05 1.53428E-05
10.0 1.00377E-04 1.18042E-04 1.40866E-04 1.77296E-04 2.08761E-04 2.12349E-04 2.39126E-04 2.54140E-04 2.74252E-04 2.87290E-04 2.65123E-04 2.71828E-04 2.71924E-04 2.95168E-04 2.87977E-04 2.77820E-04 2.63215E-04 2.42571E-04 2.50822E-04 2.73653E-04 2.56352E-04 2.15805E-04 2.21351E-04 2.15714E-04 2.25323E-04 2.26304E-04 1.94730E-04 1.98695E-04 1.89298E-04 1.95164E-04 1.75507E-04 1.81570E-04 1.77854E-04 1.94683E-04 1.78991E-04 2.82527E-04 1.77872E-04 3.38107E-04 1.51239E-04 1.77854E-04 3.10310E-04 1.34625E-04 1.74565E-04 1.27197E-04 1.24237E-04 1.32608E-04 4.57323E-05
30.0 2.75681E-04 3.08328E-04 3.59963E-04 3.89237E-04 5.04343E-04 5.18857E-04 5.51877E-04 6.13799E-04 6.91582E-04 7.16160E-04 7.41025E-04 7.80390E-04 7.56180E-04 7.74066E-04 7.86355E-04 7.70943E-04 7.90931E-04 8.14091E-04 8.33045E-04 8.28343E-04 8.75923E-04 7.71580E-04 7.89133E-04 7.62935E-04 8.15755E-04 7.87926E-04 6.99900E-04 7.97068E-04 7.76024E-04 7.03829E-04 7.12675E-04 7.27117E-04 7.07273E-04 7.25859E-04 9.38454E-04 8.68713E-04 6.75612E-04 6.97241E-04 7.04043E-04 6.79660E-04 6.83245E-04 7.67340E-04 1.37841E-03 6.45467E-04 7.64726E-04 6.93881E-04 5.64126E-04
100.0 7.61684E-04 8.20245E-04 8.99938E-04 9.67796E-04 1.27738E-03 1.26466E-03 1.48698E-03 1.53241E-03 1.70254E-03 2.03352E-03 1.99719E-03 2.13727E-03 2.03858E-03 2.13333E-03 2.27756E-03 2.31352E-03 2.28570E-03 2.15896E-03 2.25810E-03 2.36923E-03 2.59552E-03 2.37440E-03 2.18919E-03 2.26562E-03 2.22647E-03 2.14787E-03 2.16488E-03 2.10054E-03 2.30170E-03 2.22677E-03 2.13525E-03 2.73951E-03 2.28252E-03 2.08632E-03 2.14861E-03 2.15092E-03 2.11719E-03 2.00603E-03 2.18187E-03 1.97197E-03 1.84053E-03 1.82464E-03 2.02429E-03 2.00809E-03 1.94467E-03 1.85225E-03 1.92276E-03
