Yield function of production of Ti44 by protons, neutrons, alphas, [(Ti44 atoms * cm2) / (g * prim. part. nucleon)] (computed with Geant4.10).
The primaries are alphas.
Energy[GeV/nuc],depths[g/cm2]: 1 3 5 10 15 20 30 40 50 60 70 80 90 100 110 120 130 140 150 160 170 180 190 200 210 220 230 240 250 260 270 280 290 300 310 320 330 340 350 360 370 380 400 410 420 430 446.4
0.01 1.75248E-04 2.17682E-07 1.90030E-07 1.82079E-07 1.69836E-07 1.65672E-07 1.44598E-07 1.22876E-07 1.07010E-07 8.84253E-08 7.01663E-08 5.74796E-08 6.01213E-08 3.99020E-08 2.75206E-08 2.09060E-08 1.58488E-08 1.29789E-08 8.07113E-09 6.16691E-09 7.25734E-09 5.02441E-09 2.20993E-09 1.04359E-09 1.63383E-09 1.68223E-09 1.80334E-09 7.77843E-10 5.04845E-11 1.03121E-10 0.00000E+00 0.00000E+00 0.00000E+00 0.00000E+00 0.00000E+00 0.00000E+00 0.00000E+00 0.00000E+00 0.00000E+00 0.00000E+00 0.00000E+00 0.00000E+00 0.00000E+00 0.00000E+00 0.00000E+00 0.00000E+00 0.00000E+00
0.03 1.78847E-04 2.77267E-05 3.03713E-06 2.85145E-06 2.73181E-06 2.61889E-06 2.52215E-06 2.34485E-06 2.06873E-06 1.77853E-06 1.57346E-06 1.38161E-06 1.11763E-06 9.18182E-07 7.39138E-07 6.09900E-07 5.00226E-07 4.12695E-07 3.34491E-07 2.82211E-07 2.30113E-07 1.78461E-07 1.51979E-07 1.20833E-07 1.09818E-07 1.04926E-07 7.91427E-08 7.58530E-08 5.93494E-08 3.53662E-08 3.46982E-08 3.11507E-08 3.67974E-08 2.11787E-08 1.09452E-08 8.48034E-09 9.59317E-09 9.31103E-09 1.65270E-08 6.91080E-09 9.60582E-09 5.38348E-09 2.28587E-09 4.20087E-09 7.08254E-09 1.43038E-08 5.68911E-08
0.1 2.93608E-04 2.72343E-04 2.25816E-04 1.78980E-04 7.30386E-05 7.20234E-05 7.15405E-05 6.82998E-05 6.37110E-05 5.78723E-05 5.19559E-05 4.62211E-05 4.09430E-05 3.62039E-05 3.18840E-05 2.81956E-05 2.39950E-05 2.12773E-05 1.91994E-05 1.64697E-05 1.50790E-05 1.33342E-05 1.19807E-05 1.06391E-05 9.60304E-06 9.38828E-06 7.55814E-06 6.63487E-06 6.38816E-06 5.65463E-06 5.66650E-06 4.60025E-06 4.31983E-06 4.00646E-06 3.82700E-06 3.68724E-06 3.19238E-06 3.83243E-06 3.14349E-06 2.98389E-06 3.20447E-06 2.99047E-06 2.85587E-06 2.92870E-06 2.32682E-06 2.28664E-06 5.51121E-06
0.18 3.59387E-04 3.71733E-04 3.73279E-04 3.74778E-04 3.66617E-04 3.46206E-04 3.18939E-04 2.74617E-04 2.68422E-04 2.51536E-04 2.33095E-04 2.16023E-04 1.95472E-04 1.77538E-04 1.62841E-04 1.48079E-04 1.31328E-04 1.18791E-04 1.08705E-04 9.92688E-05 8.91998E-05 8.38514E-05 7.51655E-05 6.84724E-05 6.27637E-05 5.63346E-05 5.32754E-05 5.12762E-05 4.41237E-05 4.46372E-05 4.23184E-05 3.64365E-05 3.53614E-05 3.17224E-05 3.05309E-05 2.89511E-05 2.97144E-05 2.88690E-05 2.81730E-05 2.86612E-05 2.65892E-05 2.89953E-05 2.69186E-05 3.14098E-05 3.45902E-05 1.86924E-05 2.61812E-05
0.3 2.12858E-04 2.90189E-04 4.03531E-04 4.98828E-04 6.35666E-04 7.00311E-04 7.34414E-04 7.83138E-04 8.06111E-04 7.84157E-04 7.46197E-04 7.09044E-04 6.62676E-04 6.27698E-04 5.86474E-04 5.41073E-04 5.01048E-04 4.63692E-04 4.34082E-04 4.03371E-04 3.75302E-04 3.50344E-04 3.23090E-04 3.03282E-04 2.77089E-04 2.58084E-04 2.52650E-04 2.41881E-04 2.19456E-04 2.14354E-04 1.97392E-04 1.86946E-04 1.87272E-04 1.98386E-04 1.69869E-04 1.69403E-04 1.72502E-04 1.58456E-04 1.47088E-04 1.36849E-04 1.26651E-04 1.23618E-04 1.37476E-04 1.35592E-04 1.11017E-04 1.11233E-04 7.08199E-05
0.56 4.15170E-04 5.12629E-04 6.22806E-04 7.28804E-04 9.59088E-04 1.15440E-03 1.31426E-03 1.56871E-03 1.76322E-03 1.89775E-03 1.98716E-03 2.00976E-03 2.00913E-03 2.00197E-03 1.95788E-03 1.90690E-03 1.83553E-03 1.77974E-03 1.71720E-03 1.63833E-03 1.56196E-03 1.48155E-03 1.42364E-03 1.35650E-03 1.28924E-03 1.24710E-03 1.20220E-03 1.16250E-03 1.10376E-03 1.04897E-03 1.02391E-03 9.95364E-04 9.55459E-04 9.29214E-04 9.08051E-04 8.96145E-04 8.49762E-04 8.24029E-04 7.82256E-04 7.48096E-04 7.74519E-04 7.89336E-04 8.10195E-04 7.28999E-04 6.75617E-04 6.84933E-04 7.25943E-04
1.0 7.10765E-04 8.65546E-04 1.05886E-03 1.23312E-03 1.63056E-03 1.97453E-03 2.29166E-03 2.79027E-03 3.18222E-03 3.48181E-03 3.65490E-03 3.81965E-03 3.88227E-03 3.86197E-03 3.87087E-03 3.84401E-03 3.82082E-03 3.76318E-03 3.66162E-03 3.57910E-03 3.47443E-03 3.37792E-03 3.30150E-03 3.20941E-03 3.11709E-03 3.01398E-03 2.96002E-03 2.83264E-03 2.74927E-03 2.64140E-03 2.62694E-03 2.56590E-03 2.50427E-03 2.43270E-03 2.38352E-03 2.31016E-03 2.40157E-03 2.16940E-03 2.16908E-03 2.26389E-03 2.09541E-03 2.12380E-03 2.01439E-03 1.96394E-03 2.05979E-03 1.86397E-03 1.84992E-03
3.0 1.64648E-03 1.97267E-03 2.43535E-03 2.86740E-03 3.78076E-03 4.58029E-03 5.34474E-03 6.62019E-03 7.62409E-03 8.46865E-03 9.08328E-03 9.60276E-03 1.00483E-02 1.03020E-02 1.04449E-02 1.05288E-02 1.06535E-02 1.06696E-02 1.05500E-02 1.05288E-02 1.04062E-02 1.03117E-02 1.02173E-02 1.00332E-02 9.87527E-03 9.69375E-03 9.55212E-03 9.40560E-03 9.23227E-03 9.09810E-03 9.05884E-03 8.91884E-03 8.84915E-03 8.65105E-03 8.62707E-03 8.56341E-03 8.66014E-03 8.34016E-03 8.57601E-03 8.20384E-03 7.95618E-03 8.09829E-03 8.13734E-03 7.85942E-03 7.85240E-03 8.49033E-03 7.23947E-03
10.0 4.12400E-03 4.93291E-03 6.10316E-03 7.09574E-03 9.43549E-03 1.15466E-02 1.34828E-02 1.68075E-02 1.96356E-02 2.19004E-02 2.37619E-02 2.52449E-02 2.63715E-02 2.73226E-02 2.78162E-02 2.83197E-02 2.86636E-02 2.89945E-02 2.90277E-02 2.91705E-02 2.90044E-02 2.90532E-02 2.90920E-02 2.90355E-02 2.86874E-02 2.87308E-02 2.85418E-02 2.83398E-02 2.78899E-02 2.78384E-02 2.74629E-02 2.73019E-02 2.69953E-02 2.71395E-02 2.65476E-02 2.65088E-02 2.64513E-02 2.62057E-02 2.64325E-02 2.63152E-02 2.58330E-02 2.65962E-02 2.75854E-02 2.63082E-02 2.73622E-02 2.57095E-02 2.72573E-02
30.0 8.80179E-03 1.05008E-02 1.29158E-02 1.52392E-02 2.02912E-02 2.48240E-02 2.92101E-02 3.68286E-02 4.32493E-02 4.89229E-02 5.35289E-02 5.77661E-02 6.09313E-02 6.39619E-02 6.61183E-02 6.83615E-02 7.01007E-02 7.20420E-02 7.30914E-02 7.38408E-02 7.48694E-02 7.57297E-02 7.61272E-02 7.58681E-02 7.61510E-02 7.68315E-02 7.63604E-02 7.65455E-02 7.58875E-02 7.63918E-02 7.60991E-02 7.59695E-02 7.61551E-02 7.61159E-02 7.53647E-02 7.57591E-02 7.47079E-02 7.50292E-02 7.40989E-02 7.36613E-02 7.45377E-02 7.50959E-02 7.44474E-02 7.13783E-02 6.91679E-02 7.39771E-02 7.29360E-02
100.0 2.06865E-02 2.43343E-02 3.04353E-02 3.51744E-02 4.75334E-02 5.76428E-02 6.75266E-02 8.57965E-02 1.01603E-01 1.15644E-01 1.27296E-01 1.37031E-01 1.45058E-01 1.53933E-01 1.60389E-01 1.69090E-01 1.75455E-01 1.81007E-01 1.85713E-01 1.91606E-01 1.94848E-01 1.98098E-01 1.99453E-01 2.03509E-01 2.07893E-01 2.10109E-01 2.10323E-01 2.11040E-01 2.17859E-01 2.16803E-01 2.15127E-01 2.19992E-01 2.19384E-01 2.23651E-01 2.25337E-01 2.25823E-01 2.22250E-01 2.21478E-01 2.25107E-01 2.22202E-01 2.17370E-01 2.13849E-01 2.16142E-01 2.15090E-01 2.19004E-01 2.08622E-01 1.96412E-01
