Yield function of production of Ti44 by protons, neutrons, alphas, pi+ and pi-, [(Ti44 atoms * cm2) / (g * prim. part. nucleon)] (computed with Geant4.10).
The primaries are protons.
Energy[GeV/nuc],depths[g/cm2]: 1 3 5 10 15 20 30 40 50 60 70 85.56
0.01 2.04116E-04 2.58546E-08 2.29430E-08 2.19395E-08 2.14664E-08 2.17225E-08 2.23226E-08 1.91998E-08 1.53639E-08 1.26600E-08 1.31714E-08 1.19601E-08
0.03 2.07354E-04 2.71252E-05 4.15446E-07 3.94973E-07 3.81510E-07 3.82812E-07 3.80283E-07 3.65899E-07 3.55095E-07 3.42978E-07 3.31410E-07 3.26952E-07
0.1 2.30149E-04 2.07617E-04 1.58178E-04 1.15654E-04 1.27587E-05 1.30210E-05 1.31651E-05 1.33011E-05 1.34881E-05 1.31031E-05 1.35887E-05 1.30137E-05
0.18 4.28128E-05 7.11228E-05 9.85614E-05 1.07956E-04 1.53780E-04 1.60089E-04 1.21430E-04 6.36225E-05 6.39839E-05 6.67043E-05 6.73293E-05 6.64422E-05
0.3 6.79571E-05 8.34982E-05 1.07756E-04 1.18794E-04 1.52868E-04 1.91206E-04 2.33958E-04 2.49566E-04 2.79451E-04 3.07647E-04 2.60579E-04 2.30059E-04
0.56 1.19914E-04 1.46405E-04 1.80603E-04 2.07415E-04 2.72008E-04 3.24304E-04 3.73687E-04 4.48562E-04 5.20341E-04 5.71683E-04 5.87881E-04 5.87097E-04
1.0 1.73417E-04 2.08685E-04 2.58832E-04 3.02895E-04 4.02596E-04 4.84420E-04 5.56969E-04 6.92297E-04 7.97308E-04 8.55565E-04 9.28056E-04 9.65361E-04
3.0 3.12001E-04 3.74573E-04 4.63121E-04 5.57002E-04 7.13190E-04 8.82739E-04 1.03787E-03 1.30173E-03 1.53468E-03 1.65700E-03 1.77528E-03 1.88627E-03
10.0 7.37607E-04 8.85208E-04 1.09844E-03 1.29077E-03 1.70765E-03 2.08711E-03 2.40657E-03 2.98834E-03 3.49188E-03 3.88896E-03 4.29169E-03 4.59734E-03
30.0 1.02520E-03 1.19560E-03 1.47293E-03 1.72838E-03 2.32263E-03 2.92735E-03 3.39083E-03 4.21888E-03 5.01615E-03 5.51778E-03 6.14554E-03 6.19883E-03
100.0 1.76509E-03 2.15978E-03 2.60632E-03 3.11094E-03 4.16158E-03 5.11588E-03 5.85367E-03 7.49338E-03 8.99689E-03 9.94775E-03 1.06752E-02 1.08966E-02
