Yield function of production of Ti44 by protons, neutrons, alphas, pi+ and pi-, [(Ti44 atoms * cm2) / (g * prim. part. nucleon)] (computed with Geant4.10).
The primaries are alphas.
Energy[GeV/nuc],depths[g/cm2]: 1 3 5 10 15 20 30 40 50 60 70 85.56
0.01 3.93435E-07 2.11309E-07 1.83538E-07 1.77096E-07 1.75779E-07 1.73693E-07 1.74487E-07 1.68872E-07 1.56497E-07 1.47629E-07 1.46445E-07 2.02314E-07
0.03 3.58843E-06 3.95695E-06 3.12266E-06 3.00772E-06 2.98329E-06 3.06937E-06 3.07895E-06 3.16462E-06 3.26922E-06 3.26720E-06 3.17050E-06 3.18086E-06
0.1 4.65429E-05 6.61055E-05 8.01223E-05 8.51661E-05 8.39431E-05 8.66183E-05 8.89489E-05 9.39136E-05 9.70627E-05 9.80793E-05 1.00276E-04 1.00336E-04
0.18 1.27598E-04 1.66441E-04 2.08321E-04 2.39468E-04 2.94483E-04 3.33856E-04 3.54552E-04 3.76540E-04 3.95645E-04 4.06719E-04 4.13915E-04 4.00556E-04
0.3 2.52201E-04 3.14857E-04 3.83108E-04 4.56316E-04 6.00184E-04 6.97940E-04 8.09868E-04 9.71024E-04 1.08390E-03 1.17090E-03 1.22687E-03 1.26130E-03
0.56 4.43614E-04 5.34032E-04 6.68519E-04 7.65705E-04 1.01977E-03 1.21783E-03 1.41854E-03 1.72818E-03 1.99415E-03 2.23168E-03 2.32796E-03 2.44971E-03
1.0 6.56019E-04 7.93332E-04 9.82069E-04 1.15591E-03 1.51083E-03 1.85778E-03 2.16506E-03 2.68944E-03 3.10202E-03 3.42661E-03 3.67971E-03 3.79763E-03
3.0 1.23717E-03 1.49102E-03 1.84050E-03 2.14958E-03 2.83212E-03 3.48768E-03 4.07539E-03 5.05673E-03 5.90266E-03 6.47997E-03 6.90845E-03 7.36800E-03
10.0 2.56347E-03 3.11896E-03 3.84458E-03 4.45379E-03 5.93334E-03 7.24231E-03 8.56693E-03 1.09256E-02 1.26866E-02 1.41804E-02 1.53190E-02 1.56465E-02
30.0 4.22426E-03 5.12773E-03 6.30787E-03 7.30662E-03 9.82442E-03 1.21681E-02 1.41168E-02 1.79379E-02 2.06081E-02 2.33673E-02 2.45986E-02 2.53816E-02
100.0 7.88243E-03 9.41933E-03 1.17499E-02 1.36537E-02 1.81871E-02 2.30113E-02 2.63286E-02 3.35945E-02 4.01315E-02 4.60624E-02 4.81601E-02 4.96972E-02
