Yield function of production of Ti44 by protons, neutrons, alphas, [(Ti44 atoms * cm2) / (g * prim. part. nucleon)] (computed with Geant4.10).
The primaries are protons.
Energy[GeV/nuc],depths[g/cm2]: 1 3 10 20 30 40 50 60 71.6
0.01 7.50038E-08 0.00000E+00 0.00000E+00 0.00000E+00 0.00000E+00 0.00000E+00 0.00000E+00 0.00000E+00 0.00000E+00
0.03 1.45535E-07 3.25346E-09 7.41610E-13 5.97470E-13 3.79806E-13 2.35682E-13 1.91156E-13 2.36790E-13 9.38796E-14
0.1 3.39390E-07 3.30970E-07 2.84925E-07 3.85987E-09 3.25338E-09 2.87210E-09 2.66815E-09 2.60069E-09 2.16343E-09
0.18 3.20915E-07 3.41704E-07 3.28267E-07 2.51696E-07 1.46396E-07 2.49027E-08 2.26824E-08 2.27887E-08 2.12840E-08
0.3 3.34591E-07 3.53012E-07 3.66199E-07 3.70842E-07 3.60000E-07 3.28943E-07 3.00959E-07 2.60003E-07 1.78583E-07
0.56 3.82149E-07 4.11167E-07 4.19977E-07 4.51854E-07 4.71059E-07 4.80196E-07 4.85547E-07 5.04731E-07 4.87190E-07
1.0 3.82895E-07 4.15651E-07 4.34552E-07 4.91142E-07 5.17475E-07 5.45093E-07 5.40276E-07 6.29910E-07 5.73469E-07
3.0 4.80994E-07 5.16247E-07 5.48977E-07 6.41259E-07 7.26862E-07 7.76136E-07 8.12670E-07 8.81307E-07 8.55538E-07
10.0 8.81286E-07 9.63145E-07 1.05191E-06 1.24346E-06 1.44397E-06 1.55611E-06 1.67009E-06 1.67603E-06 1.71296E-06
30.0 9.92908E-07 1.05531E-06 1.15378E-06 1.39653E-06 1.57378E-06 1.69950E-06 1.88870E-06 1.91959E-06 2.48104E-06
100.0 1.56671E-06 1.75459E-06 1.84552E-06 2.22114E-06 2.99011E-06 2.83557E-06 3.06744E-06 3.26994E-06 3.61590E-06
