Yield function of production of Ti44 by protons, neutrons, alphas, [(Ti44 atoms * cm2) / (g * prim. part. nucleon)] (computed with Geant4.10).
The primaries are alphas.
Energy[GeV/nuc],depths[g/cm2]: 1 3 10 20 30 40 50 60 71.6
0.01 1.75530E-04 2.16631E-07 1.97405E-07 1.88197E-07 1.92609E-07 2.07341E-07 2.19074E-07 2.17339E-07 2.06145E-07
0.03 1.80099E-04 2.81915E-05 3.19640E-06 3.13890E-06 3.30371E-06 3.47426E-06 3.57874E-06 3.52403E-06 3.57981E-06
0.1 3.22010E-04 2.93517E-04 2.47327E-04 8.87652E-05 9.48991E-05 1.00875E-04 1.03959E-04 1.08964E-04 1.11252E-04
0.18 4.18389E-04 4.41089E-04 4.47909E-04 4.54577E-04 4.33789E-04 4.01043E-04 4.10838E-04 4.30284E-04 4.27630E-04
0.3 3.05500E-04 3.93427E-04 5.23733E-04 8.08346E-04 9.84110E-04 1.12376E-03 1.22029E-03 1.25098E-03 1.28784E-03
0.56 4.08548E-04 4.90307E-04 6.06740E-04 9.25744E-04 1.28750E-03 1.58097E-03 1.77351E-03 1.92981E-03 2.02416E-03
1.0 5.90343E-04 7.05331E-04 8.88518E-04 1.34969E-03 1.93808E-03 2.35515E-03 2.73570E-03 2.98375E-03 3.17926E-03
3.0 1.05994E-03 1.26841E-03 1.58619E-03 2.45519E-03 3.55194E-03 4.43150E-03 5.23915E-03 5.55195E-03 6.04402E-03
10.0 2.13962E-03 2.55298E-03 3.22012E-03 5.01246E-03 7.23238E-03 9.13493E-03 1.05867E-02 1.15090E-02 1.22404E-02
30.0 3.46036E-03 4.11902E-03 5.16386E-03 8.10588E-03 1.17834E-02 1.49428E-02 1.73625E-02 1.89798E-02 2.00354E-02
100.0 5.85490E-03 7.02797E-03 9.12951E-03 1.41770E-02 2.04957E-02 2.56140E-02 3.00872E-02 3.38858E-02 4.54013E-02
