Yield function of production of Ti44 by protons, neutrons, alphas, [(Ti44 atoms * cm2) / (g * prim. part. nucleon)] (computed with Geant4.10).
The primaries are protons.
Energy[GeV/nuc],depths[g/cm2]: 1 3 10 20 30 40 50 60 71.6
0.01 1.06306E-04 2.58702E-08 2.36270E-08 2.28088E-08 2.40648E-08 2.30693E-08 2.24760E-08 2.38114E-08 1.90113E-08
0.03 1.08415E-04 1.44583E-05 4.46101E-07 4.15419E-07 4.14280E-07 4.21616E-07 4.11320E-07 4.06827E-07 3.89527E-07
0.1 1.27779E-04 1.14820E-04 9.00428E-05 1.40368E-05 1.39641E-05 1.48284E-05 1.49669E-05 1.61487E-05 1.60728E-05
0.18 3.57136E-05 5.40209E-05 7.42244E-05 1.12148E-04 1.00082E-04 6.94714E-05 7.19839E-05 7.27741E-05 7.40412E-05
0.3 6.48092E-05 7.81699E-05 9.78528E-05 1.48694E-04 2.04777E-04 2.45639E-04 2.77050E-04 3.05440E-04 2.74388E-04
0.56 1.07863E-04 1.31452E-04 1.62945E-04 2.47231E-04 3.48774E-04 4.17339E-04 4.79176E-04 5.10517E-04 5.16031E-04
1.0 1.57991E-04 1.92464E-04 2.35815E-04 3.66233E-04 5.17926E-04 6.31721E-04 7.10823E-04 8.12886E-04 8.51508E-04
3.0 2.67192E-04 3.22103E-04 3.99180E-04 6.24122E-04 8.89787E-04 1.10435E-03 1.24739E-03 1.42514E-03 1.45760E-03
10.0 6.29980E-04 7.59041E-04 9.58602E-04 1.45960E-03 2.09585E-03 2.62445E-03 3.06521E-03 3.26556E-03 3.36190E-03
30.0 7.99734E-04 9.55345E-04 1.19480E-03 1.87997E-03 2.73267E-03 3.43532E-03 3.92526E-03 4.42212E-03 4.93055E-03
100.0 1.43314E-03 1.72857E-03 2.13181E-03 3.38151E-03 5.03209E-03 6.26976E-03 7.35199E-03 8.01539E-03 8.51636E-03
