Yield function of production of Ti44 by protons, neutrons, alphas, [(Ti44 atoms * cm2) / (g * prim. part. nucleon)] (computed with Geant4.10).
The primaries are protons.
Energy[GeV/nuc],depths[g/cm2]: 1 3 10 20 30 40 50 60 71.6
0.01 7.50038E-08 0.00000E+00 0.00000E+00 0.00000E+00 0.00000E+00 0.00000E+00 0.00000E+00 0.00000E+00 0.00000E+00
0.03 1.45535E-07 3.25346E-09 7.41610E-13 5.97470E-13 3.79806E-13 2.35682E-13 1.91156E-13 2.36790E-13 9.38796E-14
0.1 3.39390E-07 3.30970E-07 2.84925E-07 3.85987E-09 3.25338E-09 2.87210E-09 2.66815E-09 2.60069E-09 2.16343E-09
0.18 3.20915E-07 3.41704E-07 3.28267E-07 2.51696E-07 1.46396E-07 2.49027E-08 2.26824E-08 2.27887E-08 2.12840E-08
0.3 3.36486E-07 3.54233E-07 3.69921E-07 3.72236E-07 3.61015E-07 3.29484E-07 3.00959E-07 2.60003E-07 1.78583E-07
0.56 1.55552E-06 2.64216E-06 2.40868E-06 2.82974E-06 2.55020E-06 2.32555E-06 1.93116E-06 1.01355E-05 1.59930E-06
1.0 1.06951E-05 1.30848E-05 1.57121E-05 2.25703E-05 2.79973E-05 2.42724E-05 2.79916E-05 2.26605E-05 1.88098E-05
3.0 4.51064E-05 5.40707E-05 6.01199E-05 7.99155E-05 1.02463E-04 1.01287E-04 1.25301E-04 1.03254E-04 1.09778E-04
10.0 1.54593E-04 1.84911E-04 1.99580E-04 2.76495E-04 3.19974E-04 3.84427E-04 3.71191E-04 3.70613E-04 3.56146E-04
30.0 2.88866E-04 3.24192E-04 3.71504E-04 4.67425E-04 5.58193E-04 5.93652E-04 6.33706E-04 6.63367E-04 6.83752E-04
100.0 5.99181E-04 6.85404E-04 7.31113E-04 9.25787E-04 1.04647E-03 1.49168E-03 1.30311E-03 1.54308E-03 1.85211E-03
