Yield function of production of Ti44 by protons, neutrons, alphas, [(Ti44 atoms * cm2) / (g * prim. part. nucleon)] (computed with Geant4.10).
The primaries are alphas.
Energy[GeV/nuc],depths[g/cm2]: 1 3 10 20 30 40 50 60 71.6
0.01 7.92715E-07 1.19226E-12 8.02049E-13 4.85171E-13 3.77753E-13 3.98253E-13 5.73621E-13 2.68997E-13 1.64704E-12
0.03 4.44243E-07 3.90843E-08 9.75141E-10 6.85590E-10 5.92260E-10 5.11997E-10 4.59400E-10 4.47244E-10 4.10943E-10
0.1 3.39585E-07 3.35091E-07 2.96096E-07 5.28013E-08 4.30807E-08 3.86162E-08 3.63581E-08 3.39796E-08 3.64487E-08
0.18 3.81183E-07 4.26986E-07 4.40250E-07 4.26100E-07 3.32038E-07 2.08541E-07 1.94712E-07 1.86876E-07 1.65761E-07
0.3 5.42449E-07 6.05706E-07 6.64553E-07 7.34989E-07 8.09846E-07 8.30210E-07 7.95379E-07 7.53940E-07 7.02166E-07
0.56 8.56276E-07 9.20485E-07 1.01214E-06 1.17950E-06 1.32113E-06 1.42390E-06 1.47006E-06 1.47700E-06 1.47427E-06
1.0 1.07138E-06 1.16929E-06 1.25447E-06 1.47456E-06 1.68349E-06 1.89204E-06 1.91622E-06 1.89964E-06 1.86268E-06
3.0 1.62821E-06 1.75623E-06 1.94221E-06 2.38943E-06 2.67225E-06 2.91997E-06 3.09900E-06 3.21866E-06 3.26572E-06
10.0 2.75285E-06 3.01189E-06 3.35754E-06 4.03874E-06 4.73277E-06 5.43418E-06 5.64321E-06 5.79793E-06 6.19497E-06
30.0 3.95981E-06 4.29698E-06 4.75794E-06 5.75223E-06 7.04541E-06 7.45550E-06 8.09262E-06 8.45956E-06 8.47173E-06
100.0 6.26451E-06 6.73635E-06 8.09295E-06 9.01438E-06 1.13557E-05 1.26729E-05 1.45238E-05 1.35070E-05 1.49851E-05
