Yield function of production of Ti44 by protons, neutrons, alphas, pi+ and pi-, [(Ti44 atoms * cm2) / (g * prim. part. nucleon)] (computed with Geant4.10).
The primaries are protons.
Energy[GeV/nuc],depths[g/cm2]: 1 3 10 20 30 40 50 60 71.6
0.01 1.06306E-04 2.58702E-08 2.36270E-08 2.28088E-08 2.40648E-08 2.30693E-08 2.24760E-08 2.38114E-08 1.90113E-08
0.03 1.08415E-04 1.44583E-05 4.46101E-07 4.15419E-07 4.14280E-07 4.21616E-07 4.11320E-07 4.06827E-07 3.89527E-07
0.1 1.27779E-04 1.14820E-04 9.00428E-05 1.40368E-05 1.39641E-05 1.48284E-05 1.49669E-05 1.61487E-05 1.60728E-05
0.18 3.57136E-05 5.40209E-05 7.42244E-05 1.12148E-04 1.00082E-04 6.94714E-05 7.19839E-05 7.27741E-05 7.40412E-05
0.3 6.48111E-05 7.81711E-05 9.78565E-05 1.48696E-04 2.04778E-04 2.45640E-04 2.77050E-04 3.05440E-04 2.74388E-04
0.56 1.09036E-04 1.33683E-04 1.64934E-04 2.49609E-04 3.50853E-04 4.19184E-04 4.80622E-04 5.20148E-04 5.17143E-04
1.0 1.68304E-04 2.05133E-04 2.51093E-04 3.88312E-04 5.45406E-04 6.55449E-04 7.38275E-04 8.34917E-04 8.69744E-04
3.0 3.11817E-04 3.75657E-04 4.58751E-04 7.03396E-04 9.91523E-04 1.20487E-03 1.37188E-03 1.52751E-03 1.56652E-03
10.0 7.83692E-04 9.42989E-04 1.15713E-03 1.73485E-03 2.41438E-03 3.00732E-03 3.43473E-03 3.63450E-03 3.71633E-03
30.0 1.08761E-03 1.27848E-03 1.56515E-03 2.34600E-03 3.28929E-03 4.02728E-03 4.55707E-03 5.08356E-03 5.61182E-03
100.0 2.03075E-03 2.41222E-03 2.86107E-03 4.30507E-03 6.07557E-03 7.75861E-03 8.65204E-03 9.55520E-03 1.03649E-02
