Yield function of production of Ti44 by protons, neutrons, alphas, pi+ and pi-, [(Ti44 atoms * cm2) / (g * prim. part. nucleon)] (computed with Geant4.10).
The primaries are alphas.
Energy[GeV/nuc],depths[g/cm2]: 1 3 10 20 30 40 50 60 71.6
0.01 1.75530E-04 2.16631E-07 1.97405E-07 1.88197E-07 1.92609E-07 2.07341E-07 2.19074E-07 2.17339E-07 2.06145E-07
0.03 1.80099E-04 2.81915E-05 3.19640E-06 3.13890E-06 3.30371E-06 3.47426E-06 3.57874E-06 3.52403E-06 3.57981E-06
0.1 3.22010E-04 2.93517E-04 2.47327E-04 8.87652E-05 9.48991E-05 1.00875E-04 1.03959E-04 1.08964E-04 1.11252E-04
0.18 4.18397E-04 4.41089E-04 4.47909E-04 4.54578E-04 4.33789E-04 4.01043E-04 4.10838E-04 4.30284E-04 4.27630E-04
0.3 3.05547E-04 3.93445E-04 5.23752E-04 8.08370E-04 9.84133E-04 1.12381E-03 1.22033E-03 1.25099E-03 1.28784E-03
0.56 4.14795E-04 4.96142E-04 6.18321E-04 9.33884E-04 1.29609E-03 1.58836E-03 1.78077E-03 1.93751E-03 2.03287E-03
1.0 6.28452E-04 7.52829E-04 9.42427E-04 1.43403E-03 2.06256E-03 2.44590E-03 2.84324E-03 3.06648E-03 3.25585E-03
3.0 1.21728E-03 1.45901E-03 1.80565E-03 2.74577E-03 3.96255E-03 4.76816E-03 5.64402E-03 5.93974E-03 6.44398E-03
10.0 2.72667E-03 3.20580E-03 4.00522E-03 5.98284E-03 8.42253E-03 1.04919E-02 1.19542E-02 1.29153E-02 1.37311E-02
30.0 4.74089E-03 5.56608E-03 6.81451E-03 1.01731E-02 1.43410E-02 1.82176E-02 2.06909E-02 2.19291E-02 2.31471E-02
100.0 8.28813E-03 9.69792E-03 1.22107E-02 1.83661E-02 2.55714E-02 3.12474E-02 3.62204E-02 3.92134E-02 5.15704E-02
