Yield function of production of Ti44 by protons, neutrons, alphas, [(Ti44 atoms * cm2) / (g * prim. part. nucleon)] (computed with Geant4.10).
The primaries are alphas.
Energy[GeV/nuc],depths[g/cm2]: 1 3 10 20 30 40 50 60 71.6
0.01 7.92715E-07 1.19226E-12 8.02049E-13 4.85171E-13 3.77753E-13 3.98253E-13 5.73621E-13 2.68997E-13 1.64704E-12
0.03 4.44243E-07 3.90843E-08 9.75141E-10 6.85590E-10 5.92260E-10 5.11997E-10 4.59400E-10 4.47244E-10 4.10943E-10
0.1 3.39585E-07 3.35091E-07 2.96096E-07 5.28013E-08 4.30807E-08 3.86162E-08 3.63581E-08 3.39796E-08 3.64487E-08
0.18 3.89043E-07 4.26986E-07 4.40279E-07 4.26127E-07 3.32038E-07 2.08541E-07 1.94712E-07 1.86876E-07 1.65761E-07
0.3 5.89434E-07 6.23501E-07 6.83573E-07 7.59379E-07 8.32978E-07 8.78232E-07 8.33012E-07 7.62865E-07 7.02166E-07
0.56 7.10275E-06 6.75465E-06 1.25922E-05 9.32002E-06 9.91471E-06 8.81126E-06 8.72948E-06 9.17375E-06 1.01826E-05
1.0 3.91805E-05 4.86668E-05 5.51636E-05 8.58174E-05 1.26157E-04 9.26342E-05 1.09454E-04 8.46327E-05 7.84558E-05
3.0 1.58973E-04 1.92354E-04 2.21394E-04 2.92968E-04 4.13283E-04 3.39586E-04 4.07976E-04 3.91012E-04 4.03225E-04
10.0 5.89801E-04 6.55833E-04 7.88455E-04 9.74426E-04 1.19488E-03 1.36238E-03 1.37314E-03 1.41202E-03 1.49692E-03
30.0 1.28448E-03 1.45136E-03 1.65541E-03 2.07294E-03 2.56461E-03 3.28225E-03 3.33646E-03 2.95775E-03 3.12024E-03
100.0 2.43949E-03 2.67668E-03 3.08927E-03 4.19813E-03 5.08713E-03 5.64604E-03 6.14770E-03 5.34109E-03 6.18412E-03
