Yield function of production of Ti44 by protons, neutrons, alphas, [(Ti44 atoms * cm2) / (g * prim. part. nucleon)] (computed with Geant4.10).
The primaries are alphas.
Energy[GeV/nuc],depths[g/cm2]: 0 1 3 5 15.03 25.06 35.09 45.12 55.15 65.18 75.21 85.24 95.27 105.3 115.33 125.36 135.39 145.42 155.45 165.48 175.51 185.54 195.57 205.6 215.63 225.66 235.69 245.72 255.75 265.78 275.81 285.84 295.87 305.9 315.93 325.96 335.99 346.02 356.05 366.08 376.11 386.14 396.17 406.2 416.23 426.26 436.29
0.03 9.50496E-06 1.59389E-07 9.20516E-11 7.79557E-11 5.04595E-11 3.81046E-11 3.08883E-11 2.45217E-11 1.99979E-11 1.64104E-11 1.41481E-11 1.21141E-11 1.00568E-11 8.33629E-12 7.63589E-12 6.52336E-12 5.37492E-12 4.66179E-12 4.08992E-12 3.46438E-12 3.02530E-12 2.43697E-12 2.15441E-12 2.23681E-12 1.73539E-12 1.59509E-12 1.51020E-12 1.24660E-12 1.29487E-12 9.79944E-13 1.02491E-12 1.30972E-12 9.06527E-13 8.55420E-13 7.90824E-13 5.73468E-13 6.48403E-13 1.02913E-12 7.02054E-13 3.07770E-13 1.81588E-13 1.81245E-13 1.93505E-13 3.70175E-13 2.62141E-13 1.26125E-12 0.00000E+00
0.1 1.08067E-05 9.77842E-06 7.30968E-06 4.84180E-06 1.84417E-08 1.44281E-08 1.21961E-08 1.04871E-08 9.22668E-09 8.16330E-09 7.20237E-09 6.41994E-09 5.77275E-09 5.20662E-09 4.72013E-09 4.24182E-09 3.85150E-09 3.53423E-09 3.21865E-09 2.92752E-09 2.70763E-09 2.50228E-09 2.34072E-09 2.12585E-09 1.99415E-09 1.81689E-09 1.72538E-09 1.62055E-09 1.49656E-09 1.40389E-09 1.33396E-09 1.23910E-09 1.18059E-09 1.17132E-09 1.16455E-09 1.02199E-09 1.02418E-09 9.37224E-10 9.29782E-10 8.62228E-10 7.77399E-10 7.51729E-10 8.50831E-10 6.63439E-10 8.44956E-10 7.57316E-10 6.66192E-10
0.18 8.48498E-06 8.14453E-06 7.32870E-06 6.78822E-06 3.74183E-06 6.61276E-07 1.49364E-07 1.28104E-07 1.12412E-07 1.00211E-07 8.97762E-08 8.12798E-08 7.36150E-08 6.72591E-08 6.13262E-08 5.62913E-08 5.16035E-08 4.76968E-08 4.39848E-08 4.06463E-08 3.80007E-08 3.56335E-08 3.35772E-08 3.06416E-08 2.92957E-08 2.69972E-08 2.53546E-08 2.40936E-08 2.25909E-08 2.19084E-08 2.03337E-08 1.91424E-08 1.82813E-08 1.75678E-08 1.70481E-08 1.62920E-08 1.60637E-08 1.50298E-08 1.48990E-08 1.43037E-08 1.35712E-08 1.45042E-08 1.27876E-08 1.21205E-08 1.25315E-08 1.30193E-08 9.41115E-09
0.3 8.99217E-06 8.71949E-06 8.07481E-06 7.56508E-06 5.53523E-06 4.25818E-06 3.24506E-06 2.38291E-06 1.53134E-06 7.48133E-07 6.70657E-07 6.05135E-07 5.51913E-07 5.05915E-07 4.65290E-07 4.30712E-07 3.99869E-07 3.72102E-07 3.46117E-07 3.22292E-07 3.01359E-07 2.83452E-07 2.65831E-07 2.50075E-07 2.35026E-07 2.23271E-07 2.10939E-07 2.00442E-07 1.91311E-07 1.82871E-07 1.72618E-07 1.65287E-07 1.57887E-07 1.50777E-07 1.45262E-07 1.41679E-07 1.36126E-07 1.32502E-07 1.31518E-07 1.29189E-07 1.27586E-07 1.25396E-07 1.18563E-07 1.19920E-07 1.14419E-07 1.15776E-07 1.19906E-07
0.56 1.05052E-05 1.06412E-05 1.06383E-05 1.06391E-05 9.87036E-06 9.21660E-06 8.53023E-06 7.82031E-06 7.16418E-06 6.54614E-06 5.97305E-06 5.43510E-06 4.93215E-06 4.48801E-06 4.08629E-06 3.73722E-06 3.40950E-06 3.12912E-06 2.87751E-06 2.62819E-06 2.42686E-06 2.27968E-06 2.16199E-06 2.04842E-06 1.93227E-06 1.84505E-06 1.77307E-06 1.67903E-06 1.60909E-06 1.54240E-06 1.47867E-06 1.41737E-06 1.37818E-06 1.32921E-06 1.29333E-06 1.26598E-06 1.21833E-06 1.19248E-06 1.17912E-06 1.14769E-06 1.12562E-06 1.10144E-06 1.08340E-06 1.09076E-06 1.06560E-06 1.02795E-06 1.04869E-06
1.0 1.28835E-05 1.33984E-05 1.40924E-05 1.44950E-05 1.50350E-05 1.53542E-05 1.51670E-05 1.48953E-05 1.45468E-05 1.40620E-05 1.35041E-05 1.28682E-05 1.23280E-05 1.18028E-05 1.11677E-05 1.06266E-05 1.01270E-05 9.63517E-06 9.11331E-06 8.67671E-06 8.22921E-06 7.86684E-06 7.49954E-06 7.09289E-06 6.75609E-06 6.47088E-06 6.14551E-06 5.91644E-06 5.60665E-06 5.42892E-06 5.17253E-06 4.97683E-06 4.76290E-06 4.60465E-06 4.48130E-06 4.37525E-06 4.34358E-06 4.09651E-06 4.02884E-06 3.90704E-06 3.88544E-06 3.76301E-06 3.68576E-06 3.99514E-06 3.58029E-06 3.69126E-06 3.77058E-06
3.0 1.89827E-05 2.01555E-05 2.14296E-05 2.24173E-05 2.48825E-05 2.67236E-05 2.77219E-05 2.83373E-05 2.86523E-05 2.86223E-05 2.85516E-05 2.82809E-05 2.80538E-05 2.77037E-05 2.72753E-05 2.68714E-05 2.63956E-05 2.58822E-05 2.55172E-05 2.48516E-05 2.44471E-05 2.39683E-05 2.35223E-05 2.29021E-05 2.24881E-05 2.19549E-05 2.14555E-05 2.09208E-05 2.07479E-05 2.03603E-05 2.00392E-05 1.97441E-05 1.93317E-05 1.89969E-05 1.88971E-05 1.84577E-05 1.80569E-05 1.79021E-05 1.79060E-05 1.77898E-05 1.74336E-05 1.71806E-05 1.71947E-05 1.72733E-05 1.72970E-05 1.83190E-05 1.74159E-05
10.0 3.12757E-05 3.32052E-05 3.57210E-05 3.78341E-05 4.33050E-05 4.75534E-05 5.05924E-05 5.31472E-05 5.47143E-05 5.62139E-05 5.70790E-05 5.78635E-05 5.82110E-05 5.83388E-05 5.83614E-05 5.85279E-05 5.82847E-05 5.79954E-05 5.78591E-05 5.77605E-05 5.69585E-05 5.64586E-05 5.58079E-05 5.55835E-05 5.48927E-05 5.47997E-05 5.40423E-05 5.33843E-05 5.29233E-05 5.24566E-05 5.21645E-05 5.17395E-05 5.12879E-05 5.09050E-05 5.04361E-05 5.03084E-05 4.98999E-05 4.93530E-05 4.90755E-05 4.93962E-05 4.82249E-05 4.80474E-05 4.82285E-05 4.93108E-05 4.77650E-05 4.77555E-05 4.95992E-05
30.0 5.38817E-05 5.67983E-05 5.98783E-05 6.32054E-05 7.27257E-05 8.11322E-05 8.83944E-05 9.44240E-05 9.86169E-05 1.02361E-04 1.06333E-04 1.09307E-04 1.11650E-04 1.13545E-04 1.15373E-04 1.16722E-04 1.17874E-04 1.17957E-04 1.19315E-04 1.20527E-04 1.20476E-04 1.20753E-04 1.21928E-04 1.21943E-04 1.21144E-04 1.20589E-04 1.20918E-04 1.20968E-04 1.21194E-04 1.20322E-04 1.19722E-04 1.20071E-04 1.19025E-04 1.18507E-04 1.20311E-04 1.19906E-04 1.17912E-04 1.19074E-04 1.15869E-04 1.16349E-04 1.15129E-04 1.14673E-04 1.19331E-04 1.12402E-04 1.11847E-04 1.14635E-04 1.17185E-04
100.0 1.06208E-04 1.11333E-04 1.18909E-04 1.24778E-04 1.43708E-04 1.63727E-04 1.79362E-04 1.92691E-04 2.04985E-04 2.16521E-04 2.28194E-04 2.35854E-04 2.42953E-04 2.53183E-04 2.59013E-04 2.63962E-04 2.69485E-04 2.74692E-04 2.78718E-04 2.82186E-04 2.87606E-04 2.89227E-04 2.93232E-04 2.96834E-04 2.97107E-04 2.99929E-04 3.01830E-04 3.01767E-04 3.03263E-04 3.02671E-04 3.06057E-04 3.09224E-04 3.08796E-04 3.06918E-04 3.09569E-04 3.14715E-04 3.11223E-04 3.13459E-04 3.08962E-04 3.07712E-04 3.08250E-04 3.10628E-04 3.25075E-04 3.05829E-04 3.49614E-04 2.98538E-04 2.83518E-04
