Yield function of production of Ti44 by protons, neutrons, alphas, [(Ti44 atoms * cm2) / (g * prim. part. nucleon)] (computed with Geant4.10).
The primaries are protons.
Energy[GeV/nuc],depths[g/cm2]: 0 1 3 5 15.03 25.06 35.09 45.12 55.15 65.18 75.21 85.24 95.27 105.3 115.33 125.36 135.39 145.42 155.45 165.48 175.51 185.54 195.57 205.6 215.63 225.66 235.69 245.72 255.75 265.78 275.81 285.84 295.87 305.9 315.93 325.96 335.99 346.02 356.05 366.08 376.11 386.14 396.17 406.2 416.23 426.26 436.29
0.03 1.06774E-08 7.67871E-16 3.30237E-16 3.34944E-16 2.60839E-16 6.41796E-16 7.40205E-17 1.35041E-16 1.54608E-16 0.00000E+00 0.00000E+00 0.00000E+00 0.00000E+00 0.00000E+00 0.00000E+00 0.00000E+00 0.00000E+00 0.00000E+00 0.00000E+00 0.00000E+00 0.00000E+00 0.00000E+00 0.00000E+00 0.00000E+00 0.00000E+00 0.00000E+00 0.00000E+00 0.00000E+00 0.00000E+00 0.00000E+00 0.00000E+00 0.00000E+00 0.00000E+00 0.00000E+00 0.00000E+00 0.00000E+00 0.00000E+00 0.00000E+00 0.00000E+00 0.00000E+00 0.00000E+00 0.00000E+00 0.00000E+00 0.00000E+00 0.00000E+00 0.00000E+00 0.00000E+00
0.1 4.93152E-07 2.17055E-07 5.86421E-08 2.58207E-08 3.04457E-10 2.31786E-10 1.83322E-10 1.49643E-10 1.22637E-10 1.02416E-10 8.51792E-11 7.25891E-11 6.11836E-11 5.15464E-11 4.56621E-11 3.88724E-11 3.31532E-11 2.81208E-11 2.49374E-11 2.18131E-11 1.80625E-11 1.64267E-11 1.38154E-11 1.20193E-11 1.09641E-11 9.93857E-12 8.97619E-12 7.29712E-12 6.89728E-12 6.40546E-12 5.82347E-12 5.61870E-12 4.94907E-12 4.19625E-12 4.09085E-12 3.75689E-12 4.47407E-12 3.19282E-12 2.87224E-12 2.52496E-12 1.94028E-12 1.75993E-12 4.12968E-12 1.60794E-12 1.72522E-12 7.83104E-12 1.04008E-11
0.18 1.62413E-06 1.20029E-06 9.27056E-07 6.83983E-07 1.13779E-07 9.62854E-09 7.05317E-09 5.99515E-09 5.31148E-09 4.60645E-09 4.08955E-09 3.63480E-09 3.21077E-09 2.89784E-09 2.61660E-09 2.33046E-09 2.10457E-09 1.91500E-09 1.75900E-09 1.59088E-09 1.44948E-09 1.36065E-09 1.23389E-09 1.14853E-09 1.07376E-09 9.52731E-10 8.92406E-10 8.31931E-10 7.88233E-10 7.54382E-10 6.95361E-10 6.56377E-10 6.49217E-10 6.38740E-10 5.70158E-10 5.31025E-10 5.24038E-10 5.58186E-10 4.47627E-10 4.57664E-10 6.36290E-10 4.37206E-10 4.11232E-10 3.77280E-10 3.71101E-10 4.62169E-10 3.58229E-10
0.3 3.37421E-06 3.20048E-06 2.73112E-06 2.36370E-06 1.31087E-06 7.39579E-07 3.88331E-07 1.73599E-07 7.32871E-08 5.41054E-08 4.84033E-08 4.37311E-08 3.95588E-08 3.65180E-08 3.30001E-08 3.01765E-08 2.80249E-08 2.57569E-08 2.37012E-08 2.19842E-08 2.02059E-08 1.86620E-08 1.75677E-08 1.62065E-08 1.52338E-08 1.44141E-08 1.34647E-08 1.29283E-08 1.21179E-08 1.13908E-08 1.11484E-08 1.07721E-08 1.01843E-08 9.35789E-09 9.08074E-09 8.54609E-09 8.19627E-09 8.14546E-09 7.53402E-09 7.56414E-09 7.90616E-09 7.03385E-09 7.19595E-09 7.08176E-09 6.04332E-09 7.14888E-09 9.14460E-09
0.56 5.87520E-06 5.79542E-06 5.49414E-06 5.25357E-06 4.15345E-06 3.38164E-06 2.80883E-06 2.32173E-06 1.91180E-06 1.58352E-06 1.30379E-06 1.07470E-06 8.73282E-07 7.00116E-07 5.57884E-07 4.40936E-07 3.54750E-07 2.87144E-07 2.41790E-07 2.14203E-07 1.99112E-07 1.87601E-07 1.75419E-07 1.66816E-07 1.57016E-07 1.47971E-07 1.40294E-07 1.33324E-07 1.28188E-07 1.20413E-07 1.17824E-07 1.13265E-07 1.09720E-07 1.02731E-07 1.03192E-07 9.57538E-08 9.23438E-08 9.07221E-08 9.18511E-08 8.74403E-08 8.73005E-08 8.54100E-08 8.45064E-08 8.06183E-08 7.08663E-08 6.45709E-08 7.06743E-08
1.0 7.56841E-06 7.57174E-06 7.32960E-06 7.22554E-06 6.32174E-06 5.76635E-06 5.26819E-06 4.84919E-06 4.44654E-06 4.09559E-06 3.78724E-06 3.45074E-06 3.14742E-06 2.90366E-06 2.67274E-06 2.45743E-06 2.28230E-06 2.08150E-06 1.93014E-06 1.75186E-06 1.62384E-06 1.51901E-06 1.39120E-06 1.28845E-06 1.19819E-06 1.10794E-06 1.02491E-06 9.47652E-07 8.79487E-07 8.25880E-07 7.58461E-07 7.15027E-07 6.62054E-07 6.27272E-07 5.92591E-07 5.58320E-07 5.38474E-07 5.09370E-07 4.81928E-07 4.59683E-07 4.41985E-07 4.65069E-07 4.27253E-07 4.37447E-07 4.30113E-07 4.07587E-07 4.41433E-07
3.0 6.82637E-06 6.98490E-06 7.13911E-06 7.21775E-06 7.32408E-06 7.44703E-06 7.53175E-06 7.49839E-06 7.41170E-06 7.32844E-06 7.21412E-06 7.11777E-06 7.01016E-06 6.83862E-06 6.76208E-06 6.58396E-06 6.46183E-06 6.26221E-06 6.14199E-06 6.02571E-06 5.82587E-06 5.72448E-06 5.62760E-06 5.42743E-06 5.39589E-06 5.18335E-06 5.09579E-06 5.16968E-06 4.86971E-06 4.79019E-06 4.63910E-06 4.62643E-06 4.50875E-06 4.38847E-06 4.38612E-06 4.32454E-06 4.20174E-06 4.30269E-06 4.27823E-06 4.08530E-06 4.11956E-06 4.06133E-06 4.04507E-06 4.42581E-06 4.05406E-06 3.96640E-06 3.91288E-06
10.0 1.00207E-05 1.03870E-05 1.09838E-05 1.12317E-05 1.22081E-05 1.30089E-05 1.35699E-05 1.39713E-05 1.42431E-05 1.44829E-05 1.44902E-05 1.46053E-05 1.45474E-05 1.45184E-05 1.45441E-05 1.43457E-05 1.43109E-05 1.42541E-05 1.42840E-05 1.39954E-05 1.40859E-05 1.36556E-05 1.37142E-05 1.34777E-05 1.34032E-05 1.32147E-05 1.30678E-05 1.30533E-05 1.28771E-05 1.28654E-05 1.25847E-05 1.24678E-05 1.24463E-05 1.22812E-05 1.24497E-05 1.23393E-05 1.20593E-05 1.20182E-05 1.18395E-05 1.19243E-05 1.17749E-05 1.19471E-05 1.14204E-05 1.16579E-05 1.13481E-05 1.24199E-05 1.16395E-05
30.0 1.53550E-05 1.57975E-05 1.65222E-05 1.72734E-05 1.92863E-05 2.11985E-05 2.25936E-05 2.35233E-05 2.46289E-05 2.57548E-05 2.63264E-05 2.67775E-05 2.77909E-05 2.79194E-05 2.85071E-05 2.89144E-05 2.90164E-05 2.92343E-05 2.98385E-05 3.03242E-05 2.97895E-05 2.97565E-05 2.98953E-05 2.98191E-05 3.00020E-05 3.00185E-05 2.97170E-05 2.97359E-05 2.96058E-05 2.94868E-05 2.92029E-05 2.97649E-05 2.97968E-05 2.97628E-05 3.04988E-05 2.93584E-05 3.04227E-05 2.98419E-05 2.91509E-05 3.30128E-05 2.90137E-05 2.90952E-05 2.94681E-05 2.93899E-05 3.04123E-05 2.63312E-05 2.78043E-05
100.0 3.12521E-05 3.24091E-05 3.39867E-05 3.55826E-05 3.90001E-05 4.35234E-05 4.68599E-05 5.02582E-05 5.40468E-05 5.53818E-05 5.89873E-05 6.00534E-05 6.23616E-05 6.33800E-05 6.52094E-05 6.66854E-05 6.89831E-05 6.93298E-05 6.99422E-05 7.20816E-05 7.20829E-05 7.36697E-05 7.39352E-05 7.69054E-05 7.53475E-05 7.63342E-05 7.61085E-05 7.69020E-05 7.70187E-05 7.88171E-05 7.81363E-05 7.76769E-05 7.74262E-05 7.88420E-05 7.91834E-05 7.94170E-05 7.85421E-05 7.75176E-05 7.77412E-05 7.60527E-05 7.72527E-05 9.03418E-05 9.48925E-05 8.07796E-05 7.50081E-05 8.09372E-05 9.32964E-05
