Yield function of production of Ti44 by protons, neutrons, alphas, [(Ti44 atoms * cm2) / (g * prim. part. nucleon)] (computed with Geant4.10).
The primaries are alphas.
Energy[GeV/nuc],depths[g/cm2]: 0 1 3 5 15.03 25.06 35.09 45.12 55.15 65.18 75.21 85.24 95.27 105.3 115.33 125.36 135.39 145.42 155.45 165.48 175.51 185.54 195.57 205.6 215.63 225.66 235.69 245.72 255.75 265.78 275.81 285.84 295.87 305.9 315.93 325.96 335.99 346.02 356.05 366.08 376.11 386.14 396.17 406.2 416.23 426.26 436.29
0.03 1.33870E-05 2.15724E-07 8.66220E-11 7.33212E-11 4.75341E-11 3.59564E-11 2.92843E-11 2.32175E-11 1.89237E-11 1.55631E-11 1.34228E-11 1.15733E-11 9.59288E-12 7.94435E-12 7.48166E-12 6.19699E-12 5.16875E-12 4.51467E-12 3.88467E-12 3.29110E-12 2.86222E-12 2.32685E-12 2.07134E-12 2.14710E-12 1.67744E-12 1.54607E-12 1.47185E-12 1.19585E-12 1.28105E-12 9.61974E-13 1.01273E-12 1.29179E-12 9.14354E-13 8.53936E-13 7.87840E-13 5.83631E-13 6.67311E-13 1.05525E-12 8.12263E-13 3.04093E-13 1.67620E-13 1.67303E-13 1.78620E-13 3.41700E-13 2.41976E-13 1.16423E-12 0.00000E+00
0.1 1.52512E-05 1.37932E-05 1.03010E-05 6.81584E-06 2.29783E-08 1.79908E-08 1.52310E-08 1.31144E-08 1.15624E-08 1.02440E-08 9.04473E-09 8.06995E-09 7.26476E-09 6.55995E-09 5.95704E-09 5.35487E-09 4.86296E-09 4.47275E-09 4.07220E-09 3.70866E-09 3.43385E-09 3.17802E-09 2.97339E-09 2.70067E-09 2.53780E-09 2.31136E-09 2.20089E-09 2.06649E-09 1.90856E-09 1.78944E-09 1.70052E-09 1.58045E-09 1.50776E-09 1.50315E-09 1.49791E-09 1.30858E-09 1.31354E-09 1.20339E-09 1.19081E-09 1.09770E-09 9.92166E-10 9.57567E-10 1.09718E-09 8.40351E-10 1.09612E-09 9.56536E-10 8.67781E-10
0.18 1.19320E-05 1.14565E-05 1.03089E-05 9.55106E-06 5.26026E-06 9.16185E-07 1.98462E-07 1.70162E-07 1.49320E-07 1.33135E-07 1.19264E-07 1.08011E-07 9.78167E-08 8.94009E-08 8.15118E-08 7.48157E-08 6.85872E-08 6.34119E-08 5.84769E-08 5.40319E-08 5.05348E-08 4.74102E-08 4.47127E-08 4.07456E-08 3.89891E-08 3.59305E-08 3.37323E-08 3.20715E-08 3.00597E-08 2.91577E-08 2.70622E-08 2.54740E-08 2.43407E-08 2.33673E-08 2.27203E-08 2.16884E-08 2.14185E-08 2.00170E-08 1.98580E-08 1.90600E-08 1.80471E-08 1.93458E-08 1.69939E-08 1.61437E-08 1.67068E-08 1.73194E-08 1.24386E-08
0.3 1.26344E-05 1.22458E-05 1.13339E-05 1.06129E-05 7.75012E-06 5.95300E-06 4.53034E-06 3.32067E-06 2.12339E-06 1.02281E-06 9.16443E-07 8.26574E-07 7.53667E-07 6.90692E-07 6.35016E-07 5.87748E-07 5.45572E-07 5.07626E-07 4.72085E-07 4.39469E-07 4.10840E-07 3.86332E-07 3.62278E-07 3.40732E-07 3.20148E-07 3.04148E-07 2.87292E-07 2.72951E-07 2.60484E-07 2.48971E-07 2.34907E-07 2.24922E-07 2.14798E-07 2.05065E-07 1.97502E-07 1.92689E-07 1.85118E-07 1.80211E-07 1.78943E-07 1.75793E-07 1.73723E-07 1.70750E-07 1.61221E-07 1.63214E-07 1.55441E-07 1.57231E-07 1.63093E-07
0.56 1.47432E-05 1.49292E-05 1.49190E-05 1.49155E-05 1.38215E-05 1.28943E-05 1.19240E-05 1.09232E-05 9.99926E-06 9.12979E-06 8.32443E-06 7.56954E-06 6.86417E-06 6.24173E-06 5.67941E-06 5.19113E-06 4.73301E-06 4.34132E-06 3.99015E-06 3.64184E-06 3.36080E-06 3.15603E-06 2.99237E-06 2.83463E-06 2.67316E-06 2.55200E-06 2.45219E-06 2.32127E-06 2.22435E-06 2.13173E-06 2.04328E-06 1.95817E-06 1.90390E-06 1.83597E-06 1.78623E-06 1.74831E-06 1.68214E-06 1.64636E-06 1.62822E-06 1.58413E-06 1.55348E-06 1.51975E-06 1.49483E-06 1.50543E-06 1.47002E-06 1.41783E-06 1.44708E-06
1.0 1.80705E-05 1.87899E-05 1.97603E-05 2.03217E-05 2.10677E-05 2.15061E-05 2.12344E-05 2.08469E-05 2.03520E-05 1.96677E-05 1.88812E-05 1.79858E-05 1.72255E-05 1.64870E-05 1.55945E-05 1.48349E-05 1.41338E-05 1.34433E-05 1.27113E-05 1.20988E-05 1.14717E-05 1.09635E-05 1.04493E-05 9.87934E-06 9.40772E-06 9.00858E-06 8.55350E-06 8.23282E-06 7.79845E-06 7.55074E-06 7.19173E-06 6.91810E-06 6.61923E-06 6.39783E-06 6.22646E-06 6.07764E-06 6.03530E-06 5.68891E-06 5.59349E-06 5.42402E-06 5.39410E-06 5.22325E-06 5.11504E-06 5.54961E-06 4.96811E-06 5.12317E-06 5.23391E-06
3.0 2.65856E-05 2.82266E-05 3.00084E-05 3.13899E-05 3.48337E-05 3.74048E-05 3.87936E-05 3.96474E-05 4.00808E-05 4.00300E-05 3.99248E-05 3.95388E-05 3.92159E-05 3.87210E-05 3.81176E-05 3.75465E-05 3.68778E-05 3.61545E-05 3.56415E-05 3.47052E-05 3.41381E-05 3.34646E-05 3.28385E-05 3.19684E-05 3.13873E-05 3.06390E-05 2.99396E-05 2.91883E-05 2.89477E-05 2.84039E-05 2.79535E-05 2.75422E-05 2.69592E-05 2.64911E-05 2.63535E-05 2.57357E-05 2.51750E-05 2.49589E-05 2.49668E-05 2.47993E-05 2.42991E-05 2.39489E-05 2.39657E-05 2.40742E-05 2.41105E-05 2.55134E-05 2.42768E-05
10.0 4.36957E-05 4.63897E-05 4.99039E-05 5.28573E-05 6.04938E-05 6.64157E-05 7.06457E-05 7.42024E-05 7.63754E-05 7.84610E-05 7.96571E-05 8.07405E-05 8.12175E-05 8.13852E-05 8.14057E-05 8.16340E-05 8.12836E-05 8.08707E-05 8.06779E-05 8.05364E-05 7.94060E-05 7.87023E-05 7.77889E-05 7.74720E-05 7.65005E-05 7.63725E-05 7.53077E-05 7.43857E-05 7.37430E-05 7.30820E-05 7.26845E-05 7.20868E-05 7.14538E-05 7.09126E-05 7.02600E-05 7.00807E-05 6.95078E-05 6.87422E-05 6.83495E-05 6.88077E-05 6.71651E-05 6.69133E-05 6.71692E-05 6.87038E-05 6.65404E-05 6.64850E-05 6.91134E-05
30.0 7.51306E-05 7.91921E-05 8.34813E-05 8.81147E-05 1.01382E-04 1.13075E-04 1.23187E-04 1.31570E-04 1.37391E-04 1.42588E-04 1.48112E-04 1.52232E-04 1.55481E-04 1.58099E-04 1.60631E-04 1.62492E-04 1.64086E-04 1.64179E-04 1.66064E-04 1.67752E-04 1.67662E-04 1.68034E-04 1.69678E-04 1.69688E-04 1.68567E-04 1.67768E-04 1.68234E-04 1.68301E-04 1.68619E-04 1.67384E-04 1.66542E-04 1.67033E-04 1.65552E-04 1.64838E-04 1.67380E-04 1.66811E-04 1.64007E-04 1.65635E-04 1.61154E-04 1.61800E-04 1.60089E-04 1.59474E-04 1.65946E-04 1.56307E-04 1.55481E-04 1.59395E-04 1.62786E-04
100.0 1.47747E-04 1.54877E-04 1.65428E-04 1.73580E-04 1.99922E-04 2.27764E-04 2.49517E-04 2.68017E-04 2.85097E-04 3.01121E-04 3.17350E-04 3.27968E-04 3.37805E-04 3.52054E-04 3.60126E-04 3.66975E-04 3.74640E-04 3.81840E-04 3.87436E-04 3.92227E-04 3.99798E-04 4.02013E-04 4.07531E-04 4.12580E-04 4.12893E-04 4.16808E-04 4.19451E-04 4.19345E-04 4.21438E-04 4.20533E-04 4.25257E-04 4.29711E-04 4.29097E-04 4.26377E-04 4.30104E-04 4.37350E-04 4.32435E-04 4.35546E-04 4.29247E-04 4.27455E-04 4.28234E-04 4.31506E-04 4.51822E-04 4.24774E-04 4.86596E-04 4.14595E-04 3.93641E-04
