Yield function of production of Ti44 by protons, neutrons, alphas, [(Ti44 atoms * cm2) / (g * prim. part. nucleon)] (computed with Geant4.10).
The primaries are protons.
Energy[GeV/nuc],depths[g/cm2]: 0 1 3 5 15.03 25.06 35.09 45.12 55.15 65.18 75.21 85.24 95.27 105.3 115.33 125.36 135.39 145.42 155.45 165.48 175.51 185.54 195.57 205.6 215.63 225.66 235.69 245.72 255.75 265.78 275.81 285.84 295.87 305.9 315.93 325.96 335.99 346.02 356.05 366.08 376.11 386.14 396.17 406.2 416.23 426.26 436.29
0.03 9.85606E-09 7.08804E-16 3.04834E-16 3.09179E-16 2.40774E-16 5.92427E-16 6.83266E-17 1.24653E-16 1.42715E-16 0.00000E+00 0.00000E+00 0.00000E+00 0.00000E+00 0.00000E+00 0.00000E+00 0.00000E+00 0.00000E+00 0.00000E+00 0.00000E+00 0.00000E+00 0.00000E+00 0.00000E+00 0.00000E+00 0.00000E+00 0.00000E+00 0.00000E+00 0.00000E+00 0.00000E+00 0.00000E+00 0.00000E+00 0.00000E+00 0.00000E+00 0.00000E+00 0.00000E+00 0.00000E+00 0.00000E+00 0.00000E+00 0.00000E+00 0.00000E+00 0.00000E+00 0.00000E+00 0.00000E+00 0.00000E+00 0.00000E+00 0.00000E+00 0.00000E+00 0.00000E+00
0.1 6.43412E-07 2.62917E-07 5.82549E-08 2.38375E-08 2.83251E-10 2.15619E-10 1.70591E-10 1.39645E-10 1.14153E-10 9.54018E-11 7.92853E-11 6.75483E-11 5.69714E-11 4.80140E-11 4.25714E-11 3.62289E-11 3.09247E-11 2.62557E-11 2.32245E-11 2.04220E-11 1.68186E-11 1.53066E-11 1.28606E-11 1.11725E-11 1.02179E-11 9.31029E-12 8.37225E-12 6.83045E-12 6.45696E-12 6.02072E-12 5.47297E-12 5.30179E-12 4.72326E-12 3.95482E-12 3.86296E-12 3.61515E-12 4.35427E-12 3.16412E-12 2.81131E-12 2.36912E-12 1.79103E-12 1.62455E-12 3.81202E-12 1.48425E-12 1.59251E-12 7.22865E-12 9.60072E-12
0.18 2.25566E-06 1.65575E-06 1.27359E-06 9.32812E-07 1.42269E-07 1.14951E-08 8.73202E-09 7.42779E-09 6.59659E-09 5.71903E-09 5.08191E-09 4.51944E-09 3.99223E-09 3.61037E-09 3.25967E-09 2.90439E-09 2.62437E-09 2.38791E-09 2.19340E-09 1.98479E-09 1.80939E-09 1.70078E-09 1.53950E-09 1.43480E-09 1.34460E-09 1.19058E-09 1.11542E-09 1.04120E-09 9.85750E-10 9.47713E-10 8.72748E-10 8.23504E-10 8.17288E-10 8.04741E-10 7.15956E-10 6.70195E-10 6.64012E-10 7.06785E-10 5.59270E-10 5.78468E-10 8.20039E-10 5.50061E-10 5.15416E-10 4.70233E-10 4.60660E-10 5.69487E-10 4.31597E-10
0.3 4.72447E-06 4.47844E-06 3.81792E-06 3.30089E-06 1.82188E-06 1.02035E-06 5.29512E-07 2.31560E-07 9.56918E-08 7.25459E-08 6.48980E-08 5.86624E-08 5.30464E-08 4.89877E-08 4.42512E-08 4.04678E-08 3.75953E-08 3.45532E-08 3.17813E-08 2.94829E-08 2.70840E-08 2.49947E-08 2.35436E-08 2.17153E-08 2.04156E-08 1.92969E-08 1.80339E-08 1.73118E-08 1.62241E-08 1.52546E-08 1.49395E-08 1.44573E-08 1.36419E-08 1.25205E-08 1.21636E-08 1.14485E-08 1.09641E-08 1.08914E-08 1.00738E-08 1.01153E-08 1.05769E-08 9.41080E-09 9.63477E-09 9.47407E-09 8.05248E-09 9.58072E-09 1.22652E-08
0.56 8.26017E-06 8.14641E-06 7.72068E-06 7.38074E-06 5.82894E-06 4.74142E-06 3.93451E-06 3.24838E-06 2.67138E-06 2.20926E-06 1.81586E-06 1.49414E-06 1.21180E-06 9.69359E-07 7.70523E-07 6.07345E-07 4.87336E-07 3.93521E-07 3.31007E-07 2.93594E-07 2.73309E-07 2.57498E-07 2.40715E-07 2.28892E-07 2.15402E-07 2.02966E-07 1.92380E-07 1.82796E-07 1.75810E-07 1.65079E-07 1.61549E-07 1.55298E-07 1.50447E-07 1.40813E-07 1.41534E-07 1.31188E-07 1.26490E-07 1.24347E-07 1.25856E-07 1.19850E-07 1.19645E-07 1.16984E-07 1.15827E-07 1.10504E-07 9.67476E-08 8.80686E-08 9.63317E-08
1.0 1.06522E-05 1.06514E-05 1.03078E-05 1.01590E-05 8.88059E-06 8.09469E-06 7.39066E-06 6.79908E-06 6.23105E-06 5.73629E-06 5.30211E-06 4.82837E-06 4.40186E-06 4.05898E-06 3.73462E-06 3.43215E-06 3.18638E-06 2.90452E-06 2.69217E-06 2.44221E-06 2.26267E-06 2.11552E-06 1.93677E-06 1.79289E-06 1.66648E-06 1.54022E-06 1.42364E-06 1.31590E-06 1.21997E-06 1.14540E-06 1.05127E-06 9.90579E-07 9.16301E-07 8.67864E-07 8.19293E-07 7.71488E-07 7.43959E-07 7.03895E-07 6.65247E-07 6.34245E-07 6.09801E-07 6.42157E-07 5.89443E-07 6.03959E-07 5.93429E-07 5.62266E-07 6.10981E-07
3.0 9.57392E-06 9.79492E-06 1.00093E-05 1.01180E-05 1.02624E-05 1.04307E-05 1.05466E-05 1.04972E-05 1.03726E-05 1.02540E-05 1.00916E-05 9.95529E-06 9.80296E-06 9.56170E-06 9.45349E-06 9.20238E-06 9.03042E-06 8.74973E-06 8.58067E-06 8.41779E-06 8.13661E-06 7.99448E-06 7.85783E-06 7.57704E-06 7.53282E-06 7.23407E-06 7.11195E-06 7.21610E-06 6.79507E-06 6.68308E-06 6.47146E-06 6.45381E-06 6.28847E-06 6.12104E-06 6.11674E-06 6.03142E-06 5.85899E-06 6.00131E-06 5.96775E-06 5.69562E-06 5.74366E-06 5.66290E-06 5.63826E-06 6.17588E-06 5.65228E-06 5.53032E-06 5.45119E-06
10.0 1.40137E-05 1.45227E-05 1.53555E-05 1.56982E-05 1.70573E-05 1.81706E-05 1.89505E-05 1.95081E-05 1.98832E-05 2.02165E-05 2.02235E-05 2.03812E-05 2.02972E-05 2.02538E-05 2.02896E-05 2.00097E-05 1.99594E-05 1.98793E-05 1.99205E-05 1.95134E-05 1.96405E-05 1.90374E-05 1.91193E-05 1.87873E-05 1.86837E-05 1.84173E-05 1.82129E-05 1.81940E-05 1.79459E-05 1.79284E-05 1.75347E-05 1.73713E-05 1.73412E-05 1.71108E-05 1.73492E-05 1.71879E-05 1.67987E-05 1.67419E-05 1.64922E-05 1.66130E-05 1.63984E-05 1.66345E-05 1.59030E-05 1.62334E-05 1.58042E-05 1.73021E-05 1.62161E-05
30.0 2.14361E-05 2.20508E-05 2.30591E-05 2.41052E-05 2.69027E-05 2.95594E-05 3.14952E-05 3.27792E-05 3.43133E-05 3.58790E-05 3.66691E-05 3.72885E-05 3.86994E-05 3.88665E-05 3.96848E-05 4.02525E-05 4.03813E-05 4.06872E-05 4.15314E-05 4.22093E-05 4.14516E-05 4.14029E-05 4.15941E-05 4.14867E-05 4.17357E-05 4.17574E-05 4.13389E-05 4.13641E-05 4.11851E-05 4.10105E-05 4.06124E-05 4.13999E-05 4.14460E-05 4.13981E-05 4.24444E-05 4.08428E-05 4.23339E-05 4.15098E-05 4.05477E-05 4.59618E-05 4.03531E-05 4.04766E-05 4.09774E-05 4.08835E-05 4.23278E-05 3.65983E-05 3.86959E-05
100.0 4.35457E-05 4.51526E-05 4.73488E-05 4.95669E-05 5.42995E-05 6.05865E-05 6.52087E-05 6.99291E-05 7.52044E-05 7.70357E-05 8.20527E-05 8.35157E-05 8.67168E-05 8.81244E-05 9.06519E-05 9.27037E-05 9.59133E-05 9.63710E-05 9.72009E-05 1.00209E-04 1.00179E-04 1.02400E-04 1.02753E-04 1.06916E-04 1.04712E-04 1.06082E-04 1.05770E-04 1.06871E-04 1.07010E-04 1.09552E-04 1.08577E-04 1.07925E-04 1.07570E-04 1.09543E-04 1.10028E-04 1.10372E-04 1.09150E-04 1.07661E-04 1.08002E-04 1.05630E-04 1.07324E-04 1.25673E-04 1.32077E-04 1.12253E-04 1.04135E-04 1.12428E-04 1.29792E-04
