Yield function of production of Ti44 by protons, neutrons, alphas, pi+ and pi-, [(Ti44 atoms * cm2) / (g * prim. part. nucleon)] (computed with Geant4.10).
The primaries are protons.
Energy[GeV/nuc],depths[g/cm2]: 1 3 5 10 15 20 30 40 50 60 70 85.56
0.01 0.00000E+00 0.00000E+00 0.00000E+00 0.00000E+00 0.00000E+00 0.00000E+00 0.00000E+00 0.00000E+00 0.00000E+00 0.00000E+00 0.00000E+00 0.00000E+00
0.03 9.85680E-09 0.00000E+00 0.00000E+00 0.00000E+00 0.00000E+00 0.00000E+00 0.00000E+00 0.00000E+00 0.00000E+00 0.00000E+00 0.00000E+00 0.00000E+00
0.1 6.57129E-07 2.69416E-07 6.01921E-08 2.57178E-08 4.76568E-10 4.32064E-10 3.96402E-10 3.47913E-10 3.08637E-10 3.07958E-10 2.63263E-10 3.20876E-10
0.18 2.49755E-06 1.85519E-06 1.40654E-06 1.04132E-06 4.91893E-07 1.83849E-07 4.19532E-08 1.71281E-08 1.66762E-08 1.50938E-08 1.48976E-08 1.38496E-08
0.3 5.26160E-06 5.39225E-06 4.92309E-06 4.35256E-06 3.39034E-06 2.67804E-06 2.09863E-06 1.26863E-06 6.94459E-07 3.22056E-07 1.85874E-07 1.67945E-07
0.56 1.07187E-05 1.06864E-05 1.05355E-05 1.05565E-05 1.01898E-05 9.46780E-06 8.91248E-06 8.21921E-06 8.05371E-06 7.26296E-06 7.39831E-06 6.45295E-06
1.0 1.50772E-05 1.51457E-05 1.50444E-05 1.49057E-05 1.49037E-05 1.42837E-05 1.43208E-05 1.39264E-05 1.36831E-05 1.35836E-05 1.34847E-05 1.30750E-05
3.0 1.32773E-05 1.37558E-05 1.36825E-05 1.43201E-05 1.42089E-05 1.46469E-05 1.49398E-05 1.51241E-05 1.54187E-05 1.53856E-05 1.56284E-05 1.55661E-05
10.0 1.63164E-05 1.68804E-05 1.75212E-05 1.81115E-05 1.95600E-05 1.97008E-05 2.04219E-05 2.11132E-05 2.12453E-05 2.28120E-05 2.29225E-05 2.31290E-05
30.0 1.93017E-05 1.94822E-05 2.04212E-05 2.08192E-05 2.25223E-05 2.40367E-05 2.47234E-05 2.60838E-05 2.69015E-05 2.62292E-05 2.73752E-05 2.88313E-05
100.0 2.53009E-05 2.63293E-05 2.76494E-05 2.93821E-05 3.07737E-05 3.14732E-05 3.37255E-05 3.54987E-05 3.74744E-05 3.74210E-05 3.58330E-05 3.67173E-05
