Yield function of production of Ti44 by protons, neutrons, alphas, pi+ and pi-, [(Ti44 atoms * cm2) / (g * prim. part. nucleon)] (computed with Geant4.10).
The primaries are protons.
Energy[GeV/nuc],depths[g/cm2]: 1 3 5 10 15 20 30 40 50 60 70 85.56
0.01 0.00000E+00 0.00000E+00 0.00000E+00 0.00000E+00 0.00000E+00 0.00000E+00 0.00000E+00 0.00000E+00 0.00000E+00 0.00000E+00 0.00000E+00 0.00000E+00
0.03 9.85680E-09 0.00000E+00 0.00000E+00 0.00000E+00 0.00000E+00 0.00000E+00 0.00000E+00 0.00000E+00 0.00000E+00 0.00000E+00 0.00000E+00 0.00000E+00
0.1 6.57129E-07 2.69416E-07 6.01921E-08 2.57178E-08 4.76568E-10 4.32064E-10 3.96402E-10 3.47913E-10 3.08637E-10 3.07958E-10 2.63263E-10 3.20876E-10
0.18 2.49755E-06 1.85519E-06 1.40654E-06 1.04132E-06 4.91893E-07 1.83849E-07 4.19532E-08 1.71281E-08 1.66762E-08 1.50938E-08 1.48976E-08 1.38496E-08
0.3 5.26303E-06 5.39294E-06 4.92340E-06 4.35339E-06 3.39075E-06 2.67804E-06 2.09863E-06 1.26863E-06 6.94459E-07 3.22056E-07 1.85874E-07 1.67945E-07
0.56 1.12322E-05 1.13125E-05 1.20487E-05 1.14606E-05 1.10804E-05 1.03358E-05 9.81003E-06 8.95948E-06 8.51627E-06 7.69963E-06 7.86183E-06 6.66931E-06
1.0 1.97597E-05 2.14243E-05 2.21096E-05 2.23765E-05 2.33173E-05 2.33257E-05 2.46628E-05 2.75687E-05 2.67786E-05 2.41620E-05 2.37598E-05 6.46444E-05
3.0 3.59470E-05 3.85428E-05 4.30757E-05 4.83258E-05 5.48851E-05 5.47814E-05 5.68648E-05 7.34593E-05 6.43924E-05 6.50376E-05 7.06409E-05 6.60021E-05
10.0 8.70676E-05 9.62036E-05 1.12184E-04 1.19110E-04 1.44134E-04 1.52627E-04 1.62187E-04 1.70357E-04 1.91563E-04 1.85977E-04 2.59601E-04 2.10506E-04
30.0 1.48395E-04 1.58582E-04 1.81886E-04 1.93536E-04 2.27920E-04 2.72784E-04 2.69429E-04 2.99629E-04 3.09817E-04 3.05180E-04 3.36368E-04 5.24515E-04
100.0 2.84865E-04 3.21007E-04 3.28930E-04 5.26140E-04 4.03810E-04 4.99380E-04 5.25950E-04 5.10858E-04 5.66241E-04 5.61953E-04 5.77521E-04 5.96077E-04
