Yield function of production of Ti44 by protons, neutrons, alphas, pi+ and pi-, [(Ti44 atoms * cm2) / (g * prim. part. nucleon)] (computed with Geant4.10).
The primaries are alphas.
Energy[GeV/nuc],depths[g/cm2]: 1 3 5 10 15 20 30 40 50 60 70 85.56
0.01 3.62223E-06 8.11225E-15 7.21944E-15 6.44572E-15 5.70882E-16 7.66729E-16 1.21249E-15 0.00000E+00 0.00000E+00 0.00000E+00 0.00000E+00 0.00000E+00
0.03 1.34317E-05 1.94626E-07 1.16833E-10 1.05470E-10 9.04687E-11 8.69780E-11 7.80152E-11 6.71253E-11 5.47496E-11 5.20895E-11 4.82531E-11 6.60502E-11
0.1 1.65530E-05 1.45129E-05 1.09281E-05 7.34839E-06 3.60073E-08 3.25168E-08 2.96393E-08 2.77134E-08 2.52609E-08 2.36306E-08 2.52791E-08 2.80431E-08
0.18 1.37135E-05 1.33732E-05 1.23235E-05 1.15726E-05 9.10843E-06 6.85545E-06 4.20322E-06 3.55681E-07 3.31229E-07 2.99449E-07 2.88842E-07 2.94919E-07
0.3 1.52704E-05 1.55517E-05 1.42737E-05 1.36404E-05 1.25921E-05 1.22175E-05 1.17934E-05 8.97867E-06 7.48821E-06 6.03790E-06 3.81996E-06 2.21489E-06
0.56 2.29322E-05 2.35779E-05 2.51887E-05 2.46060E-05 2.54863E-05 2.54130E-05 2.52103E-05 2.52096E-05 2.43561E-05 2.36805E-05 2.34323E-05 2.12453E-05
1.0 4.23551E-05 4.80304E-05 5.17027E-05 5.41260E-05 6.12510E-05 6.32089E-05 6.54884E-05 7.11116E-05 7.07318E-05 9.34492E-05 7.74724E-05 7.34837E-05
3.0 1.13895E-04 1.26053E-04 1.44561E-04 1.55723E-04 1.79563E-04 1.90405E-04 2.17435E-04 2.81589E-04 2.20061E-04 2.36700E-04 2.34452E-04 3.13768E-04
10.0 3.27076E-04 3.69497E-04 4.75800E-04 4.39311E-04 5.10829E-04 6.18424E-04 6.55970E-04 6.78806E-04 6.97504E-04 7.82883E-04 7.71973E-04 7.75648E-04
30.0 6.47824E-04 7.19599E-04 8.30745E-04 8.35715E-04 9.62714E-04 1.09910E-03 1.26030E-03 1.23618E-03 1.28850E-03 1.30645E-03 1.30396E-03 1.27079E-03
100.0 1.21555E-03 1.31789E-03 1.46853E-03 1.65797E-03 1.76301E-03 1.94786E-03 2.15179E-03 2.34289E-03 2.47679E-03 2.53877E-03 2.67782E-03 4.08591E-03
