Yield function of production of Ti44 by protons, neutrons, alphas, pi+ and pi-, [(Ti44 atoms * cm2) / (g * prim. part. nucleon)] (computed with Geant4.10).
The primaries are alphas.
Energy[GeV/nuc],depths[g/cm2]: 1 3 5 10 15 20 30 40 50 60 70 85.56
0.01 3.62223E-06 8.11225E-15 7.21944E-15 6.44572E-15 5.70882E-16 7.66729E-16 1.21249E-15 0.00000E+00 0.00000E+00 0.00000E+00 0.00000E+00 0.00000E+00
0.03 1.34317E-05 1.94626E-07 1.16833E-10 1.05470E-10 9.04687E-11 8.69780E-11 7.80152E-11 6.71253E-11 5.47496E-11 5.20895E-11 4.82531E-11 6.60502E-11
0.1 1.65530E-05 1.45129E-05 1.09281E-05 7.34839E-06 3.60073E-08 3.25168E-08 2.96393E-08 2.77134E-08 2.52609E-08 2.36306E-08 2.52791E-08 2.80431E-08
0.18 1.37132E-05 1.33729E-05 1.23231E-05 1.15719E-05 9.10843E-06 6.85545E-06 4.20322E-06 3.55681E-07 3.31229E-07 2.98928E-07 2.88842E-07 2.94919E-07
0.3 1.52666E-05 1.55472E-05 1.42674E-05 1.36335E-05 1.25496E-05 1.22104E-05 1.17791E-05 8.96994E-06 7.48568E-06 6.03526E-06 3.81462E-06 2.19618E-06
0.56 2.14731E-05 2.15196E-05 2.18943E-05 2.16777E-05 2.25449E-05 2.25907E-05 2.24520E-05 2.23429E-05 2.19613E-05 2.20886E-05 2.18274E-05 1.99829E-05
1.0 2.76393E-05 2.87362E-05 3.00605E-05 3.07581E-05 3.22789E-05 3.30583E-05 3.43856E-05 3.46336E-05 3.61379E-05 3.56612E-05 3.64477E-05 3.61047E-05
3.0 3.69174E-05 3.95939E-05 4.08636E-05 4.23828E-05 4.60187E-05 4.68796E-05 4.87158E-05 5.12286E-05 5.28880E-05 5.49553E-05 5.53402E-05 5.68027E-05
10.0 5.01135E-05 5.23448E-05 5.52670E-05 5.83905E-05 6.29224E-05 6.60993E-05 7.00320E-05 7.54168E-05 7.95228E-05 8.26629E-05 8.68400E-05 8.66968E-05
30.0 6.52360E-05 6.74666E-05 7.28589E-05 7.68484E-05 8.18311E-05 8.47523E-05 9.16582E-05 9.83686E-05 1.00471E-04 1.00703E-04 9.98294E-05 9.44811E-05
100.0 8.04447E-05 8.54399E-05 9.33561E-05 1.03062E-04 1.11538E-04 1.19973E-04 1.30929E-04 1.31162E-04 1.47830E-04 1.49174E-04 1.53347E-04 1.87599E-04
