Yield function of production of Ti44 by protons, neutrons, alphas, pi+ and pi-, [(Ti44 atoms * cm2) / (g * prim. part. nucleon)] (computed with Geant4.10).
The primaries are alphas.
Energy[GeV/nuc],depths[g/cm2]: 1 3 5 10 15 20 30 40 50 60 70 80 90 100 110 120 130 140 150 160 170 186
0.01 1.75478E-04 2.10136E-07 1.82154E-07 1.74951E-07 1.63251E-07 1.62284E-07 1.52676E-07 1.41302E-07 1.26605E-07 1.14482E-07 8.66967E-08 7.39897E-08 6.68523E-08 5.60064E-08 5.26532E-08 4.19270E-08 2.58114E-08 4.12896E-08 2.24021E-08 2.41806E-08 2.68380E-08 1.37109E-08
0.03 1.79295E-04 2.78965E-05 3.13135E-06 3.04492E-06 2.91822E-06 2.90315E-06 2.87431E-06 2.71576E-06 2.55523E-06 2.32040E-06 2.10454E-06 1.93511E-06 1.62404E-06 1.43031E-06 1.28443E-06 1.15015E-06 1.06233E-06 9.79578E-07 8.25725E-07 7.02718E-07 5.68933E-07 6.08247E-07
0.1 3.03010E-04 2.79425E-04 2.32708E-04 1.86577E-04 7.94851E-05 7.99655E-05 8.03094E-05 8.07400E-05 7.92788E-05 7.61113E-05 7.20475E-05 6.71661E-05 6.38726E-05 5.98548E-05 5.48433E-05 5.12648E-05 4.99486E-05 4.61901E-05 4.28528E-05 4.24996E-05 4.07761E-05 6.32934E-05
0.18 3.81506E-04 3.96483E-04 4.01170E-04 4.04480E-04 4.02215E-04 3.89390E-04 3.71766E-04 3.33156E-04 3.35718E-04 3.34308E-04 3.26556E-04 3.08738E-04 3.03698E-04 2.92203E-04 2.84354E-04 2.64320E-04 2.51235E-04 2.49231E-04 2.31575E-04 2.21228E-04 2.33797E-04 2.20868E-04
0.3 2.66578E-04 3.58848E-04 4.87506E-04 5.95193E-04 7.32221E-04 8.24194E-04 8.88589E-04 9.93198E-04 1.05314E-03 1.07120E-03 1.06831E-03 1.04497E-03 1.01600E-03 1.00901E-03 9.64692E-04 9.42421E-04 9.28321E-04 9.89084E-04 9.08062E-04 8.45536E-04 7.97802E-04 8.04138E-04
0.56 5.15617E-04 6.16990E-04 7.76251E-04 8.96043E-04 1.17633E-03 1.43643E-03 1.65903E-03 2.02588E-03 2.32896E-03 2.54861E-03 2.75945E-03 2.93991E-03 3.03558E-03 3.10054E-03 3.10818E-03 3.13767E-03 3.17594E-03 3.22878E-03 3.18601E-03 3.19940E-03 3.03090E-03 3.12943E-03
1.0 8.93503E-04 1.07841E-03 1.33112E-03 1.57644E-03 2.04373E-03 2.51151E-03 2.88452E-03 3.58944E-03 4.16804E-03 4.65089E-03 5.04339E-03 5.27683E-03 5.56511E-03 5.66502E-03 5.81912E-03 5.90945E-03 6.09367E-03 6.02741E-03 6.13671E-03 6.27076E-03 6.12561E-03 6.05268E-03
3.0 2.07619E-03 2.46976E-03 3.06021E-03 3.55650E-03 4.67328E-03 5.71059E-03 6.60500E-03 8.22489E-03 9.69009E-03 1.08930E-02 1.18090E-02 1.25926E-02 1.32844E-02 1.39200E-02 1.43493E-02 1.46348E-02 1.50919E-02 1.52062E-02 1.54821E-02 1.54210E-02 1.52590E-02 1.66495E-02
10.0 5.06347E-03 5.98756E-03 7.41138E-03 8.57196E-03 1.12927E-02 1.38516E-02 1.59355E-02 2.03590E-02 2.35393E-02 2.66622E-02 2.91640E-02 3.13269E-02 3.28439E-02 3.46743E-02 3.58625E-02 3.69520E-02 3.78372E-02 3.78700E-02 3.85692E-02 3.91337E-02 3.97592E-02 3.97685E-02
30.0 1.04289E-02 1.24090E-02 1.51243E-02 1.75069E-02 2.29636E-02 2.79661E-02 3.25950E-02 4.13478E-02 4.92184E-02 5.50600E-02 6.07121E-02 6.47837E-02 6.92453E-02 7.26725E-02 7.56948E-02 7.85753E-02 8.04611E-02 8.23701E-02 8.44267E-02 8.46807E-02 8.61656E-02 8.38874E-02
100.0 2.21970E-02 2.56333E-02 3.13662E-02 3.63923E-02 4.76561E-02 5.76539E-02 6.67441E-02 8.47286E-02 9.85779E-02 1.12913E-01 1.26333E-01 1.37143E-01 1.48399E-01 1.54972E-01 1.62495E-01 1.72571E-01 1.79236E-01 1.83176E-01 1.92905E-01 1.91670E-01 2.03151E-01 2.00862E-01
