Yield function of production of Ti44 by protons, neutrons, alphas, pi+ and pi-, [(Ti44 atoms * cm2) / (g * prim. part. nucleon)] (computed with Geant4.10).
The primaries are protons.
Energy[GeV/nuc],depths[g/cm2]: 1 3 5 10 15 20 30 40 50 60 70 80 90 100 110 120 130 140 150 160 170 186
0.01 1.06251E-04 2.49389E-08 2.28302E-08 2.14232E-08 2.02800E-08 2.17805E-08 1.89630E-08 1.62544E-08 1.45262E-08 1.24414E-08 9.92252E-09 7.59324E-09 5.84814E-09 4.24596E-09 2.73057E-09 2.43997E-09 2.65580E-09 1.49195E-09 7.24732E-10 2.46290E-10 0.00000E+00 0.00000E+00
0.03 1.07935E-04 1.43282E-05 4.36409E-07 4.05702E-07 3.84243E-07 3.64212E-07 3.49661E-07 3.23831E-07 2.82952E-07 2.38906E-07 2.08153E-07 1.75286E-07 1.43479E-07 1.33437E-07 9.56141E-08 8.82566E-08 7.22878E-08 5.90778E-08 4.82301E-08 4.27728E-08 4.25554E-08 2.39584E-08
0.1 1.17933E-04 1.08119E-04 8.52271E-05 6.39000E-05 1.24305E-05 1.20770E-05 1.17718E-05 1.13446E-05 1.06651E-05 9.65083E-06 8.91461E-06 7.81372E-06 7.48005E-06 6.37702E-06 5.76141E-06 5.10417E-06 4.68582E-06 4.13486E-06 3.85998E-06 4.65543E-06 4.24699E-06 3.58705E-06
0.18 2.96069E-05 4.50644E-05 5.68419E-05 6.88829E-05 9.60028E-05 1.00574E-04 8.21429E-05 5.46457E-05 5.39404E-05 5.03255E-05 4.65837E-05 4.37504E-05 4.20414E-05 3.78178E-05 3.52426E-05 3.36817E-05 3.13207E-05 3.02498E-05 2.78783E-05 2.93143E-05 2.68446E-05 2.47452E-05
0.3 5.62041E-05 6.90856E-05 8.51208E-05 1.02559E-04 1.30698E-04 1.49058E-04 1.68278E-04 1.88194E-04 1.98266E-04 2.03128E-04 1.80977E-04 1.63336E-04 1.59186E-04 1.51238E-04 1.45169E-04 1.35997E-04 1.25512E-04 1.24982E-04 1.22533E-04 1.26489E-04 1.14455E-04 1.09711E-04
0.56 1.18907E-04 1.45742E-04 1.77626E-04 2.08321E-04 2.69868E-04 3.23863E-04 3.68624E-04 4.49303E-04 5.04911E-04 5.46160E-04 5.73923E-04 5.88945E-04 5.92158E-04 6.06867E-04 6.03446E-04 6.04123E-04 5.82474E-04 5.84505E-04 5.86588E-04 5.81142E-04 5.67559E-04 5.85248E-04
1.0 2.17323E-04 2.61876E-04 3.31450E-04 3.77773E-04 4.94724E-04 6.00247E-04 6.91954E-04 8.36368E-04 9.71410E-04 1.06023E-03 1.12413E-03 1.18684E-03 1.26606E-03 1.26918E-03 1.29316E-03 1.30227E-03 1.30119E-03 1.29810E-03 1.34783E-03 1.34241E-03 1.31163E-03 1.31766E-03
3.0 5.03557E-04 6.00646E-04 7.38389E-04 8.81929E-04 1.13876E-03 1.39014E-03 1.59505E-03 1.99924E-03 2.33448E-03 2.61785E-03 2.82872E-03 3.01098E-03 3.22943E-03 3.30884E-03 3.45379E-03 3.53377E-03 3.57712E-03 3.69095E-03 3.76188E-03 3.90630E-03 3.63588E-03 3.63402E-03
10.0 1.30556E-03 1.55058E-03 1.93253E-03 2.24247E-03 2.93286E-03 3.54074E-03 4.11581E-03 5.08009E-03 5.94495E-03 6.71841E-03 7.26305E-03 7.72003E-03 8.05205E-03 8.38568E-03 8.62155E-03 8.93240E-03 9.11379E-03 9.08878E-03 9.37614E-03 9.43226E-03 9.34140E-03 9.16846E-03
30.0 2.47322E-03 2.96176E-03 3.61419E-03 4.18681E-03 5.42580E-03 6.61504E-03 7.73748E-03 9.78147E-03 1.14045E-02 1.29661E-02 1.41392E-02 1.51745E-02 1.62358E-02 1.69052E-02 1.77769E-02 1.80931E-02 1.86798E-02 1.89200E-02 1.94007E-02 1.94559E-02 2.00022E-02 2.16324E-02
100.0 5.43387E-03 6.31192E-03 7.75845E-03 8.97201E-03 1.17687E-02 1.42829E-02 1.67423E-02 2.08259E-02 2.49529E-02 2.80951E-02 3.12731E-02 3.41806E-02 3.62474E-02 3.80419E-02 3.98516E-02 4.19353E-02 4.31877E-02 4.38085E-02 4.62113E-02 4.71293E-02 4.72765E-02 4.70771E-02
