Yield function of production of Ti44 by protons, neutrons, alphas, pi+ and pi-, [(Ti44 atoms * cm2) / (g * prim. part. nucleon)] (computed with Geant4.10).
The primaries are protons.
Energy[GeV/nuc],depths[g/cm2]: 1 3 5 10 15 20 30 40 50 60 70 80 90 100 110 128.16
0.01 1.02007E-04 1.97916E-08 1.76658E-08 1.65554E-08 1.54886E-08 1.49200E-08 1.46934E-08 1.31367E-08 1.19862E-08 1.00045E-08 7.45185E-09 6.63899E-09 6.72932E-09 4.02187E-09 4.03113E-09 1.32516E-09
0.03 1.03524E-04 1.31587E-05 3.51480E-07 3.35176E-07 3.13955E-07 3.10248E-07 2.99573E-07 2.86758E-07 2.56421E-07 2.37620E-07 1.98911E-07 1.74215E-07 1.54482E-07 1.40836E-07 1.47055E-07 1.31783E-07
0.1 1.14781E-04 1.04588E-04 8.25473E-05 6.12157E-05 1.16177E-05 1.12375E-05 1.14023E-05 1.12653E-05 1.05600E-05 1.09976E-05 9.81099E-06 9.37339E-06 8.42885E-06 7.56155E-06 7.83460E-06 7.75375E-06
0.18 2.97444E-05 4.40660E-05 5.63596E-05 6.75824E-05 9.47111E-05 9.83659E-05 8.08013E-05 5.44843E-05 5.35178E-05 5.27666E-05 5.04609E-05 4.86246E-05 4.76799E-05 4.52564E-05 4.38651E-05 4.08843E-05
0.3 5.39333E-05 6.75959E-05 8.52952E-05 9.62524E-05 1.30013E-04 1.49732E-04 1.64747E-04 1.88925E-04 2.02053E-04 2.07957E-04 1.88339E-04 1.81674E-04 1.79423E-04 1.68522E-04 1.68110E-04 1.62201E-04
0.56 1.11384E-04 1.35878E-04 1.66427E-04 1.96624E-04 2.58812E-04 3.10331E-04 3.53171E-04 4.38182E-04 5.02391E-04 5.52089E-04 5.89779E-04 6.07997E-04 6.31797E-04 6.58004E-04 6.48438E-04 5.97376E-04
1.0 1.84269E-04 2.21527E-04 2.75750E-04 3.22939E-04 4.34151E-04 5.18729E-04 6.01171E-04 7.48278E-04 8.77597E-04 9.49178E-04 1.03772E-03 1.09180E-03 1.14780E-03 1.18838E-03 1.20271E-03 1.18160E-03
3.0 3.69384E-04 4.40780E-04 5.51445E-04 6.54601E-04 8.64751E-04 1.05808E-03 1.24055E-03 1.55620E-03 1.85064E-03 2.04384E-03 2.23166E-03 2.36079E-03 2.48997E-03 2.61253E-03 2.64597E-03 2.60472E-03
10.0 9.00113E-04 1.07971E-03 1.35153E-03 1.57880E-03 2.09792E-03 2.54661E-03 2.96876E-03 3.80625E-03 4.44903E-03 4.96677E-03 5.44584E-03 5.73657E-03 6.07778E-03 6.17680E-03 6.52385E-03 6.43378E-03
30.0 1.44187E-03 1.72983E-03 2.16551E-03 2.53052E-03 3.41627E-03 4.20352E-03 4.94554E-03 6.31122E-03 7.46675E-03 8.61875E-03 9.39329E-03 1.00137E-02 1.07308E-02 1.10750E-02 1.14174E-02 1.14905E-02
100.0 2.80706E-03 3.32840E-03 4.18639E-03 4.82410E-03 6.63482E-03 8.10860E-03 9.66812E-03 1.25264E-02 1.47058E-02 1.70020E-02 1.84916E-02 1.97884E-02 2.11339E-02 2.23147E-02 2.28423E-02 2.39319E-02
