Yield function of production of Ti44 by protons, neutrons, alphas, pi+ and pi-, [(Ti44 atoms * cm2) / (g * prim. part. nucleon)] (computed with Geant4.10).
The primaries are alphas.
Energy[GeV/nuc],depths[g/cm2]: 1 3 5 10 15 20 30 40 50 60 70 80 90 100 110 128.16
0.01 1.69711E-04 2.05251E-07 1.78199E-07 1.72549E-07 1.58199E-07 1.62766E-07 1.54146E-07 1.40138E-07 1.38371E-07 1.19727E-07 1.07498E-07 9.19952E-08 8.75588E-08 8.34424E-08 6.04993E-08 3.91068E-08
0.03 1.73416E-04 2.60334E-05 2.98405E-06 2.79329E-06 2.76275E-06 2.77694E-06 2.78617E-06 2.74204E-06 2.63196E-06 2.40554E-06 2.28756E-06 2.17417E-06 2.11421E-06 1.88911E-06 1.81084E-06 1.78063E-06
0.1 3.04442E-04 2.78998E-04 2.32379E-04 1.83957E-04 7.84930E-05 8.00272E-05 8.11847E-05 8.41190E-05 8.33361E-05 8.11815E-05 7.94768E-05 7.76950E-05 7.32461E-05 7.07727E-05 6.89731E-05 6.58175E-05
0.18 3.93788E-04 4.00220E-04 4.04140E-04 4.05552E-04 4.05943E-04 3.92669E-04 3.74934E-04 3.45434E-04 3.48431E-04 3.53198E-04 3.55872E-04 3.46747E-04 3.44848E-04 3.31184E-04 3.38407E-04 3.31449E-04
0.3 2.69345E-04 3.56796E-04 4.75835E-04 5.90379E-04 7.45955E-04 8.27545E-04 8.90172E-04 9.97040E-04 1.06483E-03 1.08971E-03 1.09609E-03 1.10283E-03 1.11624E-03 1.12263E-03 1.13840E-03 1.09537E-03
0.56 4.65617E-04 5.62579E-04 6.95611E-04 8.09263E-04 1.06695E-03 1.29884E-03 1.51817E-03 1.88255E-03 2.17591E-03 2.42176E-03 2.60172E-03 2.75716E-03 2.89606E-03 2.98565E-03 3.06953E-03 3.04809E-03
1.0 7.53438E-04 9.00155E-04 1.12247E-03 1.31873E-03 1.74026E-03 2.12811E-03 2.47975E-03 3.13507E-03 3.63858E-03 4.08032E-03 4.47269E-03 4.67048E-03 4.89985E-03 4.99717E-03 5.11429E-03 5.16373E-03
3.0 1.52763E-03 1.82567E-03 2.26679E-03 2.66753E-03 3.53225E-03 4.37613E-03 5.11515E-03 6.42455E-03 7.52423E-03 8.49744E-03 9.30949E-03 9.90881E-03 1.04838E-02 1.08730E-02 1.09500E-02 1.11632E-02
10.0 3.35567E-03 4.02169E-03 4.98447E-03 5.90086E-03 7.80184E-03 9.60975E-03 1.13736E-02 1.43431E-02 1.71375E-02 1.93390E-02 2.10964E-02 2.27228E-02 2.40024E-02 2.48677E-02 2.60386E-02 2.56416E-02
30.0 6.20689E-03 7.41788E-03 9.26164E-03 1.08703E-02 1.45331E-02 1.81514E-02 2.13215E-02 2.72043E-02 3.24094E-02 3.67163E-02 4.01495E-02 4.37159E-02 4.59943E-02 4.76696E-02 5.04429E-02 5.10951E-02
100.0 1.22320E-02 1.44991E-02 1.81559E-02 2.18722E-02 2.83310E-02 3.56571E-02 4.18267E-02 5.28242E-02 6.36229E-02 7.32783E-02 8.04750E-02 8.84010E-02 9.57080E-02 9.91928E-02 1.02065E-01 1.03559E-01
