Yield function of production of Ti44 by protons, neutrons, alphas, [(Ti44 atoms * cm2) / (g * prim. part. nucleon)] (computed with Geant4.10).
The primaries are protons.
Energy[GeV/nuc],depths[g/cm2]: 1 3 5 10 15 20 25 30 35 40 45 50 55 60 65 70 75 80 85 90 95 100 105 110 115 120 125 130 135 140 143.2
0.01 9.73943E-17 0.00000E+00 0.00000E+00 0.00000E+00 0.00000E+00 0.00000E+00 0.00000E+00 0.00000E+00 0.00000E+00 0.00000E+00 0.00000E+00 0.00000E+00 0.00000E+00 0.00000E+00 0.00000E+00 0.00000E+00 0.00000E+00 0.00000E+00 0.00000E+00 0.00000E+00 0.00000E+00 0.00000E+00 0.00000E+00 0.00000E+00 0.00000E+00 0.00000E+00 0.00000E+00 0.00000E+00 0.00000E+00 0.00000E+00 0.00000E+00
0.03 9.85543E-09 5.77547E-16 7.30596E-16 3.17571E-16 3.67798E-16 6.41806E-16 1.00792E-15 0.00000E+00 0.00000E+00 0.00000E+00 0.00000E+00 0.00000E+00 0.00000E+00 0.00000E+00 0.00000E+00 0.00000E+00 0.00000E+00 0.00000E+00 0.00000E+00 0.00000E+00 0.00000E+00 0.00000E+00 0.00000E+00 0.00000E+00 0.00000E+00 0.00000E+00 0.00000E+00 0.00000E+00 0.00000E+00 0.00000E+00 0.00000E+00
0.1 6.48967E-07 2.72459E-07 6.09150E-08 2.48552E-08 3.87296E-10 3.40788E-10 3.00939E-10 2.76289E-10 2.72556E-10 2.54565E-10 2.17222E-10 2.08212E-10 2.05279E-10 1.84395E-10 1.80362E-10 1.88464E-10 2.00476E-10 1.54820E-10 1.50150E-10 1.30228E-10 2.26376E-10 1.19478E-10 1.42979E-10 1.41037E-10 1.43349E-10 1.10795E-10 1.32331E-10 6.51854E-11 8.81370E-11 3.54346E-11 1.86675E-10
0.18 2.39672E-06 1.75693E-06 1.34269E-06 9.89764E-07 4.61868E-07 1.67088E-07 3.63269E-08 1.65381E-08 1.37802E-08 1.31235E-08 1.26294E-08 1.27155E-08 1.14778E-08 1.07917E-08 1.09883E-08 1.01156E-08 9.99679E-09 1.03145E-08 1.05321E-08 9.90648E-09 8.74254E-09 8.73368E-09 8.30568E-09 7.53584E-09 7.87804E-09 6.76858E-09 6.59359E-09 6.49490E-09 9.25586E-09 6.38418E-09 5.64503E-09
0.3 5.16419E-06 5.14262E-06 4.39601E-06 3.82197E-06 2.93125E-06 2.21596E-06 1.71996E-06 1.31325E-06 9.93225E-07 7.29365E-07 5.09869E-07 3.56467E-07 2.34574E-07 1.55948E-07 1.36081E-07 1.28105E-07 1.25908E-07 1.18108E-07 1.18129E-07 1.09919E-07 1.07405E-07 1.09197E-07 9.91446E-08 1.00402E-07 9.22242E-08 9.80760E-08 1.25402E-07 1.10215E-07 1.09341E-07 8.81231E-08 5.63093E-08
0.56 9.54892E-06 9.73108E-06 9.62546E-06 8.77563E-06 8.55875E-06 8.01695E-06 7.46190E-06 7.01908E-06 6.65065E-06 6.18251E-06 5.92106E-06 5.24779E-06 5.35869E-06 4.55921E-06 4.31232E-06 4.19535E-06 3.93899E-06 3.92620E-06 3.61140E-06 3.82179E-06 3.22910E-06 3.16164E-06 2.87798E-06 3.24975E-06 2.55923E-06 2.60186E-06 2.63709E-06 2.25436E-06 2.49003E-06 2.37284E-06 1.96209E-06
1.0 1.33765E-05 1.36614E-05 1.35358E-05 1.32196E-05 1.31041E-05 1.24931E-05 1.21990E-05 1.22385E-05 1.17841E-05 1.16354E-05 1.19323E-05 1.07741E-05 1.08925E-05 1.06282E-05 1.05796E-05 1.05239E-05 1.00926E-05 9.87659E-06 1.01859E-05 9.75636E-06 9.95215E-06 9.70101E-06 9.58932E-06 9.80483E-06 1.06643E-05 9.15309E-06 9.52094E-06 9.38657E-06 8.90950E-06 8.51000E-06 6.40362E-06
3.0 1.28574E-05 1.31683E-05 1.37276E-05 1.39383E-05 1.42702E-05 1.48064E-05 1.44996E-05 1.48307E-05 1.49155E-05 1.54968E-05 1.54702E-05 1.56047E-05 1.65416E-05 1.54108E-05 1.54659E-05 1.58669E-05 1.58156E-05 1.58706E-05 1.51972E-05 1.74357E-05 1.55988E-05 1.55296E-05 1.64777E-05 1.58028E-05 1.52960E-05 1.66642E-05 1.63016E-05 1.69690E-05 1.61243E-05 1.60114E-05 1.02911E-05
10.0 1.72493E-05 1.78251E-05 1.86273E-05 1.92125E-05 2.01697E-05 2.12519E-05 2.16611E-05 2.27432E-05 2.27742E-05 2.34611E-05 2.34926E-05 2.40778E-05 2.41962E-05 2.44190E-05 2.48021E-05 2.43491E-05 2.45602E-05 2.54618E-05 2.48409E-05 2.46937E-05 2.45191E-05 2.52397E-05 2.66661E-05 2.61518E-05 2.52409E-05 2.61492E-05 2.45758E-05 2.54084E-05 2.25822E-05 2.55942E-05 2.27829E-05
30.0 2.30012E-05 2.35222E-05 2.44317E-05 2.51583E-05 2.70298E-05 2.82977E-05 2.87359E-05 3.04891E-05 3.07394E-05 3.35041E-05 3.31025E-05 3.27445E-05 3.36910E-05 3.35966E-05 3.46359E-05 3.53381E-05 3.56925E-05 3.63568E-05 3.62666E-05 3.79795E-05 3.56530E-05 4.04523E-05 3.71116E-05 3.72535E-05 3.69565E-05 3.71448E-05 3.77502E-05 4.01735E-05 4.09405E-05 4.42281E-05 4.83684E-05
100.0 3.58942E-05 3.64766E-05 3.81177E-05 3.96426E-05 4.12778E-05 4.43433E-05 4.53558E-05 4.65856E-05 4.78886E-05 5.10510E-05 5.18336E-05 5.36207E-05 5.44577E-05 5.67489E-05 5.71074E-05 6.05702E-05 5.96535E-05 5.95069E-05 6.25272E-05 6.70513E-05 6.71016E-05 6.96887E-05 6.54613E-05 6.68483E-05 6.19480E-05 6.25793E-05 6.66743E-05 6.83880E-05 7.28137E-05 7.40952E-05 1.62243E-04
