Yield function of production of Ti44 by protons, neutrons, alphas, pi+ and pi-, [(Ti44 atoms * cm2) / (g * prim. part. nucleon)] (computed with Geant4.10).
The primaries are alphas.
Energy[GeV/nuc],depths[g/cm2]: 1 3 5 10 15 20 25 30 35 40 45 50 55 60 65 70 75 80 85 90 95 100 105 110 115 120 125 130 135 140 143.2
0.01 3.62236E-06 5.71599E-15 3.26412E-15 1.71640E-15 1.89699E-15 2.11439E-15 2.38085E-15 2.27162E-15 2.60040E-15 3.16820E-15 4.11922E-15 1.55840E-15 1.85893E-15 1.59715E-15 1.85416E-15 0.00000E+00 0.00000E+00 0.00000E+00 0.00000E+00 0.00000E+00 0.00000E+00 0.00000E+00 0.00000E+00 0.00000E+00 0.00000E+00 0.00000E+00 0.00000E+00 0.00000E+00 0.00000E+00 0.00000E+00 0.00000E+00
0.03 1.34018E-05 3.16482E-07 1.14846E-10 9.56616E-11 7.54693E-11 6.58759E-11 6.24856E-11 5.33235E-11 4.81291E-11 4.78526E-11 4.24511E-11 4.41420E-11 3.94196E-11 3.95104E-11 3.83473E-11 3.42450E-11 3.25499E-11 2.89956E-11 2.63559E-11 2.29461E-11 2.44556E-11 2.14396E-11 2.36791E-11 2.19813E-11 2.08489E-11 2.24868E-11 2.25214E-11 2.76066E-11 3.44978E-11 1.49203E-11 0.00000E+00
0.1 1.57102E-05 1.42244E-05 1.07249E-05 7.10366E-06 3.19554E-08 2.71058E-08 2.43025E-08 2.27504E-08 2.07456E-08 1.94324E-08 1.87263E-08 1.82337E-08 1.74031E-08 1.74382E-08 1.72439E-08 1.81986E-08 1.57793E-08 1.59649E-08 1.49793E-08 1.47889E-08 1.60120E-08 1.63685E-08 1.58680E-08 1.51125E-08 1.52066E-08 1.77540E-08 1.42238E-08 1.11581E-08 1.08801E-08 2.06266E-08 1.25667E-08
0.18 1.27601E-05 1.28141E-05 1.14372E-05 1.03870E-05 8.39298E-06 6.11256E-06 3.69279E-06 1.15411E-06 2.91349E-07 2.77165E-07 2.65741E-07 2.50585E-07 2.36810E-07 2.23872E-07 2.28850E-07 2.15754E-07 2.18783E-07 2.12690E-07 2.10311E-07 2.05161E-07 1.83790E-07 1.83350E-07 1.71909E-07 1.71944E-07 1.87283E-07 1.76473E-07 1.79253E-07 1.96329E-07 1.89588E-07 1.63039E-07 1.25242E-07
0.3 1.40894E-05 1.38878E-05 1.30430E-05 1.28463E-05 1.15198E-05 1.00569E-05 8.73190E-06 7.80612E-06 7.04073E-06 6.21487E-06 5.60915E-06 4.89630E-06 4.18647E-06 3.35550E-06 2.44893E-06 1.77627E-06 1.73239E-06 1.69051E-06 1.60408E-06 1.57775E-06 1.62470E-06 1.53690E-06 1.45390E-06 1.54096E-06 1.45977E-06 1.47032E-06 1.38068E-06 1.78051E-06 1.94499E-06 1.25510E-06 5.93557E-07
0.56 1.86744E-05 1.89987E-05 1.91042E-05 1.91457E-05 1.90781E-05 1.93449E-05 1.89012E-05 1.88977E-05 1.83635E-05 1.81274E-05 1.78252E-05 1.72159E-05 1.71692E-05 1.75038E-05 1.63563E-05 1.59598E-05 1.56603E-05 1.53747E-05 1.81176E-05 1.63193E-05 1.51625E-05 1.48205E-05 1.67831E-05 1.41084E-05 1.49083E-05 1.42759E-05 1.51666E-05 1.40901E-05 1.26610E-05 1.23252E-05 1.07921E-05
1.0 2.57273E-05 2.64350E-05 2.77716E-05 2.85231E-05 3.11904E-05 3.09949E-05 3.13564E-05 3.26822E-05 3.23196E-05 3.24418E-05 3.36359E-05 3.29297E-05 3.32652E-05 3.30540E-05 3.25039E-05 3.28308E-05 3.23292E-05 3.31295E-05 3.31401E-05 3.52809E-05 3.31559E-05 3.29284E-05 3.35230E-05 3.32125E-05 3.37897E-05 3.39509E-05 3.31918E-05 3.18301E-05 3.13916E-05 2.97646E-05 2.38631E-05
3.0 3.75292E-05 3.97338E-05 4.08539E-05 4.29422E-05 4.52891E-05 4.82720E-05 5.15555E-05 5.18346E-05 5.27194E-05 5.43230E-05 5.78499E-05 5.69084E-05 5.69152E-05 5.90357E-05 5.87883E-05 5.98331E-05 6.09631E-05 6.08268E-05 6.40647E-05 6.28980E-05 6.15540E-05 6.17204E-05 6.15955E-05 6.28282E-05 6.17620E-05 6.40593E-05 6.42442E-05 6.30823E-05 6.10921E-05 5.27908E-05 6.28293E-05
10.0 5.57080E-05 5.89274E-05 6.12345E-05 6.43040E-05 7.01524E-05 7.60916E-05 7.96247E-05 8.46410E-05 8.51801E-05 8.72778E-05 8.90413E-05 9.02644E-05 9.08148E-05 9.14424E-05 9.53905E-05 9.51371E-05 9.43073E-05 9.68768E-05 9.59644E-05 9.74408E-05 9.88927E-05 9.64611E-05 9.72102E-05 9.97933E-05 9.69982E-05 1.03719E-04 9.44128E-05 1.06504E-04 1.05048E-04 9.20928E-05 1.00922E-04
30.0 8.29891E-05 8.66197E-05 8.98964E-05 9.50715E-05 1.02562E-04 1.08714E-04 1.16287E-04 1.18564E-04 1.23509E-04 1.26749E-04 1.32693E-04 1.35569E-04 1.36846E-04 1.40644E-04 1.42034E-04 1.48856E-04 1.49215E-04 1.51731E-04 1.51930E-04 1.53105E-04 1.58483E-04 1.59657E-04 1.60999E-04 1.63885E-04 1.51735E-04 1.56926E-04 1.54156E-04 1.50190E-04 1.38820E-04 1.34312E-04 1.85312E-04
100.0 1.20964E-04 1.26532E-04 1.33952E-04 1.40477E-04 1.48682E-04 1.61663E-04 1.72998E-04 1.78879E-04 1.87111E-04 1.94685E-04 2.05894E-04 2.17270E-04 2.19051E-04 2.19335E-04 2.33779E-04 2.29128E-04 2.37260E-04 2.32872E-04 2.40491E-04 2.33828E-04 2.41702E-04 2.49110E-04 2.39569E-04 2.48218E-04 2.28032E-04 2.19618E-04 2.05307E-04 2.03375E-04 1.98819E-04 2.71415E-04 1.82007E-04
