Yield function of production of Ti44 by protons, neutrons, alphas, pi+ and pi-, [(Ti44 atoms * cm2) / (g * prim. part. nucleon)] (computed with Geant4.10).
The primaries are alphas.
Energy[GeV/nuc],depths[g/cm2]: 1 3 10 20 30 40 50 60 71.6
0.01 3.93859E-07 2.04793E-07 1.86251E-07 1.76578E-07 1.80235E-07 1.93509E-07 2.04276E-07 2.02387E-07 1.92374E-07
0.03 3.59318E-06 3.91457E-06 3.04414E-06 2.95705E-06 3.10021E-06 3.25231E-06 3.34520E-06 3.29351E-06 3.34222E-06
0.1 4.62177E-05 6.62514E-05 8.05734E-05 8.50219E-05 8.94899E-05 9.47393E-05 9.74923E-05 1.02076E-04 1.04213E-04
0.18 1.24314E-04 1.63114E-04 2.03542E-04 2.95955E-04 3.57156E-04 3.79404E-04 3.87562E-04 4.04793E-04 4.02035E-04
0.3 2.45073E-04 2.96154E-04 3.81845E-04 5.69764E-04 7.79271E-04 9.55159E-04 1.07477E-03 1.11999E-03 1.18904E-03
0.56 4.00819E-04 4.83182E-04 5.99008E-04 9.07159E-04 1.25259E-03 1.52480E-03 1.70666E-03 1.85427E-03 1.94410E-03
1.0 5.85296E-04 7.02295E-04 8.73837E-04 1.31503E-03 1.87366E-03 2.27216E-03 2.62023E-03 2.84933E-03 3.02943E-03
3.0 1.04659E-03 1.25272E-03 1.55849E-03 2.38323E-03 3.42155E-03 4.26304E-03 5.00265E-03 5.30523E-03 5.75324E-03
10.0 2.09679E-03 2.50273E-03 3.14834E-03 4.86554E-03 6.95047E-03 8.76169E-03 1.01126E-02 1.09682E-02 1.16783E-02
30.0 3.38368E-03 4.02503E-03 5.03378E-03 7.83829E-03 1.13229E-02 1.42702E-02 1.65436E-02 1.80727E-02 1.90167E-02
100.0 5.71377E-03 6.84851E-03 9.06455E-03 1.36518E-02 1.97182E-02 2.44998E-02 2.87154E-02 3.21851E-02 4.32034E-02
