Yield function of production of Ti44 by protons, neutrons, alphas, pi+ and pi-, [(Ti44 atoms * cm2) / (g * prim. part. nucleon)] (computed with Geant4.10).
The primaries are protons.
Energy[GeV/nuc],depths[g/cm2]: 1 3 10 20 30 40 50 60 71.6
0.01 2.04132E-04 2.41767E-08 2.20360E-08 2.12241E-08 2.23499E-08 2.14129E-08 2.08692E-08 2.20915E-08 1.76202E-08
0.03 2.07669E-04 2.71926E-05 4.20401E-07 3.89594E-07 3.87236E-07 3.93415E-07 3.83326E-07 3.78923E-07 3.62631E-07
0.1 2.37319E-04 2.09835E-04 1.59986E-04 1.32454E-05 1.31107E-05 1.38908E-05 1.39988E-05 1.51149E-05 1.49983E-05
0.18 4.40641E-05 7.30017E-05 1.04097E-04 1.60137E-04 1.27045E-04 6.52094E-05 6.74654E-05 6.81500E-05 6.92818E-05
0.3 7.05399E-05 8.52470E-05 1.05735E-04 1.60243E-04 2.20915E-04 2.64389E-04 3.01805E-04 3.39942E-04 2.83312E-04
0.56 1.08733E-04 1.32883E-04 1.64323E-04 2.44934E-04 3.40686E-04 4.06525E-04 4.63224E-04 4.91617E-04 4.97193E-04
1.0 1.56929E-04 1.92086E-04 2.35437E-04 3.58478E-04 5.00994E-04 6.08027E-04 6.82448E-04 7.87992E-04 8.14092E-04
3.0 2.62641E-04 3.17003E-04 3.92972E-04 6.07255E-04 8.60384E-04 1.06230E-03 1.19424E-03 1.35942E-03 1.38893E-03
10.0 6.19029E-04 7.48848E-04 9.40387E-04 1.41657E-03 2.01618E-03 2.51545E-03 2.92859E-03 3.11306E-03 3.19582E-03
30.0 7.81374E-04 9.32491E-04 1.16358E-03 1.80963E-03 2.61949E-03 3.28203E-03 3.75464E-03 4.20544E-03 4.69843E-03
100.0 1.39839E-03 1.68544E-03 2.07456E-03 3.25652E-03 4.93930E-03 5.98248E-03 6.99561E-03 7.62971E-03 8.13873E-03
