Yield function of production of Ti44 by protons, neutrons, alphas, [(Ti44 atoms * cm2) / (g * prim. part. nucleon)] (computed with Geant4.10).
The primaries are protons.
Energy[GeV/nuc],depths[g/cm2]: 0 1 3 5 10.03 15.06 20.09 25.12 30.15 35.18 40.21 45.24 50.27 55.3 60.33 65.36 70.39 75.42 80.45 85.48 90.51 95.54 100.57 105.6 110.63 115.66 120.69 125.72 130.75 135.78 140.81 145.84 150.87 155.9 160.93 165.96 170.99 176.02 181.05
0.03 9.85618E-09 3.05200E-16 3.89614E-16 6.89850E-17 0.00000E+00 0.00000E+00 0.00000E+00 0.00000E+00 0.00000E+00 0.00000E+00 0.00000E+00 0.00000E+00 0.00000E+00 0.00000E+00 0.00000E+00 0.00000E+00 0.00000E+00 0.00000E+00 0.00000E+00 0.00000E+00 0.00000E+00 0.00000E+00 0.00000E+00 0.00000E+00 0.00000E+00 0.00000E+00 0.00000E+00 0.00000E+00 0.00000E+00 0.00000E+00 0.00000E+00 0.00000E+00 0.00000E+00 0.00000E+00 0.00000E+00 0.00000E+00 0.00000E+00 0.00000E+00 0.00000E+00
0.1 6.46218E-07 2.63352E-07 5.64152E-08 2.37649E-08 3.76150E-10 3.26179E-10 2.88907E-10 2.59081E-10 2.36881E-10 2.13008E-10 1.97809E-10 1.80526E-10 1.67068E-10 1.55128E-10 1.46509E-10 1.37397E-10 1.29309E-10 1.26182E-10 1.17790E-10 1.10166E-10 1.04693E-10 1.04656E-10 9.48746E-11 8.90647E-11 8.59127E-11 8.47716E-11 8.32317E-11 7.83336E-11 7.68710E-11 7.68309E-11 6.92150E-11 6.47902E-11 6.93249E-11 7.86170E-11 6.26816E-11 5.86365E-11 6.26838E-11 4.53083E-11 4.87702E-11
0.18 2.34773E-06 1.70544E-06 1.28814E-06 9.46901E-07 4.21626E-07 1.49481E-07 3.14412E-08 1.38303E-08 1.20236E-08 1.12331E-08 1.05010E-08 1.00124E-08 9.58695E-09 9.12044E-09 8.73804E-09 8.37286E-09 8.00206E-09 7.84893E-09 7.52651E-09 7.25722E-09 7.00441E-09 6.73657E-09 6.57870E-09 6.56563E-09 6.26772E-09 6.18363E-09 6.36839E-09 6.06970E-09 5.82826E-09 5.90714E-09 5.86395E-09 5.80260E-09 5.38383E-09 5.65159E-09 5.42200E-09 5.10176E-09 5.05855E-09 5.80720E-09 4.58342E-09
0.3 5.10190E-06 4.85482E-06 4.15137E-06 3.58272E-06 2.59237E-06 1.98716E-06 1.53153E-06 1.14909E-06 8.58954E-07 6.20116E-07 4.29621E-07 2.87464E-07 1.88247E-07 1.30264E-07 1.12104E-07 1.05673E-07 1.02502E-07 9.99194E-08 9.62114E-08 9.39301E-08 9.13426E-08 8.92437E-08 8.77466E-08 8.53547E-08 8.41825E-08 8.41301E-08 7.96429E-08 7.98103E-08 8.08037E-08 7.78991E-08 7.55514E-08 7.48194E-08 7.33607E-08 7.30760E-08 7.04236E-08 7.24818E-08 7.74899E-08 6.60970E-08 8.12904E-08
0.56 9.09419E-06 9.02452E-06 8.60520E-06 8.39919E-06 7.49651E-06 6.96709E-06 6.42067E-06 5.94586E-06 5.52734E-06 5.16586E-06 4.80053E-06 4.40493E-06 4.05838E-06 3.77894E-06 3.51874E-06 3.25984E-06 3.01894E-06 2.81233E-06 2.62260E-06 2.42331E-06 2.22498E-06 2.06642E-06 1.89930E-06 1.74120E-06 1.59946E-06 1.46627E-06 1.34472E-06 1.23348E-06 1.12896E-06 1.04693E-06 9.70525E-07 8.86812E-07 8.12971E-07 7.61620E-07 7.27707E-07 6.78044E-07 6.50563E-07 6.85535E-07 6.52748E-07
1.0 1.26032E-05 1.26326E-05 1.22993E-05 1.21315E-05 1.14020E-05 1.10535E-05 1.06614E-05 1.05066E-05 1.01515E-05 9.81473E-06 9.59412E-06 9.43095E-06 9.22690E-06 8.93418E-06 8.77068E-06 8.57731E-06 8.32179E-06 8.15001E-06 8.11245E-06 7.90949E-06 7.69981E-06 7.58436E-06 7.49372E-06 7.31828E-06 7.32646E-06 7.13863E-06 7.07685E-06 6.94404E-06 6.95834E-06 6.80010E-06 6.71873E-06 6.63678E-06 6.63631E-06 6.58916E-06 6.41537E-06 6.35907E-06 6.43590E-06 6.43007E-06 6.16842E-06
3.0 1.23729E-05 1.25452E-05 1.27021E-05 1.29456E-05 1.28796E-05 1.31323E-05 1.33749E-05 1.35804E-05 1.36652E-05 1.37902E-05 1.39392E-05 1.40648E-05 1.41857E-05 1.41161E-05 1.43621E-05 1.42044E-05 1.43192E-05 1.43293E-05 1.44133E-05 1.44076E-05 1.44003E-05 1.43686E-05 1.42985E-05 1.42752E-05 1.43527E-05 1.42417E-05 1.43460E-05 1.42338E-05 1.44646E-05 1.46471E-05 1.46217E-05 1.42623E-05 1.45752E-05 1.44326E-05 1.42910E-05 1.44183E-05 1.40263E-05 1.55688E-05 1.42218E-05
10.0 1.78760E-05 1.83482E-05 1.89072E-05 1.95470E-05 2.00517E-05 2.09726E-05 2.16640E-05 2.23127E-05 2.27385E-05 2.34071E-05 2.37172E-05 2.43745E-05 2.44591E-05 2.48048E-05 2.49288E-05 2.51890E-05 2.55473E-05 2.55985E-05 2.56308E-05 2.56194E-05 2.57590E-05 2.59599E-05 2.62317E-05 2.59572E-05 2.60703E-05 2.63834E-05 2.64268E-05 2.63616E-05 2.65557E-05 2.63746E-05 2.71071E-05 2.64320E-05 2.60592E-05 2.67609E-05 2.63576E-05 2.67727E-05 2.67379E-05 2.67005E-05 2.58267E-05
30.0 2.60593E-05 2.66302E-05 2.75503E-05 2.84002E-05 2.90590E-05 3.04748E-05 3.21123E-05 3.34497E-05 3.46450E-05 3.56363E-05 3.65528E-05 3.76078E-05 3.87129E-05 3.92470E-05 4.02436E-05 4.06378E-05 4.13038E-05 4.21759E-05 4.24395E-05 4.32113E-05 4.34634E-05 4.43517E-05 4.41145E-05 4.51334E-05 4.53315E-05 4.56126E-05 4.50412E-05 4.66613E-05 4.62647E-05 4.66624E-05 4.60815E-05 4.61747E-05 4.70178E-05 4.61932E-05 4.57836E-05 4.68877E-05 4.89251E-05 4.85622E-05 4.13023E-05
100.0 4.61050E-05 4.67688E-05 4.82900E-05 5.01972E-05 5.18889E-05 5.45511E-05 5.71038E-05 6.01555E-05 6.19233E-05 6.47483E-05 6.67327E-05 6.88466E-05 7.11163E-05 7.19538E-05 7.48118E-05 7.51300E-05 7.70837E-05 7.87242E-05 7.95624E-05 8.11736E-05 8.25387E-05 8.33156E-05 8.67884E-05 8.44444E-05 8.60694E-05 8.59954E-05 8.72284E-05 8.76209E-05 8.82862E-05 8.80803E-05 9.01315E-05 9.08102E-05 8.93507E-05 9.05155E-05 8.99147E-05 9.16787E-05 9.34913E-05 8.56102E-05 1.01982E-04
