Yield function of production of Ti44 by protons, neutrons, alphas, [(Ti44 atoms * cm2) / (g * prim. part. nucleon)] (computed with Geant4.10).
The primaries are alphas.
Energy[GeV/nuc],depths[g/cm2]: 0 1 3 5 10.03 15.06 20.09 25.12 30.15 35.18 40.21 45.24 50.27 55.3 60.33 65.36 70.39 75.42 80.45 85.48 90.51 95.54 100.57 105.6 110.63 115.66 120.69 125.72 130.75 135.78 140.81 145.84 150.87 155.9 160.93 165.96 170.99 176.02 181.05
0.03 1.33915E-05 2.15188E-07 8.94239E-11 7.83678E-11 6.22156E-11 5.44466E-11 4.63542E-11 4.36372E-11 3.85433E-11 3.52917E-11 3.24711E-11 2.96000E-11 2.83974E-11 2.63470E-11 2.35727E-11 2.20487E-11 2.10174E-11 2.11931E-11 1.91317E-11 1.88257E-11 1.72234E-11 1.71080E-11 1.62761E-11 1.48431E-11 1.50370E-11 1.56710E-11 1.32656E-11 1.36543E-11 1.39393E-11 1.32621E-11 1.25577E-11 1.33499E-11 1.17909E-11 1.03495E-11 1.71317E-11 1.23147E-11 1.40441E-11 8.66431E-12 8.58785E-12
0.1 1.55816E-05 1.39273E-05 1.03062E-05 6.82237E-06 3.17594E-08 2.67927E-08 2.38970E-08 2.22040E-08 2.08177E-08 1.96385E-08 1.86658E-08 1.76829E-08 1.68742E-08 1.62243E-08 1.57814E-08 1.49484E-08 1.45465E-08 1.37856E-08 1.35936E-08 1.30701E-08 1.25721E-08 1.24168E-08 1.19795E-08 1.18547E-08 1.15378E-08 1.13174E-08 1.09962E-08 1.07760E-08 1.06926E-08 1.10104E-08 1.00705E-08 1.00951E-08 1.01564E-08 1.00110E-08 1.04751E-08 1.00698E-08 9.40943E-09 8.59854E-09 7.78428E-09
0.18 1.27180E-05 1.22302E-05 1.07261E-05 9.93234E-06 7.69175E-06 5.59637E-06 3.32009E-06 1.00201E-06 2.76295E-07 2.58577E-07 2.42815E-07 2.30639E-07 2.20437E-07 2.10964E-07 2.03395E-07 1.95879E-07 1.89605E-07 1.83396E-07 1.78041E-07 1.74653E-07 1.69283E-07 1.65366E-07 1.61297E-07 1.59451E-07 1.56038E-07 1.54015E-07 1.50846E-07 1.48125E-07 1.46255E-07 1.44544E-07 1.44195E-07 1.41404E-07 1.38701E-07 1.37271E-07 1.37976E-07 1.35552E-07 1.32788E-07 1.29948E-07 1.41684E-07
0.3 1.36699E-05 1.33534E-05 1.25553E-05 1.18848E-05 1.01004E-05 8.81859E-06 7.84638E-06 6.98589E-06 6.20931E-06 5.49382E-06 4.82551E-06 4.17985E-06 3.52520E-06 2.81352E-06 2.06646E-06 1.50535E-06 1.45584E-06 1.40347E-06 1.36192E-06 1.32448E-06 1.29212E-06 1.25922E-06 1.23895E-06 1.20567E-06 1.18471E-06 1.17219E-06 1.15373E-06 1.12843E-06 1.11759E-06 1.11407E-06 1.09975E-06 1.08113E-06 1.07845E-06 1.06833E-06 1.05004E-06 1.05380E-06 1.06101E-06 1.08768E-06 9.76940E-07
0.56 1.77083E-05 1.78579E-05 1.78458E-05 1.79989E-05 1.73060E-05 1.71487E-05 1.68643E-05 1.65635E-05 1.62087E-05 1.58531E-05 1.54776E-05 1.50349E-05 1.46213E-05 1.43281E-05 1.39213E-05 1.35651E-05 1.31012E-05 1.28497E-05 1.25295E-05 1.21721E-05 1.17858E-05 1.15851E-05 1.12094E-05 1.09767E-05 1.07349E-05 1.05532E-05 1.02674E-05 1.00188E-05 9.88474E-06 9.65354E-06 9.46672E-06 9.37993E-06 9.16871E-06 9.09918E-06 8.88921E-06 8.60980E-06 8.32413E-06 8.03797E-06 7.65163E-06
1.0 2.40696E-05 2.48226E-05 2.55511E-05 2.64131E-05 2.68901E-05 2.78297E-05 2.83051E-05 2.86784E-05 2.89289E-05 2.91135E-05 2.93171E-05 2.93041E-05 2.91069E-05 2.90587E-05 2.91610E-05 2.90961E-05 2.88977E-05 2.87214E-05 2.85883E-05 2.85053E-05 2.82003E-05 2.82001E-05 2.79920E-05 2.77081E-05 2.76298E-05 2.74416E-05 2.74316E-05 2.71326E-05 2.68833E-05 2.67432E-05 2.70339E-05 2.74142E-05 2.67230E-05 2.67791E-05 2.68098E-05 2.66267E-05 2.58245E-05 2.58063E-05 2.53258E-05
3.0 3.71514E-05 3.84143E-05 4.01578E-05 4.17549E-05 4.33665E-05 4.57287E-05 4.73522E-05 4.88630E-05 5.00903E-05 5.11015E-05 5.20139E-05 5.28623E-05 5.34401E-05 5.39210E-05 5.43508E-05 5.48914E-05 5.51788E-05 5.57919E-05 5.60984E-05 5.61478E-05 5.62801E-05 5.63499E-05 5.67776E-05 5.65794E-05 5.66225E-05 5.67229E-05 5.65758E-05 5.68310E-05 5.66275E-05 5.67800E-05 5.68534E-05 5.68809E-05 5.67904E-05 5.68171E-05 5.62995E-05 5.64237E-05 5.76499E-05 5.68107E-05 5.52054E-05
10.0 5.84415E-05 6.08451E-05 6.43078E-05 6.71614E-05 7.09535E-05 7.54857E-05 7.92375E-05 8.23999E-05 8.54813E-05 8.77031E-05 8.99286E-05 9.16890E-05 9.33234E-05 9.52160E-05 9.59889E-05 9.77537E-05 9.89265E-05 9.95538E-05 1.00672E-04 1.01954E-04 1.02641E-04 1.03611E-04 1.04575E-04 1.04572E-04 1.05258E-04 1.05808E-04 1.06058E-04 1.06160E-04 1.06773E-04 1.07391E-04 1.06377E-04 1.06538E-04 1.07583E-04 1.07360E-04 1.06873E-04 1.05625E-04 1.07483E-04 1.04960E-04 1.01911E-04
30.0 9.24337E-05 9.55939E-05 9.97866E-05 1.04657E-04 1.10641E-04 1.16595E-04 1.23442E-04 1.29953E-04 1.34752E-04 1.39206E-04 1.43411E-04 1.47199E-04 1.51649E-04 1.55575E-04 1.57887E-04 1.60643E-04 1.64148E-04 1.68066E-04 1.68895E-04 1.71767E-04 1.74786E-04 1.74770E-04 1.77750E-04 1.78575E-04 1.79764E-04 1.82271E-04 1.82410E-04 1.83551E-04 1.88088E-04 1.90345E-04 1.91759E-04 1.89135E-04 1.89224E-04 1.92640E-04 1.91063E-04 1.88708E-04 1.93326E-04 1.90217E-04 1.99128E-04
100.0 1.55456E-04 1.61043E-04 1.68431E-04 1.76774E-04 1.87675E-04 2.01016E-04 2.13054E-04 2.23375E-04 2.34296E-04 2.47421E-04 2.53753E-04 2.61064E-04 2.71695E-04 2.81218E-04 2.84770E-04 2.90990E-04 2.97779E-04 3.03603E-04 3.11499E-04 3.14291E-04 3.22333E-04 3.25626E-04 3.30708E-04 3.30054E-04 3.31080E-04 3.35030E-04 3.39108E-04 3.35185E-04 3.35914E-04 3.37845E-04 3.43874E-04 3.33608E-04 3.40471E-04 3.38041E-04 3.46299E-04 3.28975E-04 3.27981E-04 3.21837E-04 3.21705E-04
