Yield function of production of Ti44 by protons, neutrons, alphas, pi+ and pi-, [(Ti44 atoms * cm2) / (g * prim. part. nucleon)] (computed with Geant4.10).
The primaries are protons.
Energy[GeV/nuc],depths[g/cm2]: 1 3 5 10 15 20 30 40 50 60 70 80 90 100 110 120 130 135 141.6
0.01 0.00000E+00 0.00000E+00 0.00000E+00 0.00000E+00 0.00000E+00 0.00000E+00 0.00000E+00 0.00000E+00 0.00000E+00 0.00000E+00 0.00000E+00 0.00000E+00 0.00000E+00 0.00000E+00 0.00000E+00 0.00000E+00 0.00000E+00 0.00000E+00 0.00000E+00
0.03 9.67016E-09 1.80592E-16 2.01857E-16 2.30583E-16 8.06114E-16 0.00000E+00 0.00000E+00 0.00000E+00 0.00000E+00 0.00000E+00 0.00000E+00 0.00000E+00 0.00000E+00 0.00000E+00 0.00000E+00 0.00000E+00 0.00000E+00 0.00000E+00 0.00000E+00
0.1 4.51414E-07 2.02515E-07 5.44547E-08 2.39758E-08 3.93484E-10 3.64826E-10 3.15100E-10 2.71434E-10 2.29040E-10 2.95484E-10 1.62288E-10 1.63587E-10 1.57074E-10 1.45016E-10 1.32417E-10 1.23968E-10 1.39727E-10 1.05353E-10 3.38963E-11
0.18 1.60204E-06 1.15705E-06 8.87228E-07 6.53167E-07 3.11322E-07 1.17539E-07 2.88227E-08 1.01351E-08 9.54681E-09 8.06553E-09 7.42231E-09 7.17680E-09 6.38309E-09 6.91875E-09 6.33681E-09 5.89150E-09 5.81075E-09 4.32628E-09 3.75017E-09
0.3 3.44680E-06 3.15972E-06 2.86731E-06 2.54372E-06 1.85911E-06 1.44353E-06 1.11975E-06 6.49080E-07 3.36349E-07 1.57769E-07 9.12984E-08 8.82065E-08 8.81255E-08 7.82812E-08 9.56392E-08 8.12998E-08 7.33118E-08 6.68210E-08 5.44976E-08
0.56 6.34079E-06 6.44648E-06 7.00159E-06 6.35672E-06 6.13206E-06 5.56869E-06 5.00664E-06 4.52674E-06 3.97595E-06 3.27244E-06 2.93498E-06 2.63885E-06 2.37690E-06 2.18081E-06 2.00023E-06 1.70931E-06 1.57544E-06 1.47067E-06 1.54728E-06
1.0 1.11169E-05 1.21132E-05 1.27901E-05 1.30587E-05 1.28343E-05 1.33382E-05 1.30875E-05 1.29943E-05 1.26854E-05 1.20516E-05 1.26031E-05 1.14650E-05 1.14154E-05 1.08308E-05 1.03931E-05 1.07789E-05 1.06995E-05 1.00404E-05 1.35821E-05
3.0 2.21696E-05 2.48175E-05 2.68573E-05 3.02557E-05 3.53101E-05 3.73899E-05 3.63999E-05 4.04151E-05 4.13199E-05 4.69916E-05 4.29509E-05 4.62126E-05 4.28475E-05 4.55255E-05 4.42437E-05 4.41018E-05 4.23225E-05 4.28634E-05 5.05182E-05
10.0 5.97334E-05 6.51101E-05 7.47783E-05 8.45006E-05 9.38380E-05 1.00989E-04 1.15234E-04 1.18682E-04 1.32993E-04 1.27272E-04 1.28545E-04 1.80435E-04 1.62084E-04 1.40350E-04 1.40717E-04 1.60172E-04 2.05302E-04 1.48691E-04 1.49897E-04
30.0 1.18098E-04 1.28104E-04 1.48891E-04 1.51941E-04 1.72957E-04 1.91503E-04 2.10940E-04 2.16238E-04 2.46291E-04 2.64627E-04 2.60725E-04 2.86784E-04 2.91693E-04 2.98147E-04 2.88108E-04 3.10167E-04 3.06026E-04 2.94962E-04 3.03935E-04
100.0 2.57331E-04 2.72041E-04 2.92538E-04 3.17226E-04 3.72384E-04 3.99705E-04 4.25371E-04 4.71315E-04 5.25701E-04 5.62903E-04 5.59826E-04 6.25314E-04 6.73689E-04 5.94800E-04 6.03330E-04 6.68739E-04 5.98763E-04 6.11262E-04 5.87778E-04
