Yield function of production of Ti44 by protons, neutrons, alphas, pi+ and pi-, [(Ti44 atoms * cm2) / (g * prim. part. nucleon)] (computed with Geant4.10).
The primaries are alphas.
Energy[GeV/nuc],depths[g/cm2]: 1 3 5 10 15 20 30 40 50 60 70 80 90 100 110 120 130 135 141.6
0.01 2.36287E-06 3.50898E-15 2.09581E-15 2.17690E-15 2.04453E-15 2.29124E-15 2.60429E-15 2.05852E-15 1.20611E-15 1.54778E-15 0.00000E+00 0.00000E+00 0.00000E+00 0.00000E+00 0.00000E+00 0.00000E+00 0.00000E+00 0.00000E+00 0.00000E+00
0.03 8.60958E-06 1.86904E-07 1.06326E-10 9.10752E-11 7.49299E-11 6.36596E-11 6.05582E-11 4.80398E-11 3.99798E-11 3.82940E-11 3.22442E-11 2.77262E-11 2.46751E-11 2.66301E-11 2.22199E-11 2.45784E-11 1.80570E-11 1.37503E-11 3.12211E-11
0.1 1.00737E-05 9.13384E-06 6.83655E-06 4.50353E-06 2.42757E-08 2.02786E-08 1.88458E-08 1.56818E-08 1.49935E-08 1.29686E-08 1.32164E-08 1.13958E-08 1.17644E-08 1.05788E-08 8.84049E-09 7.79391E-09 8.91228E-09 8.43098E-09 1.24557E-08
0.18 8.23987E-06 8.13010E-06 7.24572E-06 6.67399E-06 5.34736E-06 3.88686E-06 2.33779E-06 2.10002E-07 1.84085E-07 1.67558E-07 1.65992E-07 1.49981E-07 1.41742E-07 1.36082E-07 1.26635E-07 1.29867E-07 1.35429E-07 1.04109E-07 1.88683E-07
0.3 9.10144E-06 8.77446E-06 8.69647E-06 8.12025E-06 7.00486E-06 6.22121E-06 5.74394E-06 4.50783E-06 3.52156E-06 2.69301E-06 1.63232E-06 1.15722E-06 1.08541E-06 1.09416E-06 1.02465E-06 9.32227E-07 9.56020E-07 1.00237E-06 9.26045E-07
0.56 1.21822E-05 1.23273E-05 1.21867E-05 1.23357E-05 1.25065E-05 1.25255E-05 1.22668E-05 1.17770E-05 1.13530E-05 1.12904E-05 1.05920E-05 1.01121E-05 1.02178E-05 1.01057E-05 9.33843E-06 9.30078E-06 8.86383E-06 9.60724E-06 8.67314E-06
1.0 1.68235E-05 1.73083E-05 1.81830E-05 1.85844E-05 1.93810E-05 2.02277E-05 2.03178E-05 2.07606E-05 2.17746E-05 2.12983E-05 2.15934E-05 2.19745E-05 2.15492E-05 2.15084E-05 2.28005E-05 2.12311E-05 2.06165E-05 1.99931E-05 1.81390E-05
3.0 2.46627E-05 2.55274E-05 2.67026E-05 2.79166E-05 3.02675E-05 3.17493E-05 3.34217E-05 3.43666E-05 3.56451E-05 3.72570E-05 3.83122E-05 3.89836E-05 3.92907E-05 3.91454E-05 4.06403E-05 3.88509E-05 3.75853E-05 4.14322E-05 4.70990E-05
10.0 3.59105E-05 3.73827E-05 3.99145E-05 4.14908E-05 4.52279E-05 4.79843E-05 5.06755E-05 5.43583E-05 5.71750E-05 6.05721E-05 6.18059E-05 6.25205E-05 6.52942E-05 6.58755E-05 6.41281E-05 6.39055E-05 7.06186E-05 6.90098E-05 5.55692E-05
30.0 5.30341E-05 5.53314E-05 5.91832E-05 6.22455E-05 6.63437E-05 7.16700E-05 7.45185E-05 8.05844E-05 8.55964E-05 9.06183E-05 9.60491E-05 9.67223E-05 1.00312E-04 1.04033E-04 1.03510E-04 1.05891E-04 1.49389E-04 1.02999E-04 1.11940E-04
100.0 7.79773E-05 8.31126E-05 8.75947E-05 9.21110E-05 1.00423E-04 1.07387E-04 1.14753E-04 1.23840E-04 1.39928E-04 1.45247E-04 1.49327E-04 1.52967E-04 1.70743E-04 1.63629E-04 1.65597E-04 1.64037E-04 1.70825E-04 1.62883E-04 1.39186E-04
