Yield function of production of Ti44 by protons, neutrons, alphas, pi+ and pi-, [(Ti44 atoms * cm2) / (g * prim. part. nucleon)] (computed with Geant4.10).
The primaries are protons.
Energy[GeV/nuc],depths[g/cm2]: 1 3 5 10 15 20 30 40 50 60 70 80 90 100 110 120 130 135 141.6
0.01 0.00000E+00 0.00000E+00 0.00000E+00 0.00000E+00 0.00000E+00 0.00000E+00 0.00000E+00 0.00000E+00 0.00000E+00 0.00000E+00 0.00000E+00 0.00000E+00 0.00000E+00 0.00000E+00 0.00000E+00 0.00000E+00 0.00000E+00 0.00000E+00 0.00000E+00
0.03 9.67016E-09 1.80592E-16 2.01857E-16 2.30583E-16 8.06114E-16 0.00000E+00 0.00000E+00 0.00000E+00 0.00000E+00 0.00000E+00 0.00000E+00 0.00000E+00 0.00000E+00 0.00000E+00 0.00000E+00 0.00000E+00 0.00000E+00 0.00000E+00 0.00000E+00
0.1 4.51414E-07 2.02515E-07 5.44547E-08 2.39758E-08 3.93484E-10 3.64826E-10 3.15100E-10 2.71434E-10 2.29040E-10 2.95484E-10 1.62288E-10 1.63587E-10 1.57074E-10 1.45016E-10 1.32417E-10 1.23968E-10 1.39727E-10 1.05353E-10 3.38963E-11
0.18 1.60204E-06 1.15705E-06 8.87228E-07 6.53167E-07 3.11322E-07 1.17539E-07 2.88227E-08 1.01351E-08 9.54681E-09 8.06553E-09 7.42231E-09 7.17680E-09 6.38309E-09 6.91875E-09 6.33681E-09 5.89150E-09 5.81075E-09 4.32628E-09 3.75017E-09
0.3 3.44578E-06 3.15874E-06 2.86565E-06 2.54326E-06 1.85899E-06 1.44343E-06 1.11955E-06 6.49080E-07 3.36349E-07 1.57769E-07 9.12984E-08 8.82065E-08 8.81255E-08 7.82812E-08 9.56392E-08 8.12998E-08 7.33118E-08 6.68210E-08 5.44976E-08
0.56 6.05004E-06 6.02221E-06 5.96294E-06 5.80993E-06 5.27052E-06 5.10814E-06 4.62873E-06 4.21660E-06 3.67651E-06 3.11854E-06 2.83315E-06 2.56706E-06 2.31193E-06 2.15671E-06 1.97310E-06 1.66864E-06 1.55397E-06 1.47067E-06 1.54728E-06
1.0 8.64243E-06 8.73877E-06 8.59255E-06 8.75917E-06 8.21085E-06 8.27636E-06 7.99968E-06 7.75076E-06 7.18990E-06 7.12802E-06 6.67916E-06 6.66791E-06 6.38126E-06 6.57377E-06 6.10643E-06 6.10650E-06 6.17324E-06 5.92708E-06 6.75902E-06
3.0 8.36419E-06 8.57702E-06 8.73929E-06 8.79414E-06 9.31916E-06 9.42788E-06 9.58596E-06 9.56874E-06 9.77540E-06 1.02355E-05 1.02752E-05 1.03595E-05 1.01152E-05 1.06545E-05 1.01580E-05 1.05720E-05 1.00716E-05 1.07756E-05 1.37770E-05
10.0 1.12008E-05 1.15233E-05 1.20528E-05 1.24583E-05 1.28757E-05 1.37663E-05 1.41803E-05 1.47008E-05 1.54717E-05 1.60983E-05 1.56835E-05 1.54999E-05 1.66593E-05 1.68909E-05 1.66693E-05 1.63169E-05 1.65697E-05 1.46402E-05 1.91524E-05
30.0 1.50246E-05 1.52506E-05 1.55985E-05 1.64593E-05 1.74936E-05 1.79018E-05 1.87747E-05 2.03817E-05 2.14440E-05 2.21304E-05 2.31894E-05 2.49551E-05 2.38067E-05 2.44228E-05 2.51044E-05 2.57960E-05 2.56339E-05 2.68766E-05 2.78996E-05
100.0 2.30438E-05 2.38299E-05 2.46201E-05 2.54415E-05 2.80143E-05 2.85284E-05 3.05471E-05 3.24424E-05 3.56599E-05 3.75026E-05 3.80434E-05 4.10141E-05 4.02343E-05 4.14074E-05 4.11856E-05 4.53502E-05 4.67303E-05 3.60569E-05 4.48985E-05
