Yield function of production of Ti44 by protons, neutrons, alphas, pi+ and pi-, [(Ti44 atoms * cm2) / (g * prim. part. nucleon)] (computed with Geant4.10).
The primaries are alphas.
Energy[GeV/nuc],depths[g/cm2]: 1 3 5 10 15 20 30 40 50 60 70 80 90 100 110 120 130 135 141.6
0.01 2.36287E-06 3.50898E-15 2.09581E-15 2.17690E-15 2.04453E-15 2.29124E-15 2.60429E-15 2.05852E-15 1.20611E-15 1.54778E-15 0.00000E+00 0.00000E+00 0.00000E+00 0.00000E+00 0.00000E+00 0.00000E+00 0.00000E+00 0.00000E+00 0.00000E+00
0.03 8.60958E-06 1.86904E-07 1.06326E-10 9.10752E-11 7.49299E-11 6.36596E-11 6.05582E-11 4.80398E-11 3.99798E-11 3.82940E-11 3.22442E-11 2.77262E-11 2.46751E-11 2.66301E-11 2.22199E-11 2.45784E-11 1.80570E-11 1.37503E-11 3.12211E-11
0.1 1.00737E-05 9.13384E-06 6.83655E-06 4.50353E-06 2.42757E-08 2.02786E-08 1.88458E-08 1.56818E-08 1.49935E-08 1.29686E-08 1.32164E-08 1.13958E-08 1.17644E-08 1.05788E-08 8.84049E-09 7.79391E-09 8.91228E-09 8.43098E-09 1.24557E-08
0.18 8.23987E-06 8.13010E-06 7.24572E-06 6.67399E-06 5.34736E-06 3.88686E-06 2.33779E-06 2.10003E-07 1.84085E-07 1.67558E-07 1.65992E-07 1.49981E-07 1.41742E-07 1.36082E-07 1.26635E-07 1.29867E-07 1.35429E-07 1.04109E-07 1.88683E-07
0.3 9.10600E-06 8.78220E-06 8.70511E-06 8.12892E-06 7.01351E-06 6.22740E-06 5.75069E-06 4.51206E-06 3.52378E-06 2.69784E-06 1.63643E-06 1.16039E-06 1.08541E-06 1.09416E-06 1.02465E-06 9.32227E-07 9.56020E-07 1.00237E-06 9.26045E-07
0.56 1.32787E-05 1.36518E-05 1.34947E-05 1.38983E-05 1.41926E-05 1.49351E-05 1.39015E-05 1.31302E-05 1.24977E-05 1.21430E-05 1.15870E-05 1.06634E-05 1.07063E-05 1.08068E-05 9.78739E-06 9.66943E-06 9.09287E-06 9.75744E-06 1.03632E-05
1.0 2.49747E-05 2.79473E-05 3.14687E-05 3.46387E-05 3.62698E-05 4.14613E-05 3.70480E-05 4.81567E-05 4.19632E-05 3.76824E-05 3.81675E-05 4.24172E-05 3.74556E-05 3.79034E-05 3.90597E-05 3.78480E-05 7.16201E-05 3.85548E-05 2.66912E-05
3.0 7.32255E-05 8.59705E-05 9.46549E-05 9.84970E-05 1.19472E-04 1.25040E-04 1.36750E-04 1.61219E-04 1.57875E-04 1.59687E-04 1.67238E-04 1.62182E-04 1.67725E-04 1.66590E-04 1.74897E-04 1.55300E-04 2.09238E-04 1.76586E-04 1.81491E-04
10.0 2.30772E-04 2.49510E-04 2.93972E-04 3.22006E-04 3.46308E-04 4.00893E-04 4.37133E-04 5.14338E-04 5.34886E-04 5.31493E-04 5.86038E-04 6.01046E-04 5.75541E-04 5.53145E-04 5.39127E-04 5.78938E-04 5.55122E-04 9.40113E-04 6.05037E-04
30.0 5.14370E-04 5.57286E-04 6.26854E-04 7.28869E-04 7.65897E-04 8.53369E-04 9.22903E-04 9.90959E-04 1.11496E-03 1.07864E-03 1.21831E-03 1.24985E-03 1.37314E-03 1.28946E-03 1.34200E-03 1.34541E-03 1.33231E-03 1.15881E-03 1.34852E-03
100.0 1.03784E-03 1.12695E-03 1.27225E-03 1.25182E-03 1.48290E-03 1.68925E-03 1.79785E-03 1.92885E-03 2.33285E-03 2.22776E-03 2.19993E-03 2.49693E-03 2.51371E-03 2.44066E-03 2.87125E-03 2.65305E-03 2.66622E-03 2.43987E-03 1.65906E-03
