Yield function of production of Ti44 by protons, neutrons, alphas, [(Ti44 atoms * cm2) / (g * prim. part. nucleon)] (computed with Geant4.10).
The primaries are protons.
Energy[GeV/nuc],depths[g/cm2]: 0 1 3 5 10.14 15.28 20.42 25.56 30.7 35.84 40.98 46.12 51.26 56.4 61.54 66.68 71.82 76.96 82.1 87.24 92.38 97.52 102.66 107.8 112.94 118.08 123.22 128.36 133.5 138.64 143.78
0.03 1.06798E-08 6.20846E-17 6.31152E-17 8.20498E-17 8.74356E-17 9.83542E-17 1.12105E-16 1.29951E-16 1.54502E-16 1.18844E-16 1.41548E-16 5.98832E-16 0.00000E+00 0.00000E+00 0.00000E+00 0.00000E+00 0.00000E+00 0.00000E+00 0.00000E+00 0.00000E+00 0.00000E+00 0.00000E+00 0.00000E+00 0.00000E+00 0.00000E+00 0.00000E+00 0.00000E+00 0.00000E+00 0.00000E+00 0.00000E+00 0.00000E+00
0.1 4.97227E-07 2.17813E-07 5.89406E-08 2.58472E-08 4.12079E-10 3.53905E-10 3.17178E-10 2.85520E-10 2.68137E-10 2.40233E-10 2.25826E-10 2.14112E-10 1.97822E-10 1.90282E-10 1.75150E-10 1.62812E-10 1.57020E-10 1.50126E-10 1.45305E-10 1.35881E-10 1.35975E-10 1.19389E-10 1.23164E-10 1.18860E-10 1.11621E-10 1.20578E-10 1.15125E-10 1.11272E-10 1.19264E-10 1.01190E-10 7.12971E-11
0.18 1.71647E-06 1.25838E-06 9.50660E-07 7.01627E-07 3.14541E-07 1.15340E-07 2.71850E-08 1.14482E-08 1.01912E-08 9.67509E-09 9.28206E-09 8.80904E-09 8.37085E-09 8.08192E-09 7.92706E-09 7.45085E-09 7.27871E-09 7.15194E-09 6.87402E-09 6.77223E-09 6.58793E-09 6.41767E-09 6.37689E-09 6.45170E-09 6.32819E-09 6.03035E-09 5.76978E-09 5.73583E-09 5.87605E-09 6.07418E-09 4.79034E-09
0.3 3.72676E-06 3.58278E-06 3.09697E-06 2.66401E-06 1.91264E-06 1.45368E-06 1.12535E-06 8.49539E-07 6.35225E-07 4.61068E-07 3.22784E-07 2.16188E-07 1.44922E-07 1.03794E-07 9.23848E-08 8.74957E-08 8.42974E-08 8.31562E-08 8.12470E-08 7.95351E-08 7.77872E-08 7.70329E-08 7.72107E-08 7.48021E-08 7.80183E-08 7.22720E-08 7.44264E-08 7.05968E-08 7.06971E-08 6.92109E-08 6.79658E-08
0.56 6.68638E-06 6.70077E-06 6.37950E-06 6.23789E-06 5.56291E-06 5.15628E-06 4.78304E-06 4.47455E-06 4.20697E-06 3.94141E-06 3.72243E-06 3.48356E-06 3.24334E-06 3.07331E-06 2.87946E-06 2.70259E-06 2.55940E-06 2.39107E-06 2.25710E-06 2.16661E-06 2.01378E-06 1.89113E-06 1.82255E-06 1.69395E-06 1.57690E-06 1.53668E-06 1.45256E-06 1.40325E-06 1.38370E-06 1.29867E-06 1.38948E-06
1.0 9.49186E-06 9.43684E-06 9.22254E-06 9.09998E-06 8.48634E-06 8.25896E-06 8.12257E-06 7.88209E-06 7.74479E-06 7.55083E-06 7.42934E-06 7.24998E-06 7.16563E-06 6.98880E-06 6.93305E-06 6.75837E-06 6.61725E-06 6.59783E-06 6.48588E-06 6.37012E-06 6.24552E-06 6.23879E-06 6.18186E-06 6.12786E-06 6.05892E-06 6.00721E-06 6.01235E-06 5.79601E-06 5.85083E-06 5.87611E-06 5.11354E-06
3.0 9.20567E-06 9.25289E-06 9.35787E-06 9.57451E-06 9.38701E-06 9.64079E-06 9.74656E-06 9.88600E-06 1.00796E-05 1.01608E-05 1.02034E-05 1.02173E-05 1.03123E-05 1.03436E-05 1.03025E-05 1.04945E-05 1.04240E-05 1.05084E-05 1.05192E-05 1.06301E-05 1.05165E-05 1.05406E-05 1.06129E-05 1.05494E-05 1.04087E-05 1.04109E-05 1.05083E-05 1.05748E-05 1.06442E-05 1.01709E-05 1.15064E-05
10.0 1.28730E-05 1.31790E-05 1.35866E-05 1.40615E-05 1.42883E-05 1.49490E-05 1.54331E-05 1.58305E-05 1.61871E-05 1.66739E-05 1.68783E-05 1.70564E-05 1.73003E-05 1.76345E-05 1.77819E-05 1.78562E-05 1.80483E-05 1.81578E-05 1.84156E-05 1.83841E-05 1.87111E-05 1.85883E-05 1.83787E-05 1.85894E-05 1.86620E-05 1.85476E-05 1.95735E-05 1.82185E-05 1.82251E-05 1.88415E-05 1.85860E-05
30.0 1.78223E-05 1.81370E-05 1.85866E-05 1.95002E-05 1.97689E-05 2.10752E-05 2.17999E-05 2.26675E-05 2.35224E-05 2.42813E-05 2.45912E-05 2.52274E-05 2.57129E-05 2.67666E-05 2.69167E-05 2.69080E-05 2.74551E-05 2.81292E-05 2.79634E-05 2.88418E-05 2.86927E-05 2.95515E-05 2.93347E-05 2.89777E-05 2.99302E-05 3.00149E-05 2.95830E-05 2.92174E-05 2.99503E-05 2.82611E-05 2.83800E-05
100.0 2.95803E-05 3.00379E-05 3.14912E-05 3.24343E-05 3.33542E-05 3.50215E-05 3.70072E-05 3.82821E-05 3.97459E-05 4.13546E-05 4.22691E-05 4.34371E-05 4.42595E-05 4.54422E-05 4.65228E-05 4.85724E-05 4.82263E-05 4.86471E-05 4.96883E-05 5.04915E-05 5.08837E-05 5.31270E-05 5.15315E-05 5.22917E-05 5.40836E-05 5.18351E-05 5.25602E-05 5.66901E-05 5.63194E-05 5.97908E-05 5.56904E-05
