Yield function of production of Ti44 by protons, neutrons, alphas, [(Ti44 atoms * cm2) / (g * prim. part. nucleon)] (computed with Geant4.10).
The primaries are alphas.
Energy[GeV/nuc],depths[g/cm2]: 0 1 3 5 10.14 15.28 20.42 25.56 30.7 35.84 40.98 46.12 51.26 56.4 61.54 66.68 71.82 76.96 82.1 87.24 92.38 97.52 102.66 107.8 112.94 118.08 123.22 128.36 133.5 138.64 143.78
0.03 9.51842E-06 1.58694E-07 9.86300E-11 8.62764E-11 7.02288E-11 5.86327E-11 5.25669E-11 4.74098E-11 4.46217E-11 4.09476E-11 3.72466E-11 3.49198E-11 3.27570E-11 3.06233E-11 2.96775E-11 2.92993E-11 2.66851E-11 2.55645E-11 2.31434E-11 2.35801E-11 2.20605E-11 2.07670E-11 2.02817E-11 1.99423E-11 1.87624E-11 2.05112E-11 2.17222E-11 1.83314E-11 1.28318E-11 1.71995E-11 9.56178E-12
0.1 1.11431E-05 9.91842E-06 7.37937E-06 4.86877E-06 2.61975E-08 2.24638E-08 2.02902E-08 1.87890E-08 1.77998E-08 1.68040E-08 1.60939E-08 1.53617E-08 1.49223E-08 1.42699E-08 1.38270E-08 1.33808E-08 1.30174E-08 1.26144E-08 1.22490E-08 1.18899E-08 1.21459E-08 1.15570E-08 1.13684E-08 1.13353E-08 1.13455E-08 1.10044E-08 1.05935E-08 1.15065E-08 1.05276E-08 1.06786E-08 1.00619E-08
0.18 9.19402E-06 8.91213E-06 7.78859E-06 7.18843E-06 5.49859E-06 3.98619E-06 2.31794E-06 6.24352E-07 2.20316E-07 2.06569E-07 1.96609E-07 1.88023E-07 1.80728E-07 1.74544E-07 1.68313E-07 1.64167E-07 1.59686E-07 1.56294E-07 1.52646E-07 1.49124E-07 1.47291E-07 1.44953E-07 1.42183E-07 1.41175E-07 1.38294E-07 1.38680E-07 1.34908E-07 1.35253E-07 1.33766E-07 1.38857E-07 1.28471E-07
0.3 1.00073E-05 9.74798E-06 9.22077E-06 8.75728E-06 7.49739E-06 6.57697E-06 5.83547E-06 5.22025E-06 4.65229E-06 4.13692E-06 3.66118E-06 3.17799E-06 2.67449E-06 2.11910E-06 1.52654E-06 1.21199E-06 1.17620E-06 1.15241E-06 1.12114E-06 1.09991E-06 1.07852E-06 1.06046E-06 1.04525E-06 1.02967E-06 1.01425E-06 1.00963E-06 1.00500E-06 9.80316E-07 9.65695E-07 9.81471E-07 9.29806E-07
0.56 1.33783E-05 1.34383E-05 1.34158E-05 1.35171E-05 1.29731E-05 1.29231E-05 1.27673E-05 1.25794E-05 1.23640E-05 1.21704E-05 1.19247E-05 1.17261E-05 1.15262E-05 1.12241E-05 1.10508E-05 1.07783E-05 1.05855E-05 1.04575E-05 1.02221E-05 1.00459E-05 9.89760E-06 9.72255E-06 9.66811E-06 9.50739E-06 9.34207E-06 9.34094E-06 9.30962E-06 9.18075E-06 9.25788E-06 8.93427E-06 8.83242E-06
1.0 1.83538E-05 1.87743E-05 1.93507E-05 1.99337E-05 2.01052E-05 2.07421E-05 2.12891E-05 2.15994E-05 2.17777E-05 2.21231E-05 2.21909E-05 2.21937E-05 2.21986E-05 2.22438E-05 2.23529E-05 2.21941E-05 2.22754E-05 2.23163E-05 2.22713E-05 2.21989E-05 2.21532E-05 2.19842E-05 2.21532E-05 2.21328E-05 2.18938E-05 2.19566E-05 2.16246E-05 2.18028E-05 2.15424E-05 2.16243E-05 1.97345E-05
3.0 2.72631E-05 2.81662E-05 2.93171E-05 3.05274E-05 3.13414E-05 3.30073E-05 3.43657E-05 3.54571E-05 3.64125E-05 3.72063E-05 3.77300E-05 3.84563E-05 3.87590E-05 3.93489E-05 3.97889E-05 4.01843E-05 4.04694E-05 4.05425E-05 4.09333E-05 4.09596E-05 4.15283E-05 4.08296E-05 4.12347E-05 4.12161E-05 4.11884E-05 4.15516E-05 4.12609E-05 4.10274E-05 4.12584E-05 4.10793E-05 3.86152E-05
10.0 4.17527E-05 4.32772E-05 4.53931E-05 4.76217E-05 4.95605E-05 5.27769E-05 5.54047E-05 5.77449E-05 5.98032E-05 6.13517E-05 6.31693E-05 6.44250E-05 6.55666E-05 6.66873E-05 6.76804E-05 6.85133E-05 6.92420E-05 6.98677E-05 7.05879E-05 7.11253E-05 7.15153E-05 7.25532E-05 7.14425E-05 7.34996E-05 7.34875E-05 7.37308E-05 7.43689E-05 7.30394E-05 7.35891E-05 7.19419E-05 7.13439E-05
30.0 6.28109E-05 6.47845E-05 6.78080E-05 7.05688E-05 7.37347E-05 7.83586E-05 8.30813E-05 8.72112E-05 9.01124E-05 9.29961E-05 9.55299E-05 9.80405E-05 1.00692E-04 1.02922E-04 1.05221E-04 1.06731E-04 1.08772E-04 1.10867E-04 1.11829E-04 1.13099E-04 1.14751E-04 1.16910E-04 1.17926E-04 1.19149E-04 1.19810E-04 1.19911E-04 1.20472E-04 1.21921E-04 1.18931E-04 1.17858E-04 1.13964E-04
100.0 9.79929E-05 1.01365E-04 1.06062E-04 1.11423E-04 1.17328E-04 1.25590E-04 1.33466E-04 1.41028E-04 1.47803E-04 1.55062E-04 1.59864E-04 1.65387E-04 1.69958E-04 1.75742E-04 1.78145E-04 1.82771E-04 1.85443E-04 1.88910E-04 1.94123E-04 1.97031E-04 2.00470E-04 2.01571E-04 2.02306E-04 2.10452E-04 2.07011E-04 2.12692E-04 2.14052E-04 2.09834E-04 2.19406E-04 2.24303E-04 2.08115E-04
