Yield function of production of Ti44 by protons, neutrons, alphas, [(Ti44 atoms * cm2) / (g * prim. part. nucleon)] (computed with Geant4.10).
The primaries are protons.
Energy[GeV/nuc],depths[g/cm2]: 0 1 3 5 10.34 15.68 21.02 26.36 31.7 37.04 42.38 47.72 53.06 58.4 63.74 69.08
0.03 9.85578E-09 2.27429E-16 7.66287E-16 1.53218E-16 1.77409E-16 8.95468E-17 1.14645E-16 0.00000E+00 0.00000E+00 0.00000E+00 0.00000E+00 0.00000E+00 0.00000E+00 0.00000E+00 0.00000E+00 0.00000E+00
0.1 6.59924E-07 2.64524E-07 5.89291E-08 2.44147E-08 4.16327E-10 3.73474E-10 3.44281E-10 3.25145E-10 3.12156E-10 2.95271E-10 2.87263E-10 2.77716E-10 2.73638E-10 2.66167E-10 2.60942E-10 2.67730E-10
0.18 2.53757E-06 1.87204E-06 1.36669E-06 1.00334E-06 4.14074E-07 1.38204E-07 2.88316E-08 1.56063E-08 1.52215E-08 1.46890E-08 1.42876E-08 1.44836E-08 1.39280E-08 1.37623E-08 1.34062E-08 1.32409E-08
0.3 5.52307E-06 5.41903E-06 4.65834E-06 4.17467E-06 3.03221E-06 2.36083E-06 1.86194E-06 1.42103E-06 1.07448E-06 8.01506E-07 5.68775E-07 3.85195E-07 2.45447E-07 1.78261E-07 1.61956E-07 1.58929E-07
0.56 1.11189E-05 1.08685E-05 1.04674E-05 1.02656E-05 8.97140E-06 8.61466E-06 8.26491E-06 7.98280E-06 7.74709E-06 7.52576E-06 7.37904E-06 7.15747E-06 6.95372E-06 6.91144E-06 6.79205E-06 6.68261E-06
1.0 1.53331E-05 1.50661E-05 1.45838E-05 1.45393E-05 1.29029E-05 1.28006E-05 1.26736E-05 1.25139E-05 1.24510E-05 1.23194E-05 1.21277E-05 1.19454E-05 1.20163E-05 1.18473E-05 1.18231E-05 1.16171E-05
3.0 1.31879E-05 1.30752E-05 1.30314E-05 1.32797E-05 1.23701E-05 1.26544E-05 1.29221E-05 1.30752E-05 1.31860E-05 1.32480E-05 1.33020E-05 1.34012E-05 1.34726E-05 1.34574E-05 1.33212E-05 1.27922E-05
10.0 1.68489E-05 1.69237E-05 1.71501E-05 1.77956E-05 1.71424E-05 1.78294E-05 1.82493E-05 1.89254E-05 1.93584E-05 1.95250E-05 1.97050E-05 2.01725E-05 2.02740E-05 2.06342E-05 2.02093E-05 2.01177E-05
30.0 1.95116E-05 1.95679E-05 2.00047E-05 2.04748E-05 1.98644E-05 2.10222E-05 2.18646E-05 2.26763E-05 2.30315E-05 2.39317E-05 2.38452E-05 2.46089E-05 2.49095E-05 2.47431E-05 2.53834E-05 2.56311E-05
100.0 2.65624E-05 2.65071E-05 2.76726E-05 2.79637E-05 2.70100E-05 2.93553E-05 3.00697E-05 3.16529E-05 3.18914E-05 3.27820E-05 3.34212E-05 3.41265E-05 3.34536E-05 3.45684E-05 3.57633E-05 3.41392E-05
