Yield function of production of Ti44 by protons, neutrons, alphas, [(Ti44 atoms * cm2) / (g * prim. part. nucleon)] (computed with Geant4.10).
The primaries are alphas.
Energy[GeV/nuc],depths[g/cm2]: 0 1 3 5 10.34 15.68 21.02 26.36 31.7 37.04 42.38 47.72 53.06 58.4 63.74 69.08
0.03 1.34235E-05 2.13357E-07 1.00979E-10 8.87381E-11 6.80466E-11 6.26121E-11 5.76602E-11 5.39211E-11 5.07489E-11 4.97699E-11 4.58595E-11 4.41636E-11 4.56388E-11 4.29409E-11 4.27573E-11 4.59055E-11
0.1 1.65212E-05 1.42954E-05 1.05456E-05 7.02460E-06 3.50662E-08 3.09985E-08 2.88278E-08 2.75291E-08 2.65719E-08 2.58835E-08 2.52883E-08 2.45772E-08 2.41120E-08 2.39107E-08 2.35332E-08 2.19235E-08
0.18 1.38218E-05 1.34820E-05 1.23000E-05 1.11481E-05 8.05369E-06 5.88519E-06 3.34759E-06 6.49355E-07 3.48474E-07 3.33618E-07 3.22071E-07 3.14784E-07 3.08969E-07 3.00462E-07 3.02462E-07 2.94226E-07
0.3 1.59180E-05 1.53967E-05 1.44380E-05 1.40211E-05 1.16970E-05 1.08562E-05 1.00862E-05 9.40837E-06 8.80159E-06 8.00424E-06 7.34014E-06 6.70503E-06 5.88810E-06 4.67043E-06 2.64851E-06 2.32966E-06
0.56 2.20958E-05 2.18990E-05 2.16664E-05 2.19261E-05 2.01009E-05 2.02331E-05 2.02877E-05 2.03309E-05 2.02708E-05 2.02502E-05 2.01710E-05 2.01623E-05 2.00535E-05 1.99844E-05 2.01896E-05 1.96326E-05
1.0 2.85119E-05 2.86329E-05 2.90584E-05 2.99284E-05 2.85427E-05 2.94702E-05 3.03294E-05 3.07888E-05 3.11821E-05 3.14826E-05 3.16919E-05 3.20063E-05 3.22737E-05 3.22729E-05 3.20191E-05 3.17047E-05
3.0 3.70863E-05 3.77405E-05 3.87374E-05 4.04018E-05 3.94218E-05 4.12060E-05 4.30039E-05 4.40203E-05 4.48875E-05 4.59391E-05 4.66130E-05 4.73090E-05 4.78427E-05 4.77710E-05 4.84549E-05 4.74392E-05
10.0 5.00658E-05 5.15611E-05 5.33727E-05 5.61982E-05 5.57105E-05 5.90553E-05 6.18967E-05 6.44129E-05 6.64432E-05 6.79055E-05 6.93171E-05 7.01788E-05 7.12008E-05 7.14984E-05 7.19982E-05 7.08359E-05
30.0 6.37349E-05 6.52748E-05 6.77075E-05 7.06183E-05 7.00624E-05 7.49566E-05 7.96249E-05 8.24180E-05 8.50793E-05 8.74969E-05 8.99480E-05 9.19126E-05 9.27729E-05 9.24823E-05 9.54662E-05 9.67412E-05
100.0 7.24114E-05 7.54105E-05 7.93799E-05 8.52993E-05 8.81664E-05 9.59739E-05 1.01285E-04 1.07504E-04 1.11429E-04 1.17770E-04 1.18860E-04 1.23756E-04 1.24802E-04 1.25141E-04 1.22833E-04 1.18869E-04
