Yield function of production of Ti44 by protons, neutrons, alphas, [(Ti44 atoms * cm2) / (g * prim. part. nucleon)] (computed with Geant4.10).
The primaries are protons.
Energy[GeV/nuc],depths[g/cm2]: 1 3 5 10 15 20 30 40 50 60 70 80 90 100 110 120 130 140 150 160 170 180 190 200 210 220 230 240 250 260 270 280 290 300 310 316.2
0.01 7.50094E-08 0.00000E+00 0.00000E+00 0.00000E+00 0.00000E+00 0.00000E+00 0.00000E+00 0.00000E+00 0.00000E+00 0.00000E+00 0.00000E+00 0.00000E+00 0.00000E+00 0.00000E+00 0.00000E+00 0.00000E+00 0.00000E+00 0.00000E+00 0.00000E+00 0.00000E+00 0.00000E+00 0.00000E+00 0.00000E+00 0.00000E+00 0.00000E+00 0.00000E+00 0.00000E+00 0.00000E+00 0.00000E+00 0.00000E+00 0.00000E+00 0.00000E+00 0.00000E+00 0.00000E+00 0.00000E+00 0.00000E+00
0.03 1.44950E-07 3.21803E-09 6.57468E-13 5.91456E-13 3.88916E-13 3.21666E-13 2.17266E-13 1.38400E-13 1.04049E-13 8.23955E-14 5.49602E-14 4.28217E-14 3.48000E-14 2.28115E-14 1.33713E-14 2.15737E-14 8.42628E-15 9.76835E-15 1.14487E-14 9.43816E-15 8.78551E-15 9.14852E-15 9.86211E-15 1.49631E-15 0.00000E+00 0.00000E+00 0.00000E+00 0.00000E+00 0.00000E+00 0.00000E+00 0.00000E+00 0.00000E+00 0.00000E+00 0.00000E+00 0.00000E+00 0.00000E+00
0.1 3.05244E-07 3.07596E-07 2.66164E-07 1.98542E-07 2.77662E-09 2.30455E-09 1.98809E-09 1.54155E-09 1.26402E-09 1.11167E-09 8.78262E-10 7.15662E-10 6.38572E-10 6.42390E-10 5.31326E-10 4.74863E-10 3.97802E-10 3.54156E-10 2.73356E-10 2.42226E-10 1.77206E-10 1.76510E-10 1.78848E-10 1.44041E-10 1.35691E-10 1.09150E-10 1.02489E-10 9.25898E-11 8.57708E-11 1.04422E-10 9.10331E-11 8.72406E-11 1.29601E-10 8.39549E-11 3.01690E-10 0.00000E+00
0.18 2.62358E-07 2.72986E-07 2.51203E-07 2.39555E-07 2.00330E-07 1.57105E-07 1.06766E-07 1.46880E-08 1.21112E-08 1.07060E-08 9.44544E-09 8.27924E-09 7.57456E-09 6.67706E-09 5.81251E-09 5.34738E-09 4.78955E-09 4.64904E-09 4.07339E-09 3.86575E-09 3.40613E-09 3.11406E-09 2.93087E-09 2.73043E-09 2.69696E-09 2.47264E-09 2.53440E-09 2.05432E-09 2.14637E-09 2.90490E-09 2.31151E-09 2.82557E-09 2.74724E-09 1.79740E-09 2.32981E-09 1.09133E-09
0.3 2.56071E-07 2.63963E-07 2.61721E-07 2.56474E-07 2.52433E-07 2.27470E-07 2.10040E-07 1.76187E-07 1.40623E-07 1.02710E-07 5.95126E-08 3.70345E-08 3.24812E-08 2.95650E-08 2.65910E-08 2.58706E-08 2.28374E-08 2.19375E-08 1.99294E-08 1.93280E-08 1.74227E-08 1.64670E-08 1.69037E-08 1.66244E-08 1.51353E-08 1.35703E-08 1.33750E-08 1.29531E-08 1.30678E-08 1.04180E-08 1.01292E-08 1.32100E-08 9.97339E-09 1.20329E-08 7.98943E-09 2.23320E-08
0.56 2.69254E-07 2.86511E-07 2.98065E-07 2.97237E-07 3.10967E-07 3.03385E-07 3.19618E-07 2.93836E-07 2.83281E-07 2.76869E-07 2.63243E-07 2.40317E-07 2.24809E-07 2.07526E-07 1.88686E-07 1.76582E-07 1.59029E-07 1.47426E-07 1.34097E-07 1.19091E-07 1.06637E-07 9.04769E-08 8.50841E-08 8.08724E-08 7.60362E-08 7.97390E-08 7.08255E-08 7.49477E-08 6.84964E-08 6.29939E-08 6.30118E-08 6.15950E-08 6.99564E-08 5.11395E-08 6.04544E-08 1.92135E-08
1.0 3.12986E-07 3.27231E-07 3.51786E-07 3.70800E-07 3.92162E-07 4.11086E-07 4.18794E-07 4.17289E-07 4.25221E-07 4.26399E-07 4.21167E-07 4.18598E-07 4.08948E-07 3.92318E-07 4.02326E-07 4.06126E-07 3.85911E-07 3.81646E-07 3.71717E-07 3.44699E-07 3.41550E-07 3.40800E-07 3.29176E-07 3.23557E-07 2.99305E-07 3.10801E-07 2.99573E-07 3.20218E-07 2.85391E-07 2.96063E-07 2.91674E-07 2.58970E-07 2.78658E-07 2.39384E-07 2.62113E-07 2.54789E-07
3.0 5.37477E-07 5.62902E-07 6.12425E-07 6.36505E-07 6.88365E-07 7.35893E-07 7.94529E-07 8.07376E-07 8.63669E-07 9.02709E-07 9.12842E-07 9.20403E-07 9.40728E-07 9.70793E-07 9.71363E-07 9.89821E-07 1.02354E-06 9.97697E-07 9.92905E-07 1.01211E-06 1.01383E-06 9.73760E-07 1.01978E-06 9.85940E-07 9.89928E-07 9.50555E-07 9.70498E-07 9.56221E-07 9.32363E-07 9.42607E-07 9.09962E-07 9.97507E-07 9.10673E-07 1.03886E-06 9.61894E-07 6.61698E-07
10.0 1.17745E-06 1.26505E-06 1.37637E-06 1.43319E-06 1.60827E-06 1.69587E-06 1.78875E-06 1.92141E-06 2.02343E-06 2.15669E-06 2.18198E-06 2.24173E-06 2.31271E-06 2.36321E-06 2.38810E-06 2.43762E-06 2.47438E-06 2.48627E-06 2.51914E-06 2.47995E-06 2.42853E-06 2.43831E-06 2.58058E-06 2.57113E-06 2.55521E-06 2.57190E-06 2.50831E-06 2.50131E-06 2.47291E-06 2.63866E-06 2.49922E-06 2.54738E-06 2.73860E-06 2.83058E-06 2.81516E-06 3.54416E-06
30.0 2.12331E-06 2.26140E-06 2.38479E-06 2.52497E-06 2.77629E-06 3.00569E-06 3.26966E-06 3.62664E-06 3.89955E-06 4.13855E-06 4.40020E-06 4.63193E-06 4.85922E-06 5.06494E-06 5.12498E-06 5.31539E-06 5.55921E-06 5.66086E-06 5.74610E-06 5.69284E-06 5.81597E-06 5.84848E-06 6.09684E-06 6.00880E-06 6.02133E-06 6.11384E-06 6.06301E-06 6.38527E-06 6.30826E-06 6.37218E-06 6.21181E-06 6.09543E-06 5.93480E-06 6.43225E-06 1.57161E-05 8.84830E-06
100.0 4.76813E-06 5.07947E-06 5.37675E-06 5.75571E-06 6.20338E-06 6.68643E-06 7.17767E-06 8.09389E-06 8.68381E-06 9.47940E-06 9.99328E-06 1.05749E-05 1.09012E-05 1.13293E-05 1.18968E-05 1.23412E-05 1.26743E-05 1.35222E-05 1.33225E-05 1.34431E-05 1.35562E-05 1.36132E-05 1.38477E-05 1.40738E-05 1.43657E-05 1.47036E-05 1.43144E-05 1.46500E-05 1.47560E-05 1.45430E-05 1.46310E-05 1.39810E-05 1.43484E-05 1.49814E-05 1.69452E-05 1.16005E-05
