Yield function of production of Ti44 by protons, neutrons, alphas, pi+ and pi-, [(Ti44 atoms * cm2) / (g * prim. part. nucleon)] (computed with Geant4.10).
The primaries are alphas.
Energy[GeV/nuc],depths[g/cm2]: 1 3 5 10 15 20 30 40 50 60 70 80 90 100 110 120 130 140 150 160 170 180 190 200 210 220 230 240 250 260 270 280 290 300 310 316.2
0.01 1.75322E-04 2.24411E-07 1.89138E-07 1.79375E-07 1.62148E-07 1.59334E-07 1.50609E-07 1.26631E-07 1.12016E-07 9.26558E-08 7.91624E-08 6.71481E-08 5.36742E-08 4.77185E-08 3.42677E-08 2.86445E-08 2.00801E-08 1.71965E-08 1.16658E-08 9.88086E-09 9.31442E-09 5.78035E-09 3.42044E-09 2.34774E-09 3.13409E-09 5.36497E-10 0.00000E+00 0.00000E+00 0.00000E+00 0.00000E+00 0.00000E+00 0.00000E+00 0.00000E+00 0.00000E+00 0.00000E+00 0.00000E+00
0.03 1.79516E-04 2.78236E-05 3.09310E-06 2.91323E-06 2.77611E-06 2.74927E-06 2.66909E-06 2.44743E-06 2.18255E-06 1.94469E-06 1.71612E-06 1.40601E-06 1.19906E-06 9.99563E-07 8.62496E-07 6.91625E-07 5.89561E-07 4.85628E-07 4.47965E-07 3.46555E-07 3.15017E-07 2.21409E-07 2.33945E-07 1.83395E-07 1.68316E-07 1.29021E-07 1.04102E-07 8.77347E-08 6.25361E-08 4.60213E-08 4.11377E-08 4.46320E-08 1.40874E-08 3.48193E-08 1.93076E-08 0.00000E+00
0.1 2.97562E-04 2.74374E-04 2.27239E-04 1.81674E-04 7.55470E-05 7.47268E-05 7.43846E-05 7.19881E-05 6.79376E-05 6.33257E-05 5.84412E-05 5.26110E-05 4.73778E-05 4.10972E-05 3.73335E-05 3.30729E-05 2.94931E-05 2.70918E-05 2.32663E-05 2.12562E-05 1.94065E-05 1.83039E-05 1.61563E-05 1.44442E-05 1.44055E-05 1.35370E-05 1.33151E-05 1.13220E-05 1.08001E-05 1.13203E-05 9.77581E-06 9.84301E-06 9.86475E-06 1.10880E-05 1.51807E-05 6.46915E-06
0.18 3.70792E-04 3.78420E-04 3.80729E-04 3.81406E-04 3.75487E-04 3.58300E-04 3.35643E-04 2.91884E-04 2.90352E-04 2.72804E-04 2.55783E-04 2.41528E-04 2.21592E-04 2.08915E-04 1.89778E-04 1.75284E-04 1.61396E-04 1.50222E-04 1.39348E-04 1.27973E-04 1.16619E-04 1.10468E-04 1.04673E-04 9.89038E-05 9.20455E-05 8.77749E-05 8.67236E-05 8.26889E-05 8.37517E-05 7.85359E-05 7.11703E-05 7.20102E-05 7.11868E-05 7.19172E-05 5.97479E-05 9.90683E-05
0.3 2.31587E-04 3.15585E-04 4.40883E-04 5.32196E-04 6.74631E-04 7.45181E-04 7.93738E-04 8.70483E-04 8.86455E-04 8.81106E-04 8.47354E-04 8.11314E-04 7.79700E-04 7.38473E-04 7.01286E-04 6.60657E-04 6.26405E-04 5.82278E-04 5.53105E-04 5.15868E-04 4.98914E-04 4.72983E-04 4.59841E-04 4.33848E-04 4.30571E-04 4.15744E-04 3.76495E-04 3.63934E-04 3.41874E-04 3.33152E-04 3.43698E-04 3.02380E-04 3.26238E-04 3.43550E-04 3.86730E-04 2.79937E-04
0.56 4.52874E-04 5.48499E-04 6.82203E-04 7.92930E-04 1.03360E-03 1.26127E-03 1.43192E-03 1.73294E-03 1.98118E-03 2.13260E-03 2.23631E-03 2.32573E-03 2.32183E-03 2.33852E-03 2.31482E-03 2.30714E-03 2.25875E-03 2.20022E-03 2.15423E-03 2.11575E-03 2.03021E-03 1.97856E-03 1.93210E-03 1.87322E-03 1.81869E-03 1.79327E-03 1.77199E-03 1.71199E-03 1.69826E-03 1.76058E-03 1.67147E-03 1.53587E-03 1.59846E-03 1.53493E-03 1.79222E-03 1.77070E-03
1.0 8.09795E-04 9.78037E-04 1.21271E-03 1.41183E-03 1.87849E-03 2.23773E-03 2.61729E-03 3.17818E-03 3.66266E-03 4.02695E-03 4.24488E-03 4.42981E-03 4.53932E-03 4.61499E-03 4.67812E-03 4.68732E-03 4.69988E-03 4.67596E-03 4.65977E-03 4.65940E-03 4.56110E-03 4.49056E-03 4.41277E-03 4.36028E-03 4.29651E-03 4.26348E-03 4.11319E-03 4.11666E-03 4.06110E-03 4.13426E-03 4.06281E-03 4.30895E-03 3.95616E-03 3.86865E-03 3.81610E-03 3.53799E-03
3.0 1.95115E-03 2.32109E-03 2.87676E-03 3.37319E-03 4.41443E-03 5.34977E-03 6.23605E-03 7.67685E-03 8.85529E-03 9.89096E-03 1.07083E-02 1.12954E-02 1.18629E-02 1.22391E-02 1.25200E-02 1.27896E-02 1.29644E-02 1.32811E-02 1.32162E-02 1.32652E-02 1.33570E-02 1.33099E-02 1.34656E-02 1.34356E-02 1.33303E-02 1.32883E-02 1.30583E-02 1.31399E-02 1.30026E-02 1.32856E-02 1.32033E-02 1.29916E-02 1.28999E-02 1.27660E-02 1.25403E-02 1.25862E-02
10.0 4.99978E-03 5.95141E-03 7.38622E-03 8.54995E-03 1.13578E-02 1.36758E-02 1.59696E-02 1.99179E-02 2.31115E-02 2.58157E-02 2.81764E-02 3.00517E-02 3.16682E-02 3.29722E-02 3.41296E-02 3.47869E-02 3.54122E-02 3.62985E-02 3.69668E-02 3.72459E-02 3.74566E-02 3.76165E-02 3.81519E-02 3.78244E-02 3.85406E-02 3.84226E-02 3.80733E-02 3.88710E-02 3.91310E-02 3.88363E-02 3.90824E-02 3.95733E-02 3.85315E-02 4.13520E-02 3.95335E-02 3.39860E-02
30.0 1.10661E-02 1.30477E-02 1.59537E-02 1.83502E-02 2.41997E-02 2.95582E-02 3.43362E-02 4.30166E-02 5.07839E-02 5.70220E-02 6.25241E-02 6.77196E-02 7.16863E-02 7.55498E-02 7.83840E-02 8.06646E-02 8.32595E-02 8.56001E-02 8.68996E-02 8.90976E-02 9.05165E-02 9.12534E-02 9.20315E-02 9.19522E-02 9.30629E-02 9.23068E-02 9.45223E-02 9.33604E-02 9.45178E-02 9.65438E-02 9.35929E-02 9.48204E-02 9.49291E-02 9.38182E-02 8.93258E-02 9.74398E-02
100.0 2.54477E-02 2.99796E-02 3.62833E-02 4.19686E-02 5.55033E-02 6.83089E-02 7.90843E-02 9.80176E-02 1.14995E-01 1.29796E-01 1.41554E-01 1.55443E-01 1.64142E-01 1.73551E-01 1.81832E-01 1.88529E-01 1.92839E-01 1.97709E-01 2.04150E-01 2.05236E-01 2.10345E-01 2.16860E-01 2.18649E-01 2.19092E-01 2.21373E-01 2.26515E-01 2.33069E-01 2.29336E-01 2.32604E-01 2.40398E-01 2.42099E-01 2.48807E-01 2.43185E-01 2.47947E-01 2.75647E-01 2.46075E-01
