Yield function of production of Ti44 by protons, neutrons, alphas, pi+ and pi-, [(Ti44 atoms * cm2) / (g * prim. part. nucleon)] (computed with Geant4.10).
The primaries are protons.
Energy[GeV/nuc],depths[g/cm2]: 1 3 5 10 15 20 30 40 50 60 70 80 90 100 110 120 130 140 150 160 170 180 190 200 210 220 230 240 250 260 270 280 290 300 310 316.2
0.01 1.06250E-04 2.68594E-08 2.22826E-08 2.13025E-08 2.00953E-08 1.88402E-08 1.71925E-08 1.57597E-08 1.38621E-08 9.64565E-09 6.34035E-09 5.81912E-09 3.93582E-09 3.45921E-09 2.67724E-09 1.93667E-09 1.66993E-09 1.08099E-09 8.81038E-10 7.39988E-10 3.01638E-10 7.78631E-10 1.19255E-10 1.60264E-10 2.04196E-10 5.51044E-11 1.03737E-10 7.30572E-11 4.17641E-10 1.69273E-10 0.00000E+00 0.00000E+00 0.00000E+00 0.00000E+00 0.00000E+00 0.00000E+00
0.03 1.07755E-04 1.42844E-05 4.24730E-07 3.96832E-07 3.66866E-07 3.48889E-07 3.36980E-07 2.97941E-07 2.49869E-07 2.13476E-07 1.75250E-07 1.42973E-07 1.09625E-07 8.68323E-08 7.17781E-08 5.54021E-08 4.04243E-08 2.90143E-08 2.47081E-08 1.80843E-08 1.44878E-08 1.16805E-08 1.19243E-08 6.42890E-09 6.41785E-09 4.47956E-09 3.86740E-09 1.39417E-09 2.36708E-09 2.00117E-09 7.08726E-10 9.51057E-10 4.17158E-09 2.76816E-09 0.00000E+00 0.00000E+00
0.1 1.17503E-04 1.06614E-04 8.35859E-05 6.25959E-05 1.14546E-05 1.11956E-05 1.06272E-05 9.96567E-06 9.10168E-06 8.03050E-06 7.16310E-06 6.33810E-06 5.14330E-06 4.38579E-06 3.74674E-06 3.21091E-06 2.58088E-06 2.28995E-06 1.81491E-06 1.56334E-06 1.45928E-06 1.08712E-06 9.56016E-07 8.48274E-07 7.50122E-07 6.77576E-07 7.24354E-07 6.32663E-07 5.00231E-07 5.16782E-07 3.84011E-07 2.53990E-07 3.73225E-07 4.46402E-07 1.92835E-07 0.00000E+00
0.18 2.67342E-05 4.00269E-05 5.23761E-05 6.48782E-05 9.12049E-05 9.48366E-05 7.62811E-05 4.90585E-05 4.55023E-05 4.17402E-05 3.82212E-05 3.49579E-05 3.02345E-05 2.67774E-05 2.48854E-05 2.23509E-05 1.90878E-05 1.69371E-05 1.52501E-05 1.40838E-05 1.20637E-05 1.17095E-05 1.00890E-05 9.54135E-06 8.63750E-06 8.26815E-06 7.93986E-06 7.90545E-06 6.67537E-06 7.98283E-06 5.68696E-06 6.91364E-06 7.60659E-06 8.32910E-06 9.76156E-06 4.37297E-06
0.3 5.03198E-05 6.24980E-05 7.90652E-05 9.17220E-05 1.19780E-04 1.35413E-04 1.48538E-04 1.66319E-04 1.75658E-04 1.69992E-04 1.48187E-04 1.29256E-04 1.17041E-04 1.07642E-04 9.62476E-05 8.54485E-05 8.12321E-05 7.48497E-05 6.63433E-05 6.36893E-05 6.17534E-05 5.52041E-05 5.09244E-05 5.25533E-05 4.66140E-05 4.63394E-05 3.91626E-05 4.05254E-05 3.92297E-05 3.30502E-05 3.45147E-05 3.85801E-05 3.35898E-05 3.18111E-05 2.34539E-05 5.02181E-05
0.56 1.04729E-04 1.26659E-04 1.65318E-04 1.85315E-04 2.39732E-04 2.83173E-04 3.21293E-04 3.76725E-04 4.20363E-04 4.49444E-04 4.55579E-04 4.54670E-04 4.53688E-04 4.37813E-04 4.25735E-04 4.06379E-04 3.89574E-04 3.67452E-04 3.44957E-04 3.27675E-04 3.09356E-04 2.91864E-04 2.82223E-04 2.53900E-04 2.39368E-04 2.37184E-04 2.22721E-04 2.23775E-04 2.12029E-04 2.01457E-04 1.98929E-04 1.98654E-04 1.90639E-04 1.62751E-04 1.74782E-04 3.02976E-04
1.0 1.91797E-04 2.32574E-04 2.89227E-04 3.46868E-04 4.43514E-04 5.31965E-04 6.05977E-04 7.30880E-04 8.18476E-04 8.91942E-04 9.24494E-04 9.61721E-04 9.82532E-04 9.81541E-04 9.81891E-04 9.66002E-04 9.64308E-04 9.64340E-04 9.39510E-04 9.21759E-04 9.07818E-04 9.19526E-04 8.76480E-04 8.63739E-04 8.72748E-04 8.17383E-04 8.28623E-04 8.48233E-04 7.87174E-04 7.51096E-04 7.87273E-04 7.60584E-04 7.43688E-04 7.08326E-04 7.66197E-04 1.83286E-03
3.0 4.82856E-04 5.74472E-04 7.11538E-04 8.31706E-04 1.08348E-03 1.31320E-03 1.50734E-03 1.85608E-03 2.15603E-03 2.39976E-03 2.56759E-03 2.71560E-03 2.84801E-03 2.93522E-03 2.98362E-03 3.01299E-03 3.06372E-03 3.08058E-03 3.07342E-03 3.07264E-03 3.11486E-03 3.10520E-03 3.11307E-03 3.12422E-03 3.06382E-03 3.02683E-03 3.01374E-03 3.03897E-03 2.98863E-03 3.02740E-03 2.97990E-03 2.98371E-03 3.09449E-03 3.03116E-03 2.63951E-03 2.76836E-03
10.0 1.28313E-03 1.54012E-03 1.89792E-03 2.18323E-03 2.87021E-03 3.45627E-03 3.99273E-03 4.89861E-03 5.76366E-03 6.45517E-03 6.96131E-03 7.34782E-03 7.64580E-03 7.94868E-03 8.10066E-03 8.26954E-03 8.50712E-03 8.43329E-03 8.55709E-03 8.58962E-03 8.65063E-03 8.68583E-03 8.78627E-03 8.68922E-03 8.76913E-03 8.84809E-03 8.99553E-03 8.66771E-03 8.73903E-03 8.59770E-03 8.67595E-03 8.61012E-03 9.03595E-03 8.82119E-03 9.09044E-03 9.03086E-03
30.0 2.70303E-03 3.17806E-03 3.85263E-03 4.47495E-03 5.88669E-03 7.18244E-03 8.42580E-03 1.04738E-02 1.23710E-02 1.39594E-02 1.52793E-02 1.65352E-02 1.74159E-02 1.84669E-02 1.91777E-02 1.99094E-02 2.04647E-02 2.10507E-02 2.14502E-02 2.18007E-02 2.21603E-02 2.23103E-02 2.26428E-02 2.27965E-02 2.31824E-02 2.34589E-02 2.32372E-02 2.38220E-02 2.33531E-02 2.33208E-02 2.29423E-02 2.33893E-02 2.47809E-02 2.31317E-02 2.48090E-02 2.23215E-02
100.0 6.45082E-03 7.55249E-03 9.28961E-03 1.06163E-02 1.40438E-02 1.70169E-02 1.98357E-02 2.49234E-02 2.93091E-02 3.35421E-02 3.69762E-02 3.99305E-02 4.26857E-02 4.45703E-02 4.69887E-02 4.89090E-02 5.00110E-02 5.13385E-02 5.22776E-02 5.32051E-02 5.46335E-02 5.58635E-02 5.61645E-02 5.68024E-02 5.73212E-02 5.88604E-02 5.81647E-02 5.86314E-02 5.88200E-02 6.00024E-02 5.92284E-02 5.93376E-02 5.82521E-02 6.02716E-02 5.61926E-02 5.74643E-02
