Yield function of production of Ti44 by protons, neutrons, alphas, [(Ti44 atoms * cm2) / (g * prim. part. nucleon)] (computed with Geant4.10).
The primaries are protons.
Energy[GeV/nuc],depths[g/cm2]: 1 3 5 10 15 20 30 40 50 60 70 80 90 100 110 120 130 140 150 160 170 180 190 200 210 220 230 240 250 260 270 280 290 300 310 316.2
0.01 1.06250E-04 2.68594E-08 2.22826E-08 2.13025E-08 2.00953E-08 1.88402E-08 1.71925E-08 1.57597E-08 1.38621E-08 9.64565E-09 6.34035E-09 5.81912E-09 3.93582E-09 3.45921E-09 2.67724E-09 1.93667E-09 1.66993E-09 1.08099E-09 8.81038E-10 7.39988E-10 3.01638E-10 7.78631E-10 1.19255E-10 1.60264E-10 2.04196E-10 5.51044E-11 1.03737E-10 7.30572E-11 4.17641E-10 1.69273E-10 0.00000E+00 0.00000E+00 0.00000E+00 0.00000E+00 0.00000E+00 0.00000E+00
0.03 1.07755E-04 1.42844E-05 4.24730E-07 3.96832E-07 3.66866E-07 3.48889E-07 3.36980E-07 2.97941E-07 2.49869E-07 2.13476E-07 1.75250E-07 1.42973E-07 1.09625E-07 8.68323E-08 7.17781E-08 5.54021E-08 4.04243E-08 2.90143E-08 2.47081E-08 1.80843E-08 1.44878E-08 1.16805E-08 1.19243E-08 6.42890E-09 6.41785E-09 4.47956E-09 3.86740E-09 1.39417E-09 2.36708E-09 2.00117E-09 7.08726E-10 9.51057E-10 4.17158E-09 2.76816E-09 0.00000E+00 0.00000E+00
0.1 1.17503E-04 1.06614E-04 8.35859E-05 6.25959E-05 1.14546E-05 1.11956E-05 1.06272E-05 9.96567E-06 9.10168E-06 8.03050E-06 7.16310E-06 6.33810E-06 5.14330E-06 4.38579E-06 3.74674E-06 3.21091E-06 2.58088E-06 2.28995E-06 1.81491E-06 1.56334E-06 1.45928E-06 1.08712E-06 9.56016E-07 8.48274E-07 7.50122E-07 6.77576E-07 7.24354E-07 6.32663E-07 5.00231E-07 5.16782E-07 3.84011E-07 2.53990E-07 3.73225E-07 4.46402E-07 1.92835E-07 0.00000E+00
0.18 2.67342E-05 4.00269E-05 5.23761E-05 6.48782E-05 9.12049E-05 9.48366E-05 7.62811E-05 4.90585E-05 4.55023E-05 4.17402E-05 3.82212E-05 3.49579E-05 3.02345E-05 2.67774E-05 2.48854E-05 2.23509E-05 1.90878E-05 1.69371E-05 1.52501E-05 1.40838E-05 1.20637E-05 1.17095E-05 1.00890E-05 9.54135E-06 8.63750E-06 8.26815E-06 7.93986E-06 7.90545E-06 6.67537E-06 7.98283E-06 5.68696E-06 6.91364E-06 7.60659E-06 8.32910E-06 9.76156E-06 4.37297E-06
0.3 5.03178E-05 6.24967E-05 7.90637E-05 9.17214E-05 1.19780E-04 1.35413E-04 1.48538E-04 1.66318E-04 1.75658E-04 1.69992E-04 1.48187E-04 1.29256E-04 1.17041E-04 1.07642E-04 9.62476E-05 8.54485E-05 8.12321E-05 7.48497E-05 6.63433E-05 6.36893E-05 6.17534E-05 5.52041E-05 5.09244E-05 5.25533E-05 4.66140E-05 4.63394E-05 3.91626E-05 4.05254E-05 3.92297E-05 3.30502E-05 3.45147E-05 3.85801E-05 3.35898E-05 3.18111E-05 2.34539E-05 5.02181E-05
0.56 1.03801E-04 1.25358E-04 1.63885E-04 1.83858E-04 2.36916E-04 2.81749E-04 3.19687E-04 3.75754E-04 4.19718E-04 4.49010E-04 4.55315E-04 4.54502E-04 4.53573E-04 4.37735E-04 4.25683E-04 4.06348E-04 3.89555E-04 3.67428E-04 3.44940E-04 3.27665E-04 3.09327E-04 2.91846E-04 2.82128E-04 2.53899E-04 2.39367E-04 2.37146E-04 2.22721E-04 2.23760E-04 2.12029E-04 2.01457E-04 1.98929E-04 1.98654E-04 1.90586E-04 1.62724E-04 1.74782E-04 3.02976E-04
1.0 1.85409E-04 2.24183E-04 2.79580E-04 3.33184E-04 4.29380E-04 5.16183E-04 5.92651E-04 7.17703E-04 8.02638E-04 8.80341E-04 9.14312E-04 9.52680E-04 9.73136E-04 9.74539E-04 9.75215E-04 9.59933E-04 9.57941E-04 9.59702E-04 9.35773E-04 9.18429E-04 9.04908E-04 9.16333E-04 8.74257E-04 8.61821E-04 8.71224E-04 8.15617E-04 8.26817E-04 8.47293E-04 7.86488E-04 7.50679E-04 7.86751E-04 7.60050E-04 7.43413E-04 7.07718E-04 7.66147E-04 1.83286E-03
3.0 4.48748E-04 5.34781E-04 6.59323E-04 7.74050E-04 1.02268E-03 1.24129E-03 1.43796E-03 1.78247E-03 2.07409E-03 2.31502E-03 2.48342E-03 2.64432E-03 2.74748E-03 2.85361E-03 2.90284E-03 2.93766E-03 2.99485E-03 3.01134E-03 3.00596E-03 3.00503E-03 3.03271E-03 3.04450E-03 3.05505E-03 3.06927E-03 3.01477E-03 2.97972E-03 2.96508E-03 2.99248E-03 2.94150E-03 2.94856E-03 2.93026E-03 2.94378E-03 3.04720E-03 2.98685E-03 2.58615E-03 2.65756E-03
10.0 1.16007E-03 1.38918E-03 1.71212E-03 1.99457E-03 2.63232E-03 3.21221E-03 3.74754E-03 4.62261E-03 5.44771E-03 6.10498E-03 6.61960E-03 7.02334E-03 7.34147E-03 7.61916E-03 7.79017E-03 7.95212E-03 8.14224E-03 8.14719E-03 8.26784E-03 8.31167E-03 8.28474E-03 8.40516E-03 8.51489E-03 8.43685E-03 8.49652E-03 8.51043E-03 8.47343E-03 8.43015E-03 8.47450E-03 8.37067E-03 8.42970E-03 8.34791E-03 8.74162E-03 8.46531E-03 8.87178E-03 8.80404E-03
30.0 2.32725E-03 2.77465E-03 3.42243E-03 4.02954E-03 5.37166E-03 6.58441E-03 7.78741E-03 9.77510E-03 1.15811E-02 1.31307E-02 1.43884E-02 1.56170E-02 1.65001E-02 1.74784E-02 1.82186E-02 1.89742E-02 1.95386E-02 2.00681E-02 2.04167E-02 2.08505E-02 2.11941E-02 2.13763E-02 2.15308E-02 2.18225E-02 2.22631E-02 2.25737E-02 2.22085E-02 2.25085E-02 2.22421E-02 2.23513E-02 2.20516E-02 2.24401E-02 2.24849E-02 2.22900E-02 2.40179E-02 2.11744E-02
100.0 5.49623E-03 6.52246E-03 8.11715E-03 9.42874E-03 1.26259E-02 1.54719E-02 1.82403E-02 2.30528E-02 2.73021E-02 3.12273E-02 3.46744E-02 3.76567E-02 4.02246E-02 4.21476E-02 4.43663E-02 4.60056E-02 4.74772E-02 4.87343E-02 4.96130E-02 5.05877E-02 5.16636E-02 5.26668E-02 5.35860E-02 5.39629E-02 5.45323E-02 5.59482E-02 5.51042E-02 5.59881E-02 5.58982E-02 5.70622E-02 5.57857E-02 5.68064E-02 5.52782E-02 5.77049E-02 5.36838E-02 5.49978E-02
