Yield function of production of Ti44 by protons, neutrons, alphas, [(Ti44 atoms * cm2) / (g * prim. part. nucleon)] (computed with Geant4.10).
The primaries are alphas.
Energy[GeV/nuc],depths[g/cm2]: 1 3 5 10 15 20 30 40 50 60 70 80 90 100 110 120 130 140 150 160 170 180 190 200 210 220 230 240 250 260 270 280 290 300 310 316.2
0.01 7.92382E-07 8.25681E-13 7.86303E-13 9.22019E-13 4.59460E-13 3.53649E-13 2.62196E-13 1.66135E-13 1.05930E-13 8.87264E-14 8.72997E-14 7.68828E-14 1.23008E-13 6.47958E-14 7.26804E-14 9.04407E-14 2.98671E-13 9.01064E-14 2.05939E-13 0.00000E+00 0.00000E+00 0.00000E+00 0.00000E+00 0.00000E+00 0.00000E+00 0.00000E+00 0.00000E+00 0.00000E+00 0.00000E+00 0.00000E+00 0.00000E+00 0.00000E+00 0.00000E+00 0.00000E+00 0.00000E+00 0.00000E+00
0.03 4.42885E-07 3.86185E-08 8.22536E-10 7.16048E-10 5.51490E-10 4.66921E-10 3.94009E-10 2.97050E-10 2.40114E-10 1.86394E-10 1.61710E-10 1.35513E-10 1.10978E-10 9.70503E-11 8.21537E-11 6.70658E-11 5.71333E-11 4.87169E-11 4.49500E-11 4.03502E-11 3.41753E-11 4.14244E-11 3.36789E-11 2.85443E-11 3.55733E-11 1.95289E-11 1.44940E-11 1.25950E-11 1.62199E-11 1.77143E-11 7.47179E-12 1.16010E-11 1.08154E-11 2.49050E-11 7.42434E-11 0.00000E+00
0.1 3.06383E-07 3.05858E-07 2.66962E-07 2.17390E-07 3.96501E-08 3.37625E-08 2.98133E-08 2.39983E-08 1.97343E-08 1.72122E-08 1.51383E-08 1.33084E-08 1.19003E-08 1.04332E-08 9.40705E-09 8.75699E-09 7.82464E-09 7.04951E-09 6.58732E-09 5.89972E-09 6.02123E-09 5.24557E-09 4.74715E-09 4.68360E-09 4.32261E-09 3.84361E-09 3.93454E-09 3.60097E-09 3.36246E-09 3.53896E-09 3.87925E-09 3.41192E-09 4.59703E-09 4.71282E-09 2.85855E-09 2.96638E-10
0.18 3.05422E-07 3.35063E-07 3.44037E-07 3.42397E-07 3.16123E-07 2.73565E-07 2.25225E-07 1.27043E-07 1.08778E-07 9.63818E-08 8.35775E-08 7.73133E-08 7.08681E-08 6.35443E-08 5.81937E-08 5.35717E-08 5.03007E-08 4.54890E-08 4.26188E-08 4.10065E-08 4.18303E-08 3.66474E-08 3.44775E-08 3.27491E-08 2.98594E-08 3.04249E-08 2.64069E-08 2.38335E-08 2.60719E-08 2.62624E-08 2.35267E-08 2.70720E-08 2.66841E-08 2.18251E-08 2.12075E-08 1.26508E-08
0.3 3.76996E-07 4.22546E-07 4.63819E-07 4.77148E-07 5.10402E-07 5.16198E-07 5.16540E-07 4.86322E-07 4.43027E-07 3.90862E-07 3.37940E-07 2.95034E-07 2.78110E-07 2.55347E-07 2.35734E-07 2.26081E-07 2.11099E-07 2.00884E-07 1.84221E-07 1.76687E-07 1.69551E-07 1.62808E-07 1.54890E-07 1.46325E-07 1.39065E-07 1.44489E-07 1.29417E-07 1.23080E-07 1.18033E-07 1.15467E-07 1.13010E-07 1.18087E-07 1.51484E-07 1.21912E-07 9.33307E-08 1.09109E-07
0.56 6.25248E-07 6.95011E-07 7.55105E-07 8.12150E-07 8.87626E-07 9.58657E-07 9.72193E-07 1.02039E-06 1.03859E-06 1.03919E-06 1.04109E-06 1.00914E-06 9.80038E-07 9.66062E-07 9.47332E-07 9.08873E-07 8.53522E-07 8.30035E-07 8.01951E-07 7.59896E-07 7.46302E-07 7.49462E-07 7.05859E-07 6.71132E-07 6.65790E-07 6.45593E-07 6.34992E-07 6.18227E-07 5.95146E-07 6.91807E-07 5.62865E-07 5.78978E-07 5.78973E-07 5.68094E-07 5.53761E-07 4.38760E-07
1.0 9.34033E-07 1.02778E-06 1.11846E-06 1.19930E-06 1.32164E-06 1.43446E-06 1.49974E-06 1.63828E-06 1.70489E-06 1.75841E-06 1.75382E-06 1.77026E-06 1.75337E-06 1.74430E-06 1.76950E-06 1.71896E-06 1.75733E-06 1.71418E-06 1.66271E-06 1.68335E-06 1.65356E-06 1.63269E-06 1.58123E-06 1.60778E-06 1.56077E-06 1.47537E-06 1.50333E-06 1.67008E-06 1.53914E-06 1.53898E-06 1.42733E-06 1.43067E-06 1.35606E-06 1.39678E-06 1.62363E-06 1.36448E-06
3.0 1.94155E-06 2.06489E-06 2.27073E-06 2.41178E-06 2.71528E-06 2.93787E-06 3.07978E-06 3.34069E-06 3.51527E-06 3.70363E-06 3.85255E-06 3.91523E-06 3.92589E-06 4.11372E-06 4.16457E-06 4.16091E-06 4.24374E-06 4.24789E-06 4.23804E-06 4.23386E-06 4.30687E-06 4.22128E-06 4.35885E-06 4.13015E-06 4.19423E-06 4.62014E-06 4.11865E-06 4.23233E-06 4.20888E-06 4.20880E-06 4.32601E-06 4.14664E-06 4.45413E-06 3.80952E-06 3.90257E-06 3.81111E-06
10.0 4.29163E-06 4.59260E-06 4.98432E-06 5.25081E-06 5.82547E-06 6.32384E-06 6.74436E-06 7.42369E-06 8.02679E-06 8.43415E-06 8.97277E-06 9.20269E-06 9.69023E-06 9.82627E-06 1.01258E-05 1.01861E-05 1.03697E-05 1.05726E-05 1.09140E-05 1.07074E-05 1.07584E-05 1.08386E-05 1.14945E-05 1.11068E-05 1.11798E-05 1.12397E-05 1.16591E-05 1.11584E-05 1.09343E-05 1.07433E-05 1.08889E-05 1.13965E-05 1.08025E-05 1.53017E-05 9.72899E-06 1.05623E-05
30.0 8.48815E-06 9.01517E-06 9.73889E-06 1.02010E-05 1.14139E-05 1.23381E-05 1.31145E-05 1.46875E-05 1.60058E-05 1.68553E-05 1.78568E-05 1.88817E-05 1.97792E-05 2.05671E-05 2.10517E-05 2.13007E-05 2.21724E-05 2.27786E-05 2.31436E-05 2.39607E-05 2.40117E-05 2.44737E-05 2.45417E-05 2.42630E-05 2.46199E-05 2.50788E-05 2.47801E-05 2.53521E-05 2.44485E-05 2.54710E-05 2.42843E-05 2.52261E-05 2.40134E-05 2.46972E-05 2.34397E-05 3.18818E-05
100.0 1.86312E-05 1.98509E-05 2.12186E-05 2.21218E-05 2.48947E-05 2.65589E-05 2.88477E-05 3.10308E-05 3.40891E-05 3.63217E-05 3.80855E-05 4.01680E-05 4.40448E-05 4.40192E-05 4.58174E-05 4.71009E-05 4.93402E-05 4.93177E-05 4.99263E-05 5.06171E-05 5.22115E-05 5.31970E-05 5.42708E-05 5.38048E-05 5.52506E-05 5.52660E-05 5.79791E-05 6.06478E-05 5.93916E-05 5.74964E-05 6.05844E-05 6.13210E-05 5.87110E-05 6.20025E-05 6.69664E-05 6.55190E-05
