Yield function of production of Ti44 by protons, neutrons, alphas, [(Ti44 atoms * cm2) / (g * prim. part. nucleon)] (computed with Geant4.10).
The primaries are alphas.
Energy[GeV/nuc],depths[g/cm2]: 1 3 5 10 15 20 30 40 50 60 70 80 90 100 110 120 130 140 150 160 170 180 190 200 210 220 230 240 250 260 270 280 290 300 310 316.2
0.01 7.92382E-07 8.25681E-13 7.86303E-13 9.22019E-13 4.59460E-13 3.53649E-13 2.62196E-13 1.66135E-13 1.05930E-13 8.87264E-14 8.72997E-14 7.68828E-14 1.23008E-13 6.47958E-14 7.26804E-14 9.04407E-14 2.98671E-13 9.01064E-14 2.05939E-13 0.00000E+00 0.00000E+00 0.00000E+00 0.00000E+00 0.00000E+00 0.00000E+00 0.00000E+00 0.00000E+00 0.00000E+00 0.00000E+00 0.00000E+00 0.00000E+00 0.00000E+00 0.00000E+00 0.00000E+00 0.00000E+00 0.00000E+00
0.03 4.42885E-07 3.86185E-08 8.22536E-10 7.16048E-10 5.51490E-10 4.66921E-10 3.94009E-10 2.97050E-10 2.40114E-10 1.86394E-10 1.61710E-10 1.35513E-10 1.10978E-10 9.70503E-11 8.21537E-11 6.70658E-11 5.71333E-11 4.87169E-11 4.49500E-11 4.03502E-11 3.41753E-11 4.14244E-11 3.36789E-11 2.85443E-11 3.55733E-11 1.95289E-11 1.44940E-11 1.25950E-11 1.62199E-11 1.77143E-11 7.47179E-12 1.16010E-11 1.08154E-11 2.49050E-11 7.42434E-11 0.00000E+00
0.1 3.06383E-07 3.05858E-07 2.66962E-07 2.17390E-07 3.96501E-08 3.37625E-08 2.98133E-08 2.39983E-08 1.97343E-08 1.72122E-08 1.51383E-08 1.33084E-08 1.19003E-08 1.04332E-08 9.40705E-09 8.75699E-09 7.82464E-09 7.04951E-09 6.58732E-09 5.89972E-09 6.02123E-09 5.24557E-09 4.74715E-09 4.68360E-09 4.32261E-09 3.84361E-09 3.93454E-09 3.60097E-09 3.36246E-09 3.53896E-09 3.87925E-09 3.41192E-09 4.59703E-09 4.71282E-09 2.85855E-09 2.96638E-10
0.18 3.05422E-07 3.35063E-07 3.44037E-07 3.42397E-07 3.16123E-07 2.73565E-07 2.25225E-07 1.27396E-07 1.08840E-07 9.63818E-08 8.35775E-08 7.73133E-08 7.08681E-08 6.35443E-08 5.81937E-08 5.35717E-08 5.03007E-08 4.54890E-08 4.26188E-08 4.10065E-08 4.18303E-08 3.66474E-08 3.44775E-08 3.27491E-08 2.98594E-08 3.04249E-08 2.64069E-08 2.38335E-08 2.60719E-08 2.62624E-08 2.35267E-08 2.70720E-08 2.66841E-08 2.18251E-08 2.12075E-08 1.26508E-08
0.3 3.97667E-07 4.50585E-07 4.97023E-07 5.25568E-07 5.54184E-07 5.53867E-07 5.61946E-07 5.12364E-07 4.58342E-07 4.07200E-07 3.46465E-07 2.99893E-07 2.85503E-07 2.68221E-07 2.35734E-07 2.27872E-07 2.15583E-07 2.02808E-07 1.89609E-07 2.02400E-07 1.69551E-07 1.62808E-07 1.54890E-07 1.46325E-07 1.46828E-07 1.47852E-07 1.29417E-07 1.23080E-07 1.18033E-07 1.15467E-07 1.13010E-07 1.18087E-07 1.51484E-07 1.21912E-07 9.33307E-08 1.09109E-07
0.56 4.32467E-06 7.34851E-06 7.70624E-06 6.29798E-06 6.72784E-06 7.12889E-06 6.32546E-06 5.01905E-06 5.26715E-06 3.85898E-06 3.29697E-06 3.87115E-06 2.24754E-06 2.26631E-06 2.03518E-06 1.71822E-06 1.57235E-06 1.50826E-06 1.36744E-06 1.21923E-06 1.27380E-06 1.48878E-06 1.42317E-06 1.12339E-06 1.04390E-06 9.05763E-07 9.52839E-07 1.66111E-06 1.50949E-06 9.87504E-07 9.64532E-07 1.03152E-06 1.12973E-06 1.54136E-06 5.53761E-07 4.38760E-07
1.0 2.35947E-05 3.34771E-05 3.70416E-05 3.76715E-05 5.61742E-05 4.84704E-05 5.57656E-05 5.99561E-05 6.01540E-05 6.18831E-05 5.30456E-05 4.56531E-05 3.90436E-05 3.43264E-05 3.61108E-05 3.81045E-05 3.44471E-05 2.59275E-05 2.29654E-05 5.29498E-05 2.02695E-05 1.81441E-05 2.24795E-05 1.75717E-05 1.51453E-05 1.48644E-05 1.17233E-05 1.07879E-05 1.04320E-05 1.05320E-05 1.08615E-05 1.04733E-05 1.80641E-05 8.06584E-06 1.35603E-05 1.36448E-06
3.0 1.27446E-04 1.43687E-04 1.83547E-04 2.11485E-04 2.22741E-04 2.75845E-04 2.79099E-04 3.34068E-04 3.19315E-04 3.04049E-04 3.51782E-04 3.22126E-04 3.29981E-04 3.16275E-04 2.94367E-04 2.95081E-04 2.77914E-04 3.07789E-04 2.80114E-04 2.56456E-04 2.70835E-04 2.52918E-04 2.25040E-04 3.41901E-04 2.48795E-04 2.42540E-04 2.75414E-04 2.09133E-04 1.95623E-04 4.15636E-04 2.03545E-04 1.97721E-04 2.15909E-04 1.57955E-04 1.54533E-04 8.23801E-05
10.0 5.11143E-04 5.78967E-04 6.75537E-04 7.91768E-04 9.93418E-04 1.04449E-03 1.07504E-03 1.27037E-03 1.29206E-03 1.29283E-03 1.45556E-03 1.42267E-03 1.34157E-03 1.37879E-03 1.41205E-03 1.36184E-03 1.28968E-03 1.29209E-03 1.43379E-03 1.36067E-03 1.33347E-03 1.32838E-03 1.39842E-03 1.37822E-03 1.32630E-03 1.22271E-03 1.24077E-03 1.12416E-03 1.41852E-03 1.73038E-03 1.15554E-03 1.17554E-03 1.36340E-03 1.11939E-03 1.11735E-03 4.16833E-04
30.0 1.50673E-03 1.63573E-03 1.86719E-03 1.91188E-03 2.28566E-03 2.52275E-03 2.68528E-03 3.03226E-03 3.27161E-03 3.32961E-03 3.43978E-03 3.74200E-03 3.81662E-03 4.01296E-03 3.92677E-03 3.90481E-03 3.84246E-03 4.07272E-03 3.99891E-03 4.16430E-03 4.10469E-03 3.81766E-03 3.91514E-03 3.78807E-03 4.30711E-03 3.60146E-03 3.81935E-03 3.63076E-03 3.52225E-03 3.39657E-03 3.44304E-03 3.37397E-03 3.28441E-03 3.08401E-03 3.12646E-03 3.54188E-03
100.0 3.77430E-03 4.06853E-03 4.35475E-03 4.99046E-03 5.65746E-03 6.52571E-03 6.73293E-03 7.40737E-03 8.21101E-03 8.65229E-03 7.97767E-03 9.39963E-03 9.46232E-03 1.05026E-02 1.05745E-02 1.21096E-02 1.02260E-02 1.01782E-02 1.05212E-02 9.98318E-03 9.90098E-03 9.66049E-03 1.01803E-02 1.00904E-02 1.05204E-02 1.28048E-02 1.26902E-02 1.09895E-02 1.17580E-02 1.62067E-02 1.13375E-02 2.78671E-02 9.97500E-03 1.29195E-02 1.84823E-02 1.33144E-02
