Yield function of production of Ti44 by protons, neutrons, alphas, [(Ti44 atoms * cm2) / (g * prim. part. nucleon)] (computed with Geant4.10).
The primaries are protons.
Energy[GeV/nuc],depths[g/cm2]: 1 3 5 10 15 20 30 40 50 60 70 80 90 100 110 120 130 140 150 160 170 180 190 200 210 220 230 240 250 260 270 280 290 300 310 316.2
0.01 7.50094E-08 0.00000E+00 0.00000E+00 0.00000E+00 0.00000E+00 0.00000E+00 0.00000E+00 0.00000E+00 0.00000E+00 0.00000E+00 0.00000E+00 0.00000E+00 0.00000E+00 0.00000E+00 0.00000E+00 0.00000E+00 0.00000E+00 0.00000E+00 0.00000E+00 0.00000E+00 0.00000E+00 0.00000E+00 0.00000E+00 0.00000E+00 0.00000E+00 0.00000E+00 0.00000E+00 0.00000E+00 0.00000E+00 0.00000E+00 0.00000E+00 0.00000E+00 0.00000E+00 0.00000E+00 0.00000E+00 0.00000E+00
0.03 1.44950E-07 3.21803E-09 6.57468E-13 5.91456E-13 3.88916E-13 3.21666E-13 2.17266E-13 1.38400E-13 1.04049E-13 8.23955E-14 5.49602E-14 4.28217E-14 3.48000E-14 2.28115E-14 1.33713E-14 2.15737E-14 8.42628E-15 9.76835E-15 1.14487E-14 9.43816E-15 8.78551E-15 9.14852E-15 9.86211E-15 1.49631E-15 0.00000E+00 0.00000E+00 0.00000E+00 0.00000E+00 0.00000E+00 0.00000E+00 0.00000E+00 0.00000E+00 0.00000E+00 0.00000E+00 0.00000E+00 0.00000E+00
0.1 3.05244E-07 3.07596E-07 2.66164E-07 1.98542E-07 2.77662E-09 2.30455E-09 1.98809E-09 1.54155E-09 1.26402E-09 1.11167E-09 8.78262E-10 7.15662E-10 6.38572E-10 6.42390E-10 5.31326E-10 4.74863E-10 3.97802E-10 3.54156E-10 2.73356E-10 2.42226E-10 1.77206E-10 1.76510E-10 1.78848E-10 1.44041E-10 1.35691E-10 1.09150E-10 1.02489E-10 9.25898E-11 8.57708E-11 1.04422E-10 9.10331E-11 8.72406E-11 1.29601E-10 8.39549E-11 3.01690E-10 0.00000E+00
0.18 2.62358E-07 2.72986E-07 2.51203E-07 2.39555E-07 2.00330E-07 1.57105E-07 1.06766E-07 1.46880E-08 1.21112E-08 1.07060E-08 9.44544E-09 8.27924E-09 7.57456E-09 6.67706E-09 5.81251E-09 5.34738E-09 4.78955E-09 4.64904E-09 4.07339E-09 3.86575E-09 3.40613E-09 3.11406E-09 2.93087E-09 2.73043E-09 2.69696E-09 2.47264E-09 2.53440E-09 2.05432E-09 2.14637E-09 2.90490E-09 2.31151E-09 2.82557E-09 2.74724E-09 1.79740E-09 2.32981E-09 1.09133E-09
0.3 2.57999E-07 2.65285E-07 2.63252E-07 2.57028E-07 2.52525E-07 2.27740E-07 2.10256E-07 1.76229E-07 1.40623E-07 1.02710E-07 5.95126E-08 3.70345E-08 3.24812E-08 2.95650E-08 2.65910E-08 2.58706E-08 2.28374E-08 2.19375E-08 1.99294E-08 1.93280E-08 1.74227E-08 1.64670E-08 1.69037E-08 1.66244E-08 1.51353E-08 1.35703E-08 1.33750E-08 1.29531E-08 1.30678E-08 1.04180E-08 1.01292E-08 1.32100E-08 9.97339E-09 1.20329E-08 7.98943E-09 2.23320E-08
0.56 1.19755E-06 1.58759E-06 1.73094E-06 1.75464E-06 3.12717E-06 1.72721E-06 1.92561E-06 1.26481E-06 9.28698E-07 7.11169E-07 5.26467E-07 4.08528E-07 3.40259E-07 2.85266E-07 2.40613E-07 2.07132E-07 1.78798E-07 1.70844E-07 1.50292E-07 1.28366E-07 1.35181E-07 1.07954E-07 1.79979E-07 8.11719E-08 7.70433E-08 1.18388E-07 7.08255E-08 8.94445E-08 6.84964E-08 6.29939E-08 6.30118E-08 6.15950E-08 1.22407E-07 7.85112E-08 6.04544E-08 1.92135E-08
1.0 6.70132E-06 8.71775E-06 9.99916E-06 1.40547E-05 1.45263E-05 1.61931E-05 1.37453E-05 1.35940E-05 1.62632E-05 1.20273E-05 1.06029E-05 9.45935E-06 9.80526E-06 7.39479E-06 7.07851E-06 6.47589E-06 6.75314E-06 5.02019E-06 4.10874E-06 3.67382E-06 3.25160E-06 3.53393E-06 2.55274E-06 2.24134E-06 1.82294E-06 2.07687E-06 2.10531E-06 1.26096E-06 9.71794E-07 7.12769E-07 8.13233E-07 7.93734E-07 5.53551E-07 8.47114E-07 3.12419E-07 2.54789E-07
3.0 3.46456E-05 4.02539E-05 5.28277E-05 5.82926E-05 6.14891E-05 7.26435E-05 7.01710E-05 7.44197E-05 8.27980E-05 8.56383E-05 8.50806E-05 7.22026E-05 1.01471E-04 8.25771E-05 8.17580E-05 7.63164E-05 6.98927E-05 7.02380E-05 6.84464E-05 6.86266E-05 8.31693E-05 6.16815E-05 5.90318E-05 5.59315E-05 5.00414E-05 4.80582E-05 4.96331E-05 4.74538E-05 4.80640E-05 7.97748E-05 5.05547E-05 4.09300E-05 4.82007E-05 4.53479E-05 5.43239E-05 1.11460E-04
10.0 1.24230E-04 1.52204E-04 1.87181E-04 1.90095E-04 2.39504E-04 2.45748E-04 2.46977E-04 2.77923E-04 3.17979E-04 3.52348E-04 3.43889E-04 3.26727E-04 3.06642E-04 3.31886E-04 3.12886E-04 3.19862E-04 3.67355E-04 2.88591E-04 2.91773E-04 2.80435E-04 3.68317E-04 2.83112E-04 2.73958E-04 2.54943E-04 2.75168E-04 3.40235E-04 5.24600E-04 2.40058E-04 2.67001E-04 2.29677E-04 2.48756E-04 2.64750E-04 2.97076E-04 3.58708E-04 2.21474E-04 2.30363E-04
30.0 3.77907E-04 4.05679E-04 4.32589E-04 4.47936E-04 5.17812E-04 6.01027E-04 6.41659E-04 7.02293E-04 7.93821E-04 8.32856E-04 8.95321E-04 9.22821E-04 9.20681E-04 9.93533E-04 9.64253E-04 9.40536E-04 9.31564E-04 9.88282E-04 1.03933E-03 9.55874E-04 9.71983E-04 9.39840E-04 1.11811E-03 9.80049E-04 9.25408E-04 8.91329E-04 1.03471E-03 1.31988E-03 1.11732E-03 9.75849E-04 8.96900E-04 9.55241E-04 2.30198E-03 8.48083E-04 8.06763E-04 1.15598E-03
100.0 9.59357E-04 1.03511E-03 1.17783E-03 1.19335E-03 1.42411E-03 1.55168E-03 1.60252E-03 1.87863E-03 2.01563E-03 2.32424E-03 2.31173E-03 2.28438E-03 2.47199E-03 2.43396E-03 2.63431E-03 2.91566E-03 2.54650E-03 2.61770E-03 2.67794E-03 2.63082E-03 2.98353E-03 3.21036E-03 2.59239E-03 2.85362E-03 2.80328E-03 2.92693E-03 3.07485E-03 2.65800E-03 2.93653E-03 2.95474E-03 3.45734E-03 2.54521E-03 2.98830E-03 2.58169E-03 2.52581E-03 2.47809E-03
