Yield function of production of Ti44 by protons, neutrons, alphas, [(Ti44 atoms * cm2) / (g * prim. part. nucleon)] (computed with Geant4.10).
The primaries are alphas.
Energy[GeV/nuc],depths[g/cm2]: 1 3 5 10 15 20 30 40 50 60 70 80 90 100 110 120 130 140 150 160 170 180 190 200 210 220 230 240 250 260 270 280 290 300 310 316.2
0.01 1.75322E-04 2.24411E-07 1.89138E-07 1.79375E-07 1.62148E-07 1.59334E-07 1.50609E-07 1.26631E-07 1.12016E-07 9.26558E-08 7.91624E-08 6.71481E-08 5.36742E-08 4.77185E-08 3.42677E-08 2.86445E-08 2.00801E-08 1.71965E-08 1.16658E-08 9.88086E-09 9.31442E-09 5.78035E-09 3.42044E-09 2.34774E-09 3.13409E-09 5.36497E-10 0.00000E+00 0.00000E+00 0.00000E+00 0.00000E+00 0.00000E+00 0.00000E+00 0.00000E+00 0.00000E+00 0.00000E+00 0.00000E+00
0.03 1.79516E-04 2.78236E-05 3.09310E-06 2.91323E-06 2.77611E-06 2.74927E-06 2.66909E-06 2.44743E-06 2.18255E-06 1.94469E-06 1.71612E-06 1.40601E-06 1.19906E-06 9.99563E-07 8.62496E-07 6.91625E-07 5.89561E-07 4.85628E-07 4.47965E-07 3.46555E-07 3.15017E-07 2.21409E-07 2.33945E-07 1.83395E-07 1.68316E-07 1.29021E-07 1.04102E-07 8.77347E-08 6.25361E-08 4.60213E-08 4.11377E-08 4.46320E-08 1.40874E-08 3.48193E-08 1.93076E-08 0.00000E+00
0.1 2.97562E-04 2.74374E-04 2.27239E-04 1.81674E-04 7.55470E-05 7.47268E-05 7.43846E-05 7.19881E-05 6.79376E-05 6.33257E-05 5.84412E-05 5.26110E-05 4.73778E-05 4.10972E-05 3.73335E-05 3.30729E-05 2.94931E-05 2.70918E-05 2.32663E-05 2.12562E-05 1.94065E-05 1.83039E-05 1.61563E-05 1.44442E-05 1.44055E-05 1.35370E-05 1.33151E-05 1.13220E-05 1.08001E-05 1.13203E-05 9.77581E-06 9.84301E-06 9.86475E-06 1.10880E-05 1.51807E-05 6.46915E-06
0.18 3.70792E-04 3.78420E-04 3.80729E-04 3.81406E-04 3.75487E-04 3.58300E-04 3.35643E-04 2.91883E-04 2.90352E-04 2.72804E-04 2.55783E-04 2.41528E-04 2.21592E-04 2.08915E-04 1.89778E-04 1.75284E-04 1.61396E-04 1.50222E-04 1.39348E-04 1.27973E-04 1.16619E-04 1.10468E-04 1.04673E-04 9.89038E-05 9.20455E-05 8.77749E-05 8.67236E-05 8.26889E-05 8.37517E-05 7.85359E-05 7.11703E-05 7.20102E-05 7.11868E-05 7.19172E-05 5.97479E-05 9.90683E-05
0.3 2.31566E-04 3.15557E-04 4.40850E-04 5.32148E-04 6.74587E-04 7.45143E-04 7.93693E-04 8.70457E-04 8.86440E-04 8.81089E-04 8.47345E-04 8.11309E-04 7.79692E-04 7.38460E-04 7.01286E-04 6.60655E-04 6.26400E-04 5.82276E-04 5.53100E-04 5.15842E-04 4.98914E-04 4.72983E-04 4.59841E-04 4.33848E-04 4.30563E-04 4.15740E-04 3.76495E-04 3.63934E-04 3.41874E-04 3.33152E-04 3.43698E-04 3.02380E-04 3.26238E-04 3.43550E-04 3.86730E-04 2.79937E-04
0.56 4.49174E-04 5.41845E-04 6.75252E-04 7.87444E-04 1.02776E-03 1.25510E-03 1.42657E-03 1.72894E-03 1.97695E-03 2.12978E-03 2.23405E-03 2.32287E-03 2.32057E-03 2.33722E-03 2.31374E-03 2.30633E-03 2.25803E-03 2.19954E-03 2.15366E-03 2.11529E-03 2.02968E-03 1.97782E-03 1.93138E-03 1.87277E-03 1.81831E-03 1.79301E-03 1.77167E-03 1.71095E-03 1.69734E-03 1.76028E-03 1.67107E-03 1.53542E-03 1.59791E-03 1.53395E-03 1.79222E-03 1.77070E-03
1.0 7.87134E-04 9.45588E-04 1.17679E-03 1.37535E-03 1.82364E-03 2.19069E-03 2.56303E-03 3.11987E-03 3.60421E-03 3.96683E-03 4.19359E-03 4.38593E-03 4.50203E-03 4.58240E-03 4.64378E-03 4.65094E-03 4.66719E-03 4.65174E-03 4.63847E-03 4.60813E-03 4.54248E-03 4.47404E-03 4.39187E-03 4.34431E-03 4.28292E-03 4.25009E-03 4.10297E-03 4.10754E-03 4.05221E-03 4.12526E-03 4.05338E-03 4.29991E-03 3.93945E-03 3.86198E-03 3.80416E-03 3.53799E-03
3.0 1.82565E-03 2.17946E-03 2.69548E-03 3.16412E-03 4.19440E-03 5.07686E-03 5.96003E-03 7.34612E-03 8.53949E-03 9.59061E-03 1.03604E-02 1.09772E-02 1.15369E-02 1.19269E-02 1.22298E-02 1.24987E-02 1.26908E-02 1.29775E-02 1.29403E-02 1.30130E-02 1.30904E-02 1.30612E-02 1.32449E-02 1.30978E-02 1.30857E-02 1.30504E-02 1.27870E-02 1.29350E-02 1.28112E-02 1.28742E-02 1.30041E-02 1.27980E-02 1.26884E-02 1.26119E-02 1.23897E-02 1.25076E-02
10.0 4.49293E-03 5.37703E-03 6.71567E-03 7.76343E-03 1.03702E-02 1.26376E-02 1.49013E-02 1.86549E-02 2.18274E-02 2.45313E-02 2.67298E-02 2.86382E-02 3.03364E-02 3.16032E-02 3.27277E-02 3.34353E-02 3.41329E-02 3.50170E-02 3.55439E-02 3.58960E-02 3.61339E-02 3.62990E-02 3.67650E-02 3.64573E-02 3.72255E-02 3.72111E-02 3.68442E-02 3.77580E-02 3.77234E-02 3.71167E-02 3.79378E-02 3.84092E-02 3.71789E-02 4.02479E-02 3.84259E-02 3.35798E-02
30.0 9.56790E-03 1.14210E-02 1.40962E-02 1.64486E-02 2.19255E-02 2.70478E-02 3.16640E-02 3.99990E-02 4.75283E-02 5.37092E-02 5.91022E-02 6.39965E-02 6.78894E-02 7.15574E-02 7.44783E-02 7.67811E-02 7.94393E-02 8.15502E-02 8.29239E-02 8.49573E-02 8.64358E-02 8.74602E-02 8.81409E-02 8.81884E-02 8.87804E-02 8.87304E-02 9.07277E-02 8.97550E-02 9.10200E-02 9.31727E-02 9.01742E-02 9.14716E-02 9.16687E-02 9.07589E-02 8.62228E-02 9.39298E-02
100.0 2.16921E-02 2.59310E-02 3.19498E-02 3.70002E-02 4.98707E-02 6.18098E-02 7.23802E-02 9.06413E-02 1.06818E-01 1.21180E-01 1.33615E-01 1.46084E-01 1.54724E-01 1.63093E-01 1.71303E-01 1.76466E-01 1.82662E-01 1.87580E-01 1.93678E-01 1.95303E-01 2.00497E-01 2.07252E-01 2.08523E-01 2.09055E-01 2.10908E-01 2.13766E-01 2.20437E-01 2.18407E-01 2.20906E-01 2.24249E-01 2.30822E-01 2.21002E-01 2.33268E-01 2.35090E-01 2.57232E-01 2.32826E-01
