Yield function of production of Ti44 by protons, neutrons, alphas, pi+ and pi-, [(Ti44 atoms * cm2) / (g * prim. part. nucleon)] (computed with Geant4.10).
The primaries are protons.
Energy[GeV/nuc],depths[g/cm2]: 1 3 10 20 30 40 50 60 71.6
0.01 3.12418E-16 0.00000E+00 0.00000E+00 0.00000E+00 0.00000E+00 0.00000E+00 0.00000E+00 0.00000E+00 0.00000E+00
0.03 9.86019E-09 0.00000E+00 0.00000E+00 0.00000E+00 0.00000E+00 0.00000E+00 0.00000E+00 0.00000E+00 0.00000E+00
0.1 6.62977E-07 2.70674E-07 6.08626E-08 4.92271E-10 4.17281E-10 3.79293E-10 3.60046E-10 3.77168E-10 3.05715E-10
0.18 2.55512E-06 1.91793E-06 1.43981E-06 5.10975E-07 4.41158E-08 1.73095E-08 1.61585E-08 1.51126E-08 1.49944E-08
0.3 5.56199E-06 5.48544E-06 4.93825E-06 3.55421E-06 2.32225E-06 1.41882E-06 8.13836E-07 4.02169E-07 2.03075E-07
0.56 1.12045E-05 1.14873E-05 1.08995E-05 1.07052E-05 9.85054E-06 9.11867E-06 8.89099E-06 8.77236E-06 8.44064E-06
1.0 1.53131E-05 1.56857E-05 1.51856E-05 1.55722E-05 1.45647E-05 1.45984E-05 1.37939E-05 1.47692E-05 1.36615E-05
3.0 1.31375E-05 1.34612E-05 1.35558E-05 1.45517E-05 1.49694E-05 1.50907E-05 1.54085E-05 1.59812E-05 1.58602E-05
10.0 1.59760E-05 1.64262E-05 1.69053E-05 1.83952E-05 2.04311E-05 2.07424E-05 2.10918E-05 2.15718E-05 1.95623E-05
30.0 1.84180E-05 1.85970E-05 1.92250E-05 2.16164E-05 2.28681E-05 2.38862E-05 2.48342E-05 2.65458E-05 3.17850E-05
100.0 2.39522E-05 2.45300E-05 2.54263E-05 2.78869E-05 2.97111E-05 3.26221E-05 3.41984E-05 3.65919E-05 3.32076E-05
