Yield function of production of Ti44 by protons, neutrons, alphas, pi+ and pi-, [(Ti44 atoms * cm2) / (g * prim. part. nucleon)] (computed with Geant4.10).
The primaries are alphas.
Energy[GeV/nuc],depths[g/cm2]: 1 3 10 20 30 40 50 60 71.6
0.01 3.62580E-06 1.22711E-14 7.07517E-15 3.67891E-15 6.86402E-15 1.20587E-14 5.71801E-14 1.68117E-14 0.00000E+00
0.03 1.34298E-05 1.95178E-07 1.27182E-10 9.34265E-11 8.03670E-11 7.02609E-11 6.20797E-11 5.88147E-11 5.89539E-11
0.1 1.67260E-05 1.47290E-05 1.11138E-05 3.77857E-08 3.08554E-08 2.86658E-08 2.64913E-08 2.83750E-08 3.11470E-08
0.18 1.38616E-05 1.40067E-05 1.29286E-05 9.55945E-06 4.50886E-06 3.76277E-07 3.55992E-07 3.28629E-07 3.08701E-07
0.3 1.58421E-05 1.61375E-05 1.52289E-05 1.34460E-05 1.22051E-05 1.03075E-05 8.61755E-06 7.67650E-06 4.85641E-06
0.56 2.27454E-05 2.25481E-05 2.28185E-05 2.29840E-05 2.32663E-05 2.37450E-05 2.36728E-05 2.23505E-05 2.15911E-05
1.0 2.84143E-05 2.89959E-05 3.02038E-05 3.22755E-05 3.36923E-05 3.61485E-05 3.51812E-05 3.51436E-05 3.41339E-05
3.0 3.61316E-05 3.75948E-05 3.98502E-05 4.50432E-05 4.70254E-05 4.94984E-05 5.17673E-05 5.36105E-05 5.18582E-05
10.0 4.66773E-05 5.00368E-05 5.30354E-05 5.95350E-05 6.72488E-05 7.22723E-05 7.42293E-05 7.37385E-05 7.96194E-05
30.0 5.85953E-05 6.13471E-05 6.59934E-05 7.38778E-05 8.57228E-05 9.06292E-05 9.76389E-05 1.00016E-04 1.03313E-04
100.0 6.32341E-05 6.80883E-05 7.58357E-05 9.01373E-05 1.17642E-04 1.20429E-04 1.38959E-04 1.32732E-04 1.21603E-04
