Yield function of production of Ti44 by protons, neutrons, alphas, pi+ and pi-, [(Ti44 atoms * cm2) / (g * prim. part. nucleon)] (computed with Geant4.10).
The primaries are alphas.
Energy[GeV/nuc],depths[g/cm2]: 1 3 5 10 15 20 30 40 50 60 70 80 90 100 110 120 130 140 150 160 170 180 190 200 210 220 230 240 250 260 270 280 290 300 310 320 330 340 350 360 370 380 400 410 420 430 446.4
0.01 3.62294E-06 5.27123E-15 5.60382E-15 5.47879E-15 1.30825E-15 6.26018E-16 7.08039E-16 9.51279E-16 0.00000E+00 0.00000E+00 0.00000E+00 0.00000E+00 0.00000E+00 0.00000E+00 0.00000E+00 0.00000E+00 0.00000E+00 0.00000E+00 0.00000E+00 0.00000E+00 0.00000E+00 0.00000E+00 0.00000E+00 0.00000E+00 0.00000E+00 0.00000E+00 0.00000E+00 0.00000E+00 0.00000E+00 0.00000E+00 0.00000E+00 0.00000E+00 0.00000E+00 0.00000E+00 0.00000E+00 0.00000E+00 0.00000E+00 0.00000E+00 0.00000E+00 0.00000E+00 0.00000E+00 0.00000E+00 0.00000E+00 0.00000E+00 0.00000E+00 0.00000E+00 0.00000E+00
0.03 1.33811E-05 1.92998E-07 9.91120E-11 8.47317E-11 6.74442E-11 5.85462E-11 4.79294E-11 3.73448E-11 2.78703E-11 2.26066E-11 1.98307E-11 1.63943E-11 1.50341E-11 1.15186E-11 1.07589E-11 9.34851E-12 7.46900E-12 8.09804E-12 5.02601E-12 4.20404E-12 4.17988E-12 3.30286E-12 2.42795E-12 2.52720E-12 2.28415E-12 2.01834E-12 2.88075E-12 1.61215E-12 1.55539E-12 1.37423E-12 1.21161E-12 1.16515E-12 7.60300E-13 8.33055E-13 1.02709E-12 1.07217E-12 2.78503E-13 3.35853E-13 3.99455E-13 5.11535E-13 7.04768E-13 8.20781E-13 9.23042E-13 2.14610E-12 3.57979E-12 8.78615E-12 3.48191E-11
0.1 1.52410E-05 1.38439E-05 1.03411E-05 6.86210E-06 2.70751E-08 2.22525E-08 1.95222E-08 1.51470E-08 1.31569E-08 1.15479E-08 1.04659E-08 9.29553E-09 8.09367E-09 7.18864E-09 6.52047E-09 5.98838E-09 5.46268E-09 4.89684E-09 4.66748E-09 4.21049E-09 4.32198E-09 3.44011E-09 3.18452E-09 3.11405E-09 2.49069E-09 2.30441E-09 2.40874E-09 2.00101E-09 1.94696E-09 2.28966E-09 1.64490E-09 1.51464E-09 1.24999E-09 1.21935E-09 1.25896E-09 1.63022E-09 1.16162E-09 1.50296E-09 1.10315E-09 1.14531E-09 1.06033E-09 9.56957E-10 1.00280E-09 5.36541E-10 5.45149E-10 1.48952E-09 0.00000E+00
0.18 1.17896E-05 1.15470E-05 1.03547E-05 9.60707E-06 7.60015E-06 5.47864E-06 3.21775E-06 2.03898E-07 1.73572E-07 1.51989E-07 1.35060E-07 1.23098E-07 1.10282E-07 9.66795E-08 8.98814E-08 7.86797E-08 7.26361E-08 6.57278E-08 6.12989E-08 5.72572E-08 5.18579E-08 4.69896E-08 4.57420E-08 4.15686E-08 3.66391E-08 3.69496E-08 3.36784E-08 3.20839E-08 2.85661E-08 2.76810E-08 2.75172E-08 2.88375E-08 2.53812E-08 2.01267E-08 1.91402E-08 2.07008E-08 2.15195E-08 1.98759E-08 1.53294E-08 1.99688E-08 1.68123E-08 2.30634E-08 1.79620E-08 1.13076E-08 1.57502E-08 1.36859E-08 4.50293E-08
0.3 1.25505E-05 1.20367E-05 1.13497E-05 1.06130E-05 9.11228E-06 8.05438E-06 6.96975E-06 5.32970E-06 3.95948E-06 2.81278E-06 1.50230E-06 9.24852E-07 8.27956E-07 7.55040E-07 6.80004E-07 6.39322E-07 5.85989E-07 5.33498E-07 4.98327E-07 4.71503E-07 4.44842E-07 4.21706E-07 3.82140E-07 3.54342E-07 3.44226E-07 3.31760E-07 3.28670E-07 3.83860E-07 2.60964E-07 2.48724E-07 2.23330E-07 2.19622E-07 2.05735E-07 2.07603E-07 2.18505E-07 2.23531E-07 2.21169E-07 1.73555E-07 1.98662E-07 1.98331E-07 1.48844E-07 1.43964E-07 1.20312E-07 1.26873E-07 2.92730E-07 1.33362E-07 1.44129E-07
0.56 1.56207E-05 1.63361E-05 1.66633E-05 1.81729E-05 1.72011E-05 1.63696E-05 1.53712E-05 1.38963E-05 1.27184E-05 1.15468E-05 1.06319E-05 9.28616E-06 8.56658E-06 7.72943E-06 6.95330E-06 6.26053E-06 5.60637E-06 5.18562E-06 4.71914E-06 4.35874E-06 3.97877E-06 3.60290E-06 3.29786E-06 3.14479E-06 3.02200E-06 2.89011E-06 2.77129E-06 2.53838E-06 2.52517E-06 2.37755E-06 2.22735E-06 2.22398E-06 2.09699E-06 1.98597E-06 1.90092E-06 3.25403E-06 1.69328E-06 1.74290E-06 1.71705E-06 2.05368E-06 1.64954E-06 1.59537E-06 1.38526E-06 1.31524E-06 1.14366E-06 1.02108E-06 9.20745E-07
1.0 3.04237E-05 2.78830E-05 3.25664E-05 3.68534E-05 4.15989E-05 4.09330E-05 4.04820E-05 4.05841E-05 3.90154E-05 4.11078E-05 3.74255E-05 3.48377E-05 3.16411E-05 3.05921E-05 3.00140E-05 2.57950E-05 2.38678E-05 2.21834E-05 2.05367E-05 1.84798E-05 1.79730E-05 1.70420E-05 1.58671E-05 1.49633E-05 1.38360E-05 1.35055E-05 1.16392E-05 1.11077E-05 1.16207E-05 1.00407E-05 1.02977E-05 9.08099E-06 8.52438E-06 8.65930E-06 8.16931E-06 7.42838E-06 7.44783E-06 6.68264E-06 6.71276E-06 7.82036E-06 6.06478E-06 6.09449E-06 6.26240E-06 8.37883E-06 6.94292E-06 6.09240E-06 8.86783E-06
3.0 6.95437E-05 8.18267E-05 9.42263E-05 1.15384E-04 1.24005E-04 1.33745E-04 1.47715E-04 1.53709E-04 1.56552E-04 1.65496E-04 1.65562E-04 1.61600E-04 1.63783E-04 1.53060E-04 1.99784E-04 1.47020E-04 1.57225E-04 1.33569E-04 1.32172E-04 1.39566E-04 1.18420E-04 1.28200E-04 1.12684E-04 1.09397E-04 1.19020E-04 1.06905E-04 9.58867E-05 1.05108E-04 1.01796E-04 1.08476E-04 8.35344E-05 1.30023E-04 7.86857E-05 7.75351E-05 7.94000E-05 7.36065E-05 8.06329E-05 6.70245E-05 6.91861E-05 6.20377E-05 6.58933E-05 5.99486E-05 5.83762E-05 1.47396E-04 6.25465E-05 5.78282E-05 9.83406E-05
10.0 2.23524E-04 2.61027E-04 3.20881E-04 3.32289E-04 4.32196E-04 4.80061E-04 4.68312E-04 5.53397E-04 6.15956E-04 6.01681E-04 5.98370E-04 5.87194E-04 6.13910E-04 5.77766E-04 5.68357E-04 6.06792E-04 5.83593E-04 5.50139E-04 5.20069E-04 4.85683E-04 5.18204E-04 4.92711E-04 4.96308E-04 4.64303E-04 4.73772E-04 4.52431E-04 5.07982E-04 4.97330E-04 4.30917E-04 4.10238E-04 4.40288E-04 4.02026E-04 3.71151E-04 3.62657E-04 3.71699E-04 3.89595E-04 3.80901E-04 3.55522E-04 3.45940E-04 3.60781E-04 5.65907E-04 3.18459E-04 3.13170E-04 3.46619E-04 3.56251E-04 2.86196E-04 2.63450E-04
30.0 5.19434E-04 6.12684E-04 7.31382E-04 7.58162E-04 8.91941E-04 1.02573E-03 1.01928E-03 1.17611E-03 1.32392E-03 1.38328E-03 1.48068E-03 1.40490E-03 1.53727E-03 1.46654E-03 1.63565E-03 1.59584E-03 1.62333E-03 1.57770E-03 1.60633E-03 1.61024E-03 1.56848E-03 1.51071E-03 1.57366E-03 1.52286E-03 1.53825E-03 1.54189E-03 1.42860E-03 1.50642E-03 1.33564E-03 1.35305E-03 1.51042E-03 1.28272E-03 1.52717E-03 1.33072E-03 1.26362E-03 1.29054E-03 1.22483E-03 1.22562E-03 1.35828E-03 1.30098E-03 1.41189E-03 1.46469E-03 1.07999E-03 9.81565E-04 1.07415E-03 1.12523E-03 1.09042E-03
100.0 1.34661E-03 1.47001E-03 1.64647E-03 1.83800E-03 2.14673E-03 2.23812E-03 2.38777E-03 2.82987E-03 3.23349E-03 3.32075E-03 3.19478E-03 3.21977E-03 3.51141E-03 3.59803E-03 3.85197E-03 4.06119E-03 3.92365E-03 3.86937E-03 3.93985E-03 4.09963E-03 3.98834E-03 4.06146E-03 4.30326E-03 4.47299E-03 4.47041E-03 4.82723E-03 4.20825E-03 4.93107E-03 4.16311E-03 4.38966E-03 4.30483E-03 4.62720E-03 4.26183E-03 4.94791E-03 4.62509E-03 4.73380E-03 5.06109E-03 4.14979E-03 4.24981E-03 4.15614E-03 3.88532E-03 3.60744E-03 4.38900E-03 4.54784E-03 3.69520E-03 5.00404E-03 5.56332E-03
