Yield function of production of Ti44 by protons, neutrons, alphas, pi+ and pi-, [(Ti44 atoms * cm2) / (g * prim. part. nucleon)] (computed with Geant4.10).
The primaries are protons.
Energy[GeV/nuc],depths[g/cm2]: 1 3 5 10 15 20 30 40 50 60 70 80 90 100 110 120 130 140 150 160 170 180 190 200 210 220 230 240 250 260 270 280 290 300 310 320 330 340 350 360 370 380 400 410 420 430 446.4
0.01 0.00000E+00 0.00000E+00 0.00000E+00 0.00000E+00 0.00000E+00 0.00000E+00 0.00000E+00 0.00000E+00 0.00000E+00 0.00000E+00 0.00000E+00 0.00000E+00 0.00000E+00 0.00000E+00 0.00000E+00 0.00000E+00 0.00000E+00 0.00000E+00 0.00000E+00 0.00000E+00 0.00000E+00 0.00000E+00 0.00000E+00 0.00000E+00 0.00000E+00 0.00000E+00 0.00000E+00 0.00000E+00 0.00000E+00 0.00000E+00 0.00000E+00 0.00000E+00 0.00000E+00 0.00000E+00 0.00000E+00 0.00000E+00 0.00000E+00 0.00000E+00 0.00000E+00 0.00000E+00 0.00000E+00 0.00000E+00 0.00000E+00 0.00000E+00 0.00000E+00 0.00000E+00 0.00000E+00
0.03 9.86200E-09 1.85953E-16 1.88642E-16 1.91389E-16 1.98674E-16 8.19064E-17 8.41856E-17 9.03268E-17 9.58407E-17 1.01924E-16 0.00000E+00 0.00000E+00 0.00000E+00 0.00000E+00 0.00000E+00 0.00000E+00 0.00000E+00 0.00000E+00 0.00000E+00 0.00000E+00 0.00000E+00 0.00000E+00 0.00000E+00 0.00000E+00 0.00000E+00 0.00000E+00 0.00000E+00 0.00000E+00 0.00000E+00 0.00000E+00 0.00000E+00 0.00000E+00 0.00000E+00 0.00000E+00 0.00000E+00 0.00000E+00 0.00000E+00 0.00000E+00 0.00000E+00 0.00000E+00 0.00000E+00 0.00000E+00 0.00000E+00 0.00000E+00 0.00000E+00 0.00000E+00 0.00000E+00
0.1 6.42777E-07 2.62807E-07 5.74483E-08 2.40518E-08 3.58317E-10 3.02385E-10 2.73513E-10 2.08467E-10 1.88316E-10 1.36660E-10 1.17769E-10 9.90841E-11 8.20429E-11 7.38725E-11 5.65155E-11 4.86301E-11 4.12030E-11 3.42677E-11 3.22431E-11 2.95166E-11 2.53867E-11 2.25765E-11 1.85361E-11 1.59097E-11 1.51816E-11 2.53651E-11 1.60974E-11 1.38031E-11 1.00724E-11 7.28384E-12 6.14032E-12 5.54344E-12 4.87112E-12 4.87883E-12 2.44464E-12 1.92666E-12 1.81348E-12 1.78801E-12 4.04445E-12 1.63214E-12 2.32986E-12 3.11302E-12 1.63120E-12 1.13477E-12 2.45135E-12 3.95184E-12 0.00000E+00
0.18 2.24786E-06 1.66795E-06 1.28069E-06 9.39966E-07 4.25984E-07 1.50181E-07 2.97404E-08 9.60175E-09 8.17315E-09 8.32445E-09 6.25852E-09 5.48662E-09 5.28266E-09 4.50319E-09 3.95848E-09 3.62029E-09 3.31425E-09 2.89271E-09 2.59747E-09 2.48375E-09 2.05389E-09 1.98236E-09 1.71885E-09 1.65685E-09 1.76287E-09 1.41958E-09 1.35195E-09 1.10014E-09 1.02971E-09 1.20693E-09 1.14626E-09 1.09013E-09 1.03695E-09 1.16780E-09 7.68865E-10 6.37823E-10 7.51090E-10 7.43786E-10 6.12874E-10 5.31602E-10 5.41390E-10 4.57657E-10 6.31417E-10 3.75331E-10 2.53195E-10 4.86794E-10 2.56971E-10
0.3 4.78460E-06 4.59312E-06 3.83849E-06 3.33576E-06 2.52216E-06 1.90992E-06 1.45209E-06 7.87676E-07 3.73582E-07 1.53346E-07 8.24916E-08 6.95162E-08 6.23467E-08 5.51051E-08 4.96885E-08 4.53196E-08 4.16116E-08 4.01324E-08 3.71398E-08 3.35702E-08 3.06638E-08 2.92745E-08 2.64169E-08 2.59190E-08 2.51905E-08 2.25629E-08 2.19024E-08 2.04713E-08 1.83872E-08 1.98574E-08 1.77478E-08 1.38101E-08 1.38970E-08 1.24046E-08 1.56670E-08 1.29455E-08 1.21991E-08 1.15567E-08 1.35809E-08 1.74349E-08 1.36988E-08 9.46843E-09 1.10573E-08 8.41272E-09 6.07863E-09 9.73316E-10 4.71468E-09
0.56 8.48007E-06 7.90211E-06 7.65877E-06 7.55642E-06 6.93525E-06 6.21137E-06 5.50270E-06 4.52230E-06 3.75646E-06 3.06509E-06 2.54659E-06 2.10264E-06 1.73655E-06 1.42092E-06 1.14719E-06 9.12725E-07 7.35453E-07 5.89261E-07 4.70815E-07 3.94392E-07 3.75285E-07 3.03965E-07 2.84386E-07 2.70119E-07 2.58510E-07 2.40512E-07 2.19480E-07 2.26455E-07 2.11376E-07 2.37182E-07 1.83374E-07 1.79616E-07 1.78405E-07 1.76090E-07 1.56672E-07 1.71603E-07 1.67062E-07 1.60049E-07 1.35342E-07 1.41259E-07 1.32233E-07 1.51112E-07 1.39505E-07 1.48690E-07 9.37617E-08 1.64083E-07 1.40977E-07
1.0 1.04785E-05 1.03479E-05 1.05264E-05 1.02114E-05 9.92639E-06 8.97023E-06 8.71160E-06 8.22341E-06 7.24776E-06 6.74180E-06 6.24538E-06 5.76955E-06 5.27217E-06 4.90329E-06 4.36936E-06 4.21544E-06 3.84117E-06 3.40211E-06 3.16542E-06 3.11144E-06 2.66073E-06 2.46607E-06 2.30729E-06 2.20938E-06 1.92868E-06 1.80945E-06 1.67481E-06 1.51961E-06 1.41480E-06 1.33311E-06 1.19925E-06 1.24312E-06 1.10180E-06 1.03711E-06 9.39360E-07 9.10366E-07 8.56291E-07 7.52400E-07 7.80848E-07 7.39276E-07 7.52430E-07 7.21793E-07 6.35404E-07 6.63362E-07 9.23526E-07 6.52929E-07 7.56999E-07
3.0 9.34223E-06 9.70799E-06 9.79574E-06 1.06745E-05 1.03572E-05 1.08402E-05 1.10302E-05 1.11695E-05 1.11046E-05 1.09438E-05 1.08129E-05 1.08401E-05 1.04693E-05 1.02059E-05 1.02025E-05 9.90232E-06 9.92325E-06 9.49641E-06 9.20637E-06 9.03971E-06 8.82876E-06 8.73736E-06 8.55952E-06 8.12714E-06 7.88899E-06 7.76876E-06 8.03308E-06 7.61069E-06 7.41172E-06 7.38741E-06 7.37092E-06 7.18694E-06 6.93642E-06 6.84628E-06 6.68613E-06 6.33174E-06 6.78934E-06 6.16326E-06 7.04736E-06 6.59992E-06 5.65282E-06 6.20164E-06 6.31769E-06 4.68460E-06 4.46492E-06 5.24143E-06 3.33541E-06
10.0 1.35178E-05 1.42517E-05 1.45221E-05 1.72172E-05 1.63502E-05 1.78692E-05 1.73630E-05 1.81922E-05 1.94272E-05 1.98385E-05 2.05015E-05 1.96913E-05 2.22463E-05 2.02757E-05 2.01618E-05 2.01383E-05 2.04196E-05 2.09311E-05 2.00599E-05 2.00993E-05 1.96253E-05 2.00103E-05 1.89564E-05 1.96487E-05 1.91413E-05 1.96521E-05 1.98584E-05 1.89599E-05 1.87114E-05 1.87455E-05 1.83734E-05 1.79361E-05 1.86329E-05 1.72680E-05 1.75858E-05 1.68808E-05 1.73204E-05 1.79329E-05 1.71155E-05 1.67125E-05 2.03432E-05 1.88577E-05 1.74135E-05 1.74058E-05 1.54580E-05 1.77324E-05 1.57735E-05
30.0 2.10156E-05 2.17791E-05 2.24139E-05 2.36200E-05 2.60503E-05 2.66869E-05 2.76130E-05 2.97029E-05 3.24150E-05 3.29867E-05 3.46046E-05 3.60438E-05 3.70232E-05 3.74277E-05 4.30138E-05 3.85818E-05 3.98983E-05 4.04513E-05 4.08195E-05 4.09771E-05 4.10827E-05 4.30980E-05 4.12647E-05 4.17966E-05 4.22332E-05 4.26924E-05 4.24263E-05 4.19703E-05 4.26213E-05 4.22115E-05 4.34085E-05 4.30994E-05 4.36175E-05 4.32556E-05 4.41953E-05 4.29325E-05 4.55871E-05 4.24788E-05 4.43089E-05 4.26153E-05 4.19435E-05 4.25424E-05 4.41119E-05 4.68149E-05 5.07555E-05 4.18139E-05 3.87310E-05
100.0 3.94532E-05 4.18799E-05 4.26012E-05 4.41880E-05 4.81800E-05 4.97359E-05 5.55407E-05 5.88965E-05 6.31796E-05 6.60483E-05 7.15784E-05 7.40963E-05 7.75042E-05 8.01386E-05 8.41634E-05 8.55192E-05 8.68158E-05 8.79867E-05 9.07405E-05 8.85017E-05 9.06876E-05 9.47001E-05 9.07540E-05 9.03792E-05 9.92521E-05 9.99359E-05 9.22785E-05 9.34320E-05 9.39184E-05 9.65928E-05 9.55157E-05 9.47067E-05 9.32384E-05 9.42976E-05 9.62591E-05 9.54449E-05 9.58941E-05 1.02168E-04 9.69913E-05 9.36965E-05 9.66581E-05 1.32579E-04 8.84246E-05 9.80024E-05 8.11791E-05 8.49843E-05 7.64325E-05
