Yield function of production of Ti44 by protons, neutrons, alphas, pi+ and pi-, [(Ti44 atoms * cm2) / (g * prim. part. nucleon)] (computed with Geant4.10).
The primaries are alphas.
Energy[GeV/nuc],depths[g/cm2]: 1 3 5 10 15 20 30 40 50 60 70 80 90 100 110 120 130 140 150 160 170 180 190 200 210 220 230 240 250 260 270 280 290 300 310 320 330 340 350 360 370 380 400 410 420 430 446.4
0.01 3.62294E-06 5.27123E-15 5.60382E-15 5.47879E-15 1.30825E-15 6.26018E-16 7.08039E-16 9.51279E-16 0.00000E+00 0.00000E+00 0.00000E+00 0.00000E+00 0.00000E+00 0.00000E+00 0.00000E+00 0.00000E+00 0.00000E+00 0.00000E+00 0.00000E+00 0.00000E+00 0.00000E+00 0.00000E+00 0.00000E+00 0.00000E+00 0.00000E+00 0.00000E+00 0.00000E+00 0.00000E+00 0.00000E+00 0.00000E+00 0.00000E+00 0.00000E+00 0.00000E+00 0.00000E+00 0.00000E+00 0.00000E+00 0.00000E+00 0.00000E+00 0.00000E+00 0.00000E+00 0.00000E+00 0.00000E+00 0.00000E+00 0.00000E+00 0.00000E+00 0.00000E+00 0.00000E+00
0.03 1.33811E-05 1.92998E-07 9.91120E-11 8.47317E-11 6.74442E-11 5.85462E-11 4.79294E-11 3.73448E-11 2.78703E-11 2.26066E-11 1.98307E-11 1.63943E-11 1.50341E-11 1.15186E-11 1.07589E-11 9.34851E-12 7.46900E-12 8.09804E-12 5.02601E-12 4.20404E-12 4.17988E-12 3.30286E-12 2.42795E-12 2.52720E-12 2.28415E-12 2.01834E-12 2.88075E-12 1.61215E-12 1.55539E-12 1.37423E-12 1.21161E-12 1.16515E-12 7.60300E-13 8.33055E-13 1.02709E-12 1.07217E-12 2.78503E-13 3.35853E-13 3.99455E-13 5.11535E-13 7.04768E-13 8.20781E-13 9.23042E-13 2.14610E-12 3.57979E-12 8.78615E-12 3.48191E-11
0.1 1.52410E-05 1.38439E-05 1.03411E-05 6.86210E-06 2.70751E-08 2.22525E-08 1.95222E-08 1.51470E-08 1.31569E-08 1.15479E-08 1.04659E-08 9.29553E-09 8.09367E-09 7.18864E-09 6.52047E-09 5.98838E-09 5.46268E-09 4.89684E-09 4.66748E-09 4.21049E-09 4.32198E-09 3.44011E-09 3.18452E-09 3.11405E-09 2.49069E-09 2.30441E-09 2.40874E-09 2.00101E-09 1.94696E-09 2.28966E-09 1.64490E-09 1.51464E-09 1.24999E-09 1.21935E-09 1.25896E-09 1.63022E-09 1.16162E-09 1.50296E-09 1.10315E-09 1.14531E-09 1.06033E-09 9.56957E-10 1.00280E-09 5.36541E-10 5.45149E-10 1.48952E-09 0.00000E+00
0.18 1.17896E-05 1.15470E-05 1.03547E-05 9.60707E-06 7.60015E-06 5.47864E-06 3.21775E-06 2.03898E-07 1.73572E-07 1.51989E-07 1.35022E-07 1.23098E-07 1.10282E-07 9.66795E-08 8.98814E-08 7.86797E-08 7.26361E-08 6.57278E-08 6.12989E-08 5.72572E-08 5.18579E-08 4.69896E-08 4.57420E-08 4.15686E-08 3.66391E-08 3.69496E-08 3.36784E-08 3.20839E-08 2.85661E-08 2.76810E-08 2.75172E-08 2.88375E-08 2.53812E-08 2.01267E-08 1.91402E-08 2.07008E-08 2.15195E-08 1.98759E-08 1.53294E-08 1.99688E-08 1.68123E-08 2.30634E-08 1.79620E-08 1.13076E-08 1.57502E-08 1.36859E-08 4.50293E-08
0.3 1.25490E-05 1.20312E-05 1.13438E-05 1.06073E-05 9.10521E-06 8.04676E-06 6.95997E-06 5.32571E-06 3.95654E-06 2.80863E-06 1.49961E-06 9.23402E-07 8.25684E-07 7.52613E-07 6.77989E-07 6.37566E-07 5.84707E-07 5.33215E-07 4.98260E-07 4.71502E-07 4.44842E-07 4.21706E-07 3.79906E-07 3.52922E-07 3.42330E-07 3.31760E-07 3.28670E-07 3.83860E-07 2.59119E-07 2.48709E-07 2.23330E-07 2.19622E-07 2.05735E-07 2.07603E-07 2.18487E-07 2.22891E-07 2.21169E-07 1.73555E-07 1.98662E-07 1.98331E-07 1.48844E-07 1.43964E-07 1.20312E-07 1.26873E-07 2.92730E-07 1.33362E-07 1.44129E-07
0.56 1.45992E-05 1.49489E-05 1.47302E-05 1.53974E-05 1.43203E-05 1.44683E-05 1.36559E-05 1.24287E-05 1.15020E-05 1.06875E-05 9.69469E-06 8.73804E-06 8.11130E-06 7.27879E-06 6.55336E-06 5.98667E-06 5.41259E-06 4.99522E-06 4.52525E-06 4.17153E-06 3.85875E-06 3.50385E-06 3.24165E-06 3.06908E-06 2.94866E-06 2.80531E-06 2.69027E-06 2.46432E-06 2.46495E-06 2.29392E-06 2.17244E-06 2.13862E-06 2.02655E-06 1.94790E-06 1.85860E-06 3.22711E-06 1.67017E-06 1.73399E-06 1.66526E-06 1.92130E-06 1.58448E-06 1.55397E-06 1.22256E-06 1.31524E-06 1.14366E-06 1.02108E-06 9.20745E-07
1.0 1.78094E-05 1.85190E-05 1.91894E-05 2.04525E-05 2.13310E-05 2.17565E-05 2.19882E-05 2.20058E-05 2.15815E-05 2.16811E-05 2.04606E-05 1.96783E-05 1.92016E-05 1.79570E-05 1.72220E-05 1.60689E-05 1.57388E-05 1.47917E-05 1.39044E-05 1.30922E-05 1.27740E-05 1.22401E-05 1.12624E-05 1.09983E-05 1.04132E-05 9.74259E-06 9.14696E-06 8.80436E-06 9.55277E-06 8.11358E-06 8.49798E-06 7.30711E-06 7.12090E-06 6.95779E-06 6.70917E-06 6.31431E-06 6.16488E-06 5.89700E-06 5.66062E-06 6.32893E-06 5.33752E-06 5.20159E-06 5.21536E-06 7.53416E-06 5.82963E-06 5.25782E-06 5.02321E-06
3.0 2.64506E-05 2.84358E-05 2.98845E-05 3.09396E-05 3.28100E-05 3.48431E-05 3.77028E-05 3.85516E-05 4.06176E-05 4.09506E-05 4.03839E-05 4.09410E-05 4.06239E-05 4.04277E-05 4.02996E-05 3.96353E-05 3.84481E-05 3.85708E-05 3.70127E-05 3.80894E-05 3.62646E-05 3.67622E-05 3.50380E-05 3.55956E-05 3.44106E-05 3.39787E-05 3.27098E-05 3.23638E-05 3.05170E-05 3.02136E-05 2.92792E-05 2.79315E-05 2.85486E-05 2.78233E-05 2.81258E-05 2.73439E-05 2.66888E-05 2.64340E-05 2.69667E-05 2.55619E-05 2.46834E-05 2.58020E-05 2.57763E-05 2.48481E-05 2.51883E-05 2.62920E-05 2.67126E-05
10.0 4.37818E-05 4.60098E-05 4.93126E-05 5.27300E-05 5.70989E-05 6.10123E-05 6.42538E-05 7.17412E-05 7.41234E-05 7.65826E-05 7.72114E-05 7.86964E-05 7.96526E-05 7.95011E-05 7.87512E-05 8.14447E-05 8.02246E-05 7.87599E-05 7.86553E-05 7.76648E-05 7.75986E-05 7.79835E-05 7.71262E-05 7.57698E-05 7.87393E-05 7.51372E-05 7.82479E-05 7.59070E-05 7.52817E-05 7.38461E-05 7.27063E-05 7.32809E-05 7.45885E-05 7.23602E-05 6.87820E-05 6.82290E-05 6.93696E-05 7.15633E-05 6.69812E-05 7.08522E-05 6.72850E-05 6.81278E-05 7.28740E-05 7.40067E-05 6.93094E-05 6.42621E-05 6.88313E-05
30.0 7.12239E-05 7.62957E-05 8.10052E-05 8.38692E-05 9.34086E-05 1.00534E-04 1.04293E-04 1.20012E-04 1.21955E-04 1.34088E-04 1.37798E-04 1.40686E-04 1.45304E-04 1.53583E-04 1.57332E-04 1.59114E-04 1.65808E-04 1.61092E-04 1.65281E-04 1.65632E-04 1.66047E-04 1.69148E-04 1.74257E-04 1.69283E-04 1.67659E-04 1.69438E-04 1.69653E-04 1.67353E-04 1.70998E-04 1.67396E-04 1.62905E-04 1.63958E-04 1.67334E-04 1.68009E-04 1.63894E-04 1.94283E-04 1.67966E-04 1.65643E-04 1.71219E-04 1.66334E-04 1.58132E-04 1.55329E-04 1.69278E-04 1.53625E-04 1.53753E-04 1.50038E-04 1.59080E-04
100.0 1.33104E-04 1.46408E-04 1.49726E-04 1.57345E-04 1.73955E-04 1.91079E-04 2.02163E-04 2.25801E-04 2.46248E-04 2.60894E-04 2.69777E-04 2.80912E-04 2.98485E-04 3.03528E-04 3.15167E-04 3.26577E-04 3.34345E-04 3.36227E-04 3.64904E-04 3.68570E-04 3.71763E-04 3.95498E-04 3.92677E-04 3.94267E-04 3.98218E-04 4.05988E-04 4.09478E-04 3.98332E-04 4.15022E-04 4.24607E-04 4.29681E-04 4.40199E-04 4.31438E-04 4.32428E-04 4.35745E-04 4.24450E-04 4.51472E-04 4.36938E-04 4.06159E-04 4.24178E-04 4.05680E-04 4.09044E-04 4.29910E-04 3.66296E-04 4.36645E-04 3.79236E-04 3.72900E-04
