Yield function of production of Ti44 by protons, neutrons, alphas, pi+ and pi-, [(Ti44 atoms * cm2) / (g * prim. part. nucleon)] (computed with Geant4.10).
The primaries are protons.
Energy[GeV/nuc],depths[g/cm2]: 1 3 5 10 15 20 30 40 50 60 70 80 90 100 110 120 130 140 150 160 170 180 190 200 210 220 230 240 250 260 270 280 290 300 310 320 330 340 350 360 370 380 400 410 420 430 446.4
0.01 0.00000E+00 0.00000E+00 0.00000E+00 0.00000E+00 0.00000E+00 0.00000E+00 0.00000E+00 0.00000E+00 0.00000E+00 0.00000E+00 0.00000E+00 0.00000E+00 0.00000E+00 0.00000E+00 0.00000E+00 0.00000E+00 0.00000E+00 0.00000E+00 0.00000E+00 0.00000E+00 0.00000E+00 0.00000E+00 0.00000E+00 0.00000E+00 0.00000E+00 0.00000E+00 0.00000E+00 0.00000E+00 0.00000E+00 0.00000E+00 0.00000E+00 0.00000E+00 0.00000E+00 0.00000E+00 0.00000E+00 0.00000E+00 0.00000E+00 0.00000E+00 0.00000E+00 0.00000E+00 0.00000E+00 0.00000E+00 0.00000E+00 0.00000E+00 0.00000E+00 0.00000E+00 0.00000E+00
0.03 9.86200E-09 1.85953E-16 1.88642E-16 1.91389E-16 1.98674E-16 8.19064E-17 8.41856E-17 9.03268E-17 9.58407E-17 1.01924E-16 0.00000E+00 0.00000E+00 0.00000E+00 0.00000E+00 0.00000E+00 0.00000E+00 0.00000E+00 0.00000E+00 0.00000E+00 0.00000E+00 0.00000E+00 0.00000E+00 0.00000E+00 0.00000E+00 0.00000E+00 0.00000E+00 0.00000E+00 0.00000E+00 0.00000E+00 0.00000E+00 0.00000E+00 0.00000E+00 0.00000E+00 0.00000E+00 0.00000E+00 0.00000E+00 0.00000E+00 0.00000E+00 0.00000E+00 0.00000E+00 0.00000E+00 0.00000E+00 0.00000E+00 0.00000E+00 0.00000E+00 0.00000E+00 0.00000E+00
0.1 6.42777E-07 2.62807E-07 5.74483E-08 2.40518E-08 3.58317E-10 3.02385E-10 2.73513E-10 2.08467E-10 1.88316E-10 1.36660E-10 1.17769E-10 9.90841E-11 8.20429E-11 7.38725E-11 5.65155E-11 4.86301E-11 4.12030E-11 3.42677E-11 3.22431E-11 2.95166E-11 2.53867E-11 2.25765E-11 1.85361E-11 1.59097E-11 1.51816E-11 2.53651E-11 1.60974E-11 1.38031E-11 1.00724E-11 7.28384E-12 6.14032E-12 5.54344E-12 4.87112E-12 4.87883E-12 2.44464E-12 1.92666E-12 1.81348E-12 1.78801E-12 4.04445E-12 1.63214E-12 2.32986E-12 3.11302E-12 1.63120E-12 1.13477E-12 2.45135E-12 3.95184E-12 0.00000E+00
0.18 2.24786E-06 1.66795E-06 1.28069E-06 9.39966E-07 4.25984E-07 1.50181E-07 2.97404E-08 9.60175E-09 8.17315E-09 8.32445E-09 6.25852E-09 5.48662E-09 5.28266E-09 4.50319E-09 3.95848E-09 3.62029E-09 3.31425E-09 2.89271E-09 2.59747E-09 2.48375E-09 2.05389E-09 1.98236E-09 1.71885E-09 1.65685E-09 1.76287E-09 1.41958E-09 1.35195E-09 1.10014E-09 1.02971E-09 1.20693E-09 1.14626E-09 1.09013E-09 1.03695E-09 1.16780E-09 7.68865E-10 6.37823E-10 7.51090E-10 7.43786E-10 6.12874E-10 5.31602E-10 5.41390E-10 4.57657E-10 6.31417E-10 3.75331E-10 2.53195E-10 4.86794E-10 2.56971E-10
0.3 4.78478E-06 4.59400E-06 3.83905E-06 3.33576E-06 2.52216E-06 1.90992E-06 1.45210E-06 7.87676E-07 3.73582E-07 1.53346E-07 8.24916E-08 6.95162E-08 6.23467E-08 5.51051E-08 4.96885E-08 4.53196E-08 4.16116E-08 4.01324E-08 3.71398E-08 3.35702E-08 3.06638E-08 2.92745E-08 2.64169E-08 2.59190E-08 2.51905E-08 2.25629E-08 2.19024E-08 2.04713E-08 1.83872E-08 1.98574E-08 1.77478E-08 1.38101E-08 1.38970E-08 1.24046E-08 1.56670E-08 1.29455E-08 1.21991E-08 1.15567E-08 1.35809E-08 1.74349E-08 1.36988E-08 9.46843E-09 1.10573E-08 8.41272E-09 6.07863E-09 9.73316E-10 4.71468E-09
0.56 8.87129E-06 8.59089E-06 8.40171E-06 8.22334E-06 7.57435E-06 7.16942E-06 6.09139E-06 4.99309E-06 4.05316E-06 3.62003E-06 2.65923E-06 2.18082E-06 1.77666E-06 1.44003E-06 1.15856E-06 9.21002E-07 7.41396E-07 6.03565E-07 4.72546E-07 3.95534E-07 3.75285E-07 3.04067E-07 2.86546E-07 2.70270E-07 2.58510E-07 2.40512E-07 2.19480E-07 2.26567E-07 2.12266E-07 2.37182E-07 1.83374E-07 1.79616E-07 1.78405E-07 1.79467E-07 1.56672E-07 1.74660E-07 1.67062E-07 1.60049E-07 1.35342E-07 1.41259E-07 1.32233E-07 1.51112E-07 1.39505E-07 1.48690E-07 9.37617E-08 1.64083E-07 1.40977E-07
1.0 1.29602E-05 1.41240E-05 1.46490E-05 1.47685E-05 1.52920E-05 1.54478E-05 1.67265E-05 1.41179E-05 1.29866E-05 1.23559E-05 1.03408E-05 9.42057E-06 8.89086E-06 8.02535E-06 7.22943E-06 8.83588E-06 5.64195E-06 4.87397E-06 4.47270E-06 4.34139E-06 3.63268E-06 3.27063E-06 2.93399E-06 2.81791E-06 2.38149E-06 2.19586E-06 1.93650E-06 1.72898E-06 1.60732E-06 1.65458E-06 1.32893E-06 1.30821E-06 1.39183E-06 1.08437E-06 9.74298E-07 9.51273E-07 9.14971E-07 7.71644E-07 8.25413E-07 7.77896E-07 7.67907E-07 7.21998E-07 6.35404E-07 6.63362E-07 9.23526E-07 6.52929E-07 7.56999E-07
3.0 2.17751E-05 2.52908E-05 3.32713E-05 3.30707E-05 3.66023E-05 4.01529E-05 4.25018E-05 3.94946E-05 4.12574E-05 4.22901E-05 4.07888E-05 4.01839E-05 4.68868E-05 3.81449E-05 3.68296E-05 3.66604E-05 3.75724E-05 3.70622E-05 4.30152E-05 3.26201E-05 2.94452E-05 2.98680E-05 2.72345E-05 2.66650E-05 2.54344E-05 3.26328E-05 3.17392E-05 2.34557E-05 2.52732E-05 2.21051E-05 2.18284E-05 2.02159E-05 1.85443E-05 1.85310E-05 1.74815E-05 1.75271E-05 1.79934E-05 1.92466E-05 1.68328E-05 2.81651E-05 1.50780E-05 1.38507E-05 1.26789E-05 1.34242E-05 1.30517E-05 1.82115E-05 1.11206E-05
10.0 5.78823E-05 6.67501E-05 7.60957E-05 9.52685E-05 1.08972E-04 1.12049E-04 1.22314E-04 1.29160E-04 1.41363E-04 1.48194E-04 1.38371E-04 1.41099E-04 1.43305E-04 1.49086E-04 1.58572E-04 1.43106E-04 1.33897E-04 1.27690E-04 1.29084E-04 1.38054E-04 1.40322E-04 1.14293E-04 1.12681E-04 1.14166E-04 1.19093E-04 1.18105E-04 1.05224E-04 1.07466E-04 1.01780E-04 1.04840E-04 9.52268E-05 9.95227E-05 9.46322E-05 9.80696E-05 9.54020E-05 1.49148E-04 9.43786E-05 1.43043E-04 8.45572E-05 9.22925E-05 2.01645E-04 7.69021E-05 9.41218E-05 7.07765E-05 7.53396E-05 9.02891E-05 4.14107E-05
30.0 1.38159E-04 1.51011E-04 1.74182E-04 1.86959E-04 2.34836E-04 2.46005E-04 2.55396E-04 2.85730E-04 3.23663E-04 3.32227E-04 3.45109E-04 3.59360E-04 3.49536E-04 3.63551E-04 3.75129E-04 3.56974E-04 3.71195E-04 3.79349E-04 3.81876E-04 3.91935E-04 4.21065E-04 3.69211E-04 3.76603E-04 3.61573E-04 3.88512E-04 3.77636E-04 3.38226E-04 3.81663E-04 3.62490E-04 3.44015E-04 3.46371E-04 3.48122E-04 3.47345E-04 3.49686E-04 4.20599E-04 3.86991E-04 3.35257E-04 3.38199E-04 3.42798E-04 3.35236E-04 3.29841E-04 3.85925E-04 8.44526E-04 3.17042E-04 3.70443E-04 3.27150E-04 2.67487E-04
100.0 3.45226E-04 3.68753E-04 4.01577E-04 4.27203E-04 5.60353E-04 5.42192E-04 6.36369E-04 6.62062E-04 7.29187E-04 8.69213E-04 8.64918E-04 9.23996E-04 8.92703E-04 9.34671E-04 1.02941E-03 1.01246E-03 9.83628E-04 9.52792E-04 1.00666E-03 1.08708E-03 1.14800E-03 1.09341E-03 9.87104E-04 1.01193E-03 1.04224E-03 9.84475E-04 9.82978E-04 9.58787E-04 1.01406E-03 1.00132E-03 9.63693E-04 1.36746E-03 1.01304E-03 9.46627E-04 1.00241E-03 9.77462E-04 9.36119E-04 9.21493E-04 9.62920E-04 9.07809E-04 8.59315E-04 8.73473E-04 9.93616E-04 9.04937E-04 8.93991E-04 8.90437E-04 8.28808E-04
