Yield function of production of Ti44 by protons, neutrons, alphas, pi+ and pi-, [(Ti44 atoms * cm2) / (g * prim. part. nucleon)] (computed with Geant4.10).
The primaries are alphas.
Energy[GeV/nuc],depths[g/cm2]: 1 3 10 20 30 40 50 60 70 80 90 100 110 120 130 143.2
0.01 3.62525E-06 4.28842E-15 4.61095E-15 6.42926E-15 6.10948E-15 4.53484E-16 3.69110E-16 1.82134E-15 0.00000E+00 0.00000E+00 0.00000E+00 0.00000E+00 0.00000E+00 0.00000E+00 0.00000E+00 0.00000E+00
0.03 1.34938E-05 1.99571E-07 1.05574E-10 7.47924E-11 5.90676E-11 4.85435E-11 4.42953E-11 3.66792E-11 3.27247E-11 2.91173E-11 2.61728E-11 2.60617E-11 3.03540E-11 2.47435E-11 1.75727E-11 2.24450E-11
0.1 1.57629E-05 1.41918E-05 1.06646E-05 3.27052E-08 2.51409E-08 2.18594E-08 2.01252E-08 1.80342E-08 1.71792E-08 1.63519E-08 1.60215E-08 1.47160E-08 1.43968E-08 1.42881E-08 1.36008E-08 1.29875E-08
0.3 1.39800E-05 1.37623E-05 1.31790E-05 1.12249E-05 8.79070E-06 6.98476E-06 5.53606E-06 4.11806E-06 2.43748E-06 1.71478E-06 1.65558E-06 1.58110E-06 1.49810E-06 1.47693E-06 1.43469E-06 1.47253E-06
1.0 2.56012E-05 2.72442E-05 2.77318E-05 2.99601E-05 3.15281E-05 3.26752E-05 3.32307E-05 3.32745E-05 3.35618E-05 3.33594E-05 3.33837E-05 3.38080E-05 3.24364E-05 3.31447E-05 3.33612E-05 3.21398E-05
3.0 3.77683E-05 3.97057E-05 4.14152E-05 4.60877E-05 5.05204E-05 5.39188E-05 5.62167E-05 5.76107E-05 5.92651E-05 5.90706E-05 6.10922E-05 6.05586E-05 6.38585E-05 6.11664E-05 6.16344E-05 6.11172E-05
10.0 5.54266E-05 5.92564E-05 6.27986E-05 7.07336E-05 7.84261E-05 8.45363E-05 9.16691E-05 9.11968E-05 9.41247E-05 9.93791E-05 9.85180E-05 1.01852E-04 1.03927E-04 1.01188E-04 1.02878E-04 9.84984E-05
30.0 8.26593E-05 8.58399E-05 8.98060E-05 1.01777E-04 1.14773E-04 1.26673E-04 1.32254E-04 1.39473E-04 1.45213E-04 1.49456E-04 1.57011E-04 1.55971E-04 1.58292E-04 1.64593E-04 1.77342E-04 1.51647E-04
100.0 1.18341E-04 1.25004E-04 1.32713E-04 1.54189E-04 1.75977E-04 1.95470E-04 2.11228E-04 2.23201E-04 2.27179E-04 2.33235E-04 2.36851E-04 2.51037E-04 2.44702E-04 2.39323E-04 2.44091E-04 2.79547E-04
