Yield function of production of Ti44 by protons, neutrons, alphas, pi+ and pi-, [(Ti44 atoms * cm2) / (g * prim. part. nucleon)] (computed with Geant4.10).
The primaries are protons.
Energy[GeV/nuc],depths[g/cm2]: 1 3 10 20 30 40 50 60 70 80 90 100 110 120 130 143.2
0.01 2.13543E-17 0.00000E+00 0.00000E+00 0.00000E+00 0.00000E+00 0.00000E+00 0.00000E+00 0.00000E+00 0.00000E+00 0.00000E+00 0.00000E+00 0.00000E+00 0.00000E+00 0.00000E+00 0.00000E+00 0.00000E+00
0.03 9.58303E-09 3.08985E-17 3.22711E-17 3.80700E-17 6.86273E-16 7.69271E-17 2.21291E-16 0.00000E+00 0.00000E+00 0.00000E+00 0.00000E+00 0.00000E+00 0.00000E+00 0.00000E+00 0.00000E+00 0.00000E+00
0.1 6.47798E-07 2.64093E-07 5.78144E-08 4.09766E-10 3.15056E-10 2.67592E-10 2.25945E-10 2.03546E-10 1.77535E-10 1.53446E-10 1.46080E-10 1.37628E-10 1.24755E-10 1.29693E-10 9.87032E-11 1.20277E-10
0.3 5.28965E-06 5.15391E-06 4.46510E-06 2.89716E-06 1.71813E-06 9.83886E-07 5.08711E-07 2.36759E-07 1.33786E-07 1.25423E-07 1.20575E-07 1.24157E-07 1.05438E-07 1.07617E-07 9.06867E-08 8.77349E-08
1.0 1.34643E-05 1.34943E-05 1.37618E-05 1.31483E-05 1.22347E-05 1.17949E-05 1.11666E-05 1.08662E-05 1.05173E-05 1.02039E-05 1.03540E-05 9.75771E-06 9.42120E-06 9.25208E-06 9.13970E-06 9.35710E-06
3.0 1.28598E-05 1.32442E-05 1.34883E-05 1.42656E-05 1.45924E-05 1.50724E-05 1.55675E-05 1.55427E-05 1.55168E-05 1.62554E-05 1.60926E-05 1.59423E-05 1.58506E-05 1.60095E-05 1.58876E-05 1.85707E-05
10.0 1.73178E-05 1.79429E-05 1.86554E-05 2.02614E-05 2.14365E-05 2.26592E-05 2.36765E-05 2.46433E-05 2.45894E-05 2.46554E-05 2.53346E-05 2.50303E-05 2.66160E-05 2.54941E-05 2.72934E-05 2.66258E-05
30.0 2.30290E-05 2.36782E-05 2.45783E-05 2.74247E-05 2.91542E-05 3.14582E-05 3.29062E-05 3.40055E-05 3.48342E-05 3.58271E-05 3.73809E-05 3.77630E-05 3.80105E-05 3.92305E-05 3.82112E-05 3.70211E-05
100.0 3.55252E-05 3.66227E-05 3.79289E-05 4.16245E-05 4.68267E-05 4.94768E-05 5.27813E-05 5.54789E-05 5.81885E-05 5.84651E-05 6.46820E-05 6.78944E-05 6.44120E-05 7.34136E-05 7.15329E-05 6.99817E-05
