Yield function of production of Ti44 by protons, neutrons, alphas, pi+ and pi-, [(Ti44 atoms * cm2) / (g * prim. part. nucleon)] (computed with Geant4.10).
The primaries are protons.
Energy[GeV/nuc],depths[g/cm2]: 1 3 5 10 15 20 30 40 50 60 70 80 90 100 110 120 130 142.4
0.01 1.06279E-04 2.43893E-08 1.84895E-08 1.75178E-08 1.65811E-08 1.64619E-08 1.58578E-08 1.50563E-08 1.17825E-08 1.07158E-08 8.32334E-09 7.36429E-09 6.66398E-09 5.18542E-09 5.76042E-09 3.22454E-09 3.60940E-09 3.83274E-09
0.03 1.07844E-04 1.37359E-05 3.78670E-07 3.48817E-07 3.30976E-07 3.21535E-07 3.20233E-07 2.90388E-07 2.60519E-07 2.27684E-07 2.11486E-07 1.77012E-07 1.43973E-07 1.25788E-07 1.32805E-07 9.48097E-08 7.88981E-08 7.85902E-08
0.1 1.19426E-04 1.09059E-04 8.56740E-05 6.37449E-05 1.22081E-05 1.19158E-05 1.22300E-05 1.14128E-05 1.10903E-05 1.04368E-05 9.32897E-06 9.04172E-06 8.10676E-06 7.43136E-06 7.20989E-06 7.70607E-06 7.81627E-06 5.68230E-06
0.18 2.96836E-05 4.76261E-05 6.00920E-05 7.06480E-05 9.85298E-05 1.01799E-04 8.37642E-05 5.67437E-05 5.47137E-05 5.42413E-05 5.08831E-05 4.85333E-05 4.67949E-05 4.42498E-05 4.15282E-05 4.01874E-05 3.60990E-05 3.21526E-05
0.3 5.60574E-05 6.86824E-05 8.67911E-05 1.02713E-04 1.30407E-04 1.55344E-04 1.71284E-04 1.97639E-04 2.07528E-04 2.14582E-04 1.93547E-04 1.78995E-04 1.77268E-04 1.70047E-04 1.74903E-04 1.71501E-04 1.60049E-04 1.56501E-04
0.56 1.16314E-04 1.41243E-04 1.75730E-04 2.02658E-04 2.66862E-04 3.24279E-04 3.70701E-04 4.50317E-04 5.18110E-04 5.57998E-04 5.91424E-04 6.31995E-04 6.43146E-04 6.71118E-04 6.96196E-04 7.02800E-04 6.84189E-04 6.15302E-04
1.0 1.97757E-04 2.38279E-04 2.97782E-04 3.50666E-04 4.57541E-04 5.58542E-04 6.44262E-04 8.01826E-04 9.19199E-04 1.01408E-03 1.10761E-03 1.13867E-03 1.19810E-03 1.24524E-03 1.30424E-03 1.29462E-03 1.29707E-03 1.25692E-03
3.0 4.08496E-04 4.89761E-04 6.14726E-04 7.12433E-04 9.59130E-04 1.16495E-03 1.37787E-03 1.74553E-03 2.03266E-03 2.28427E-03 2.49658E-03 2.65712E-03 2.79243E-03 2.92616E-03 3.07514E-03 3.09905E-03 2.94035E-03 3.27403E-03
10.0 1.01683E-03 1.21033E-03 1.50947E-03 1.75597E-03 2.31623E-03 2.88232E-03 3.38125E-03 4.28370E-03 4.96770E-03 5.64863E-03 6.17124E-03 6.47170E-03 6.90429E-03 7.16066E-03 7.49756E-03 7.68801E-03 7.92847E-03 7.44457E-03
30.0 1.69384E-03 2.00931E-03 2.50048E-03 2.95120E-03 3.99945E-03 4.94275E-03 5.78643E-03 7.39061E-03 8.77633E-03 9.96575E-03 1.10545E-02 1.18716E-02 1.27736E-02 1.33416E-02 1.36548E-02 1.39987E-02 1.41419E-02 1.45879E-02
100.0 3.33672E-03 4.04290E-03 4.97113E-03 5.86419E-03 7.78808E-03 9.73779E-03 1.14975E-02 1.45391E-02 1.74181E-02 1.98698E-02 2.19869E-02 2.37235E-02 2.55112E-02 2.66178E-02 2.77773E-02 2.82980E-02 2.96759E-02 3.04178E-02
