Yield function of production of Ti44 by protons, neutrons, alphas, pi+ and pi-, [(Ti44 atoms * cm2) / (g * prim. part. nucleon)] (computed with Geant4.10).
The primaries are alphas.
Energy[GeV/nuc],depths[g/cm2]: 1 3 5 10 15 20 30 40 50 60 70 80 90 100 110 120 130 142.4
0.01 1.75515E-04 2.04721E-07 1.81754E-07 1.69399E-07 1.64008E-07 1.61169E-07 1.66838E-07 1.43117E-07 1.22085E-07 1.08844E-07 1.02680E-07 7.76753E-08 7.90280E-08 5.82799E-08 5.59444E-08 4.69349E-08 5.60062E-08 5.64390E-08
0.03 1.79177E-04 2.69609E-05 3.08093E-06 2.96726E-06 2.94759E-06 2.95091E-06 2.92736E-06 2.85171E-06 2.69277E-06 2.47765E-06 2.31019E-06 2.02824E-06 1.87729E-06 1.71942E-06 1.66190E-06 1.56041E-06 1.26958E-06 1.62021E-06
0.1 3.05552E-04 2.81401E-04 2.35494E-04 1.86748E-04 8.11537E-05 8.30732E-05 8.40299E-05 8.56087E-05 8.55186E-05 8.35887E-05 7.99264E-05 7.56340E-05 7.18202E-05 7.01907E-05 6.76742E-05 6.44366E-05 6.40369E-05 6.24339E-05
0.18 3.92750E-04 4.00511E-04 4.10134E-04 4.12800E-04 4.14232E-04 4.04506E-04 3.85979E-04 3.53180E-04 3.59389E-04 3.58355E-04 3.57491E-04 3.53457E-04 3.38838E-04 3.27106E-04 3.25614E-04 3.28700E-04 3.03582E-04 3.26007E-04
0.3 2.77431E-04 3.73557E-04 5.04595E-04 6.24143E-04 7.66935E-04 8.52329E-04 9.20800E-04 1.04668E-03 1.11622E-03 1.13531E-03 1.13197E-03 1.14426E-03 1.13661E-03 1.11937E-03 1.12328E-03 1.06867E-03 1.09460E-03 1.04374E-03
0.56 5.01339E-04 6.06297E-04 7.44106E-04 8.73734E-04 1.15836E-03 1.40485E-03 1.63120E-03 2.02440E-03 2.32760E-03 2.57946E-03 2.77443E-03 2.94217E-03 3.08158E-03 3.14358E-03 3.19310E-03 3.23434E-03 3.30440E-03 3.14698E-03
1.0 8.16121E-04 9.82320E-04 1.22457E-03 1.42885E-03 1.89751E-03 2.32100E-03 2.69831E-03 3.37931E-03 3.92439E-03 4.38684E-03 4.78457E-03 5.13975E-03 5.40037E-03 5.50125E-03 5.66436E-03 5.79228E-03 5.82459E-03 5.77841E-03
3.0 1.66771E-03 2.00551E-03 2.49079E-03 2.92053E-03 3.90902E-03 4.79106E-03 5.58678E-03 7.02490E-03 8.23135E-03 9.25517E-03 1.00531E-02 1.08491E-02 1.14295E-02 1.18704E-02 1.23199E-02 1.26123E-02 1.26442E-02 1.35431E-02
10.0 3.71557E-03 4.45416E-03 5.53427E-03 6.48391E-03 8.67823E-03 1.06819E-02 1.26394E-02 1.60474E-02 1.89774E-02 2.16446E-02 2.37754E-02 2.56800E-02 2.70193E-02 2.77864E-02 2.90056E-02 3.00301E-02 2.97532E-02 3.01287E-02
30.0 7.16629E-03 8.51839E-03 1.05868E-02 1.24734E-02 1.67152E-02 2.09940E-02 2.46396E-02 3.15794E-02 3.73163E-02 4.25106E-02 4.70565E-02 5.06178E-02 5.36166E-02 5.62765E-02 5.89561E-02 6.00882E-02 6.05482E-02 6.25697E-02
100.0 1.40734E-02 1.68909E-02 2.08413E-02 2.45443E-02 3.31863E-02 4.07711E-02 4.86499E-02 6.13540E-02 7.32802E-02 8.31154E-02 9.18541E-02 9.87849E-02 1.05593E-01 1.10793E-01 1.14553E-01 1.19282E-01 1.15038E-01 1.19407E-01
