Yield function of production of Ti44 by protons, neutrons, alphas, pi+ and pi-, [(Ti44 atoms * cm2) / (g * prim. part. nucleon)] (computed with Geant4.10).
The primaries are alphas.
Energy[GeV/nuc],depths[g/cm2]: 1 3 5 10 15 20 30 44.64
0.01 3.62117E-06 8.09881E-15 4.35873E-15 5.24000E-15 4.47052E-15 5.08370E-15 2.76814E-15 1.45983E-14
0.03 1.35838E-05 1.96573E-07 1.28405E-10 1.11032E-10 1.01955E-10 9.05469E-11 8.63654E-11 7.90020E-11
0.1 1.68459E-05 1.56076E-05 1.16907E-05 7.96784E-06 4.22619E-08 3.64879E-08 3.32291E-08 3.15568E-08
0.18 1.49722E-05 1.53100E-05 1.40519E-05 1.32822E-05 1.12698E-05 8.93253E-06 5.96145E-06 4.81322E-07
0.3 1.83128E-05 1.80176E-05 1.77588E-05 1.73072E-05 1.64714E-05 1.60345E-05 1.61492E-05 1.68567E-05
0.56 2.33652E-05 2.33606E-05 2.34880E-05 2.38420E-05 2.40929E-05 2.40764E-05 2.51104E-05 2.36909E-05
1.0 2.79372E-05 2.83958E-05 2.94343E-05 3.03042E-05 3.14387E-05 3.18837E-05 3.35446E-05 3.35456E-05
3.0 3.38472E-05 3.51484E-05 3.67475E-05 3.82307E-05 4.03834E-05 4.13177E-05 4.27837E-05 4.47956E-05
10.0 3.99918E-05 4.25739E-05 4.49155E-05 4.70338E-05 5.12638E-05 5.28598E-05 5.42854E-05 5.58028E-05
30.0 4.64762E-05 4.96951E-05 5.26904E-05 5.52616E-05 5.97182E-05 6.27295E-05 6.56353E-05 7.04498E-05
100.0 3.73481E-05 4.13924E-05 4.90998E-05 5.22642E-05 6.28451E-05 6.27502E-05 7.13762E-05 8.25553E-05
