Yield function of production of Ti44 by protons, neutrons, alphas, pi+ and pi-, [(Ti44 atoms * cm2) / (g * prim. part. nucleon)] (computed with Geant4.10).
The primaries are protons.
Energy[GeV/nuc],depths[g/cm2]: 1 3 5 10 15 20 30 44.64
0.01 3.85750E-17 0.00000E+00 0.00000E+00 0.00000E+00 0.00000E+00 0.00000E+00 0.00000E+00 0.00000E+00
0.03 9.58375E-09 3.87747E-16 4.55612E-16 5.52278E-16 1.67770E-15 0.00000E+00 0.00000E+00 0.00000E+00
0.1 6.79296E-07 2.75267E-07 6.20938E-08 2.69245E-08 5.52162E-10 4.96533E-10 4.69866E-10 4.25286E-10
0.18 2.61961E-06 2.09581E-06 1.62390E-06 1.19213E-06 5.82025E-07 2.31260E-07 5.42232E-08 2.27493E-08
0.3 5.96959E-06 5.92135E-06 5.66005E-06 4.98900E-06 4.35571E-06 3.79930E-06 3.21584E-06 2.62146E-06
0.56 1.24632E-05 1.23834E-05 1.27117E-05 1.22333E-05 1.20162E-05 1.15356E-05 1.13788E-05 1.08462E-05
1.0 1.61923E-05 1.61623E-05 1.62639E-05 1.64955E-05 1.61792E-05 1.58466E-05 1.72893E-05 1.52999E-05
3.0 1.28948E-05 1.30087E-05 1.32594E-05 1.35118E-05 1.39264E-05 1.38213E-05 1.41995E-05 1.44606E-05
10.0 1.45265E-05 1.54950E-05 1.55258E-05 1.62572E-05 1.67132E-05 1.74035E-05 1.80154E-05 1.91080E-05
30.0 1.54190E-05 1.57221E-05 1.61988E-05 1.69021E-05 1.78559E-05 1.86380E-05 1.88209E-05 1.88682E-05
100.0 1.77016E-05 1.81529E-05 1.89378E-05 1.94328E-05 1.98878E-05 2.13111E-05 2.21791E-05 1.97533E-05
