Yield function of production of Ti44 by protons, neutrons, alphas, pi+ and pi-, [(Ti44 atoms * cm2) / (g * prim. part. nucleon)] (computed with Geant4.10).
The primaries are protons.
Energy[GeV/nuc],depths[g/cm2]: 1 3 5 10 15 20 30 40 50 60 70 80 90 100 110 120 130 140 150 160 170 186
0.01 0.00000E+00 0.00000E+00 0.00000E+00 0.00000E+00 0.00000E+00 0.00000E+00 0.00000E+00 0.00000E+00 0.00000E+00 0.00000E+00 0.00000E+00 0.00000E+00 0.00000E+00 0.00000E+00 0.00000E+00 0.00000E+00 0.00000E+00 0.00000E+00 0.00000E+00 0.00000E+00 0.00000E+00 0.00000E+00
0.03 9.58682E-09 6.81135E-17 6.96920E-17 7.13256E-17 0.00000E+00 0.00000E+00 0.00000E+00 0.00000E+00 0.00000E+00 0.00000E+00 0.00000E+00 0.00000E+00 0.00000E+00 0.00000E+00 0.00000E+00 0.00000E+00 0.00000E+00 0.00000E+00 0.00000E+00 0.00000E+00 0.00000E+00 0.00000E+00
0.1 6.43525E-07 2.62933E-07 5.69824E-08 2.38807E-08 3.73186E-10 3.22661E-10 2.75105E-10 2.41012E-10 1.97201E-10 1.72099E-10 1.47604E-10 1.39266E-10 1.13936E-10 1.10055E-10 1.22356E-10 1.15113E-10 7.62937E-11 1.08280E-10 6.05150E-11 1.00914E-10 6.89948E-11 1.17149E-10
0.18 2.32000E-06 1.71873E-06 1.31574E-06 9.71929E-07 4.46005E-07 1.59847E-07 3.35280E-08 1.28990E-08 1.12776E-08 1.00454E-08 9.72228E-09 8.49459E-09 7.95956E-09 7.70056E-09 6.62701E-09 7.06063E-09 6.07641E-09 6.00734E-09 5.43578E-09 5.61863E-09 7.58269E-09 6.85005E-09
0.3 5.06753E-06 4.94024E-06 4.35385E-06 3.75693E-06 2.74970E-06 2.10811E-06 1.63048E-06 9.18333E-07 4.59906E-07 1.97633E-07 1.17431E-07 1.08287E-07 1.02618E-07 9.74507E-08 9.18106E-08 9.04596E-08 8.25586E-08 8.04408E-08 7.63710E-08 8.38234E-08 1.08532E-07 7.72214E-08
0.56 9.09380E-06 9.04076E-06 9.05991E-06 8.58781E-06 7.77376E-06 7.52873E-06 6.88047E-06 5.91543E-06 5.05041E-06 4.44226E-06 3.84978E-06 3.22136E-06 2.77512E-06 2.33930E-06 2.05181E-06 1.67785E-06 1.45910E-06 1.20719E-06 1.07325E-06 8.67881E-07 8.74375E-07 7.31053E-07
1.0 1.27721E-05 1.25542E-05 1.26545E-05 1.27299E-05 1.21111E-05 1.16341E-05 1.11421E-05 1.09042E-05 1.05238E-05 9.61413E-06 1.01715E-05 8.84708E-06 8.45563E-06 7.97676E-06 7.96089E-06 7.59553E-06 7.07532E-06 7.26964E-06 6.63649E-06 6.97674E-06 6.51064E-06 7.26060E-06
3.0 1.23054E-05 1.25958E-05 1.28587E-05 1.32095E-05 1.35256E-05 1.39269E-05 1.41863E-05 1.43804E-05 1.49227E-05 1.46165E-05 1.51289E-05 1.50081E-05 1.52381E-05 1.49297E-05 1.53171E-05 1.53708E-05 1.57055E-05 1.49302E-05 1.52283E-05 1.53804E-05 1.59338E-05 1.49761E-05
10.0 1.74509E-05 1.83634E-05 1.91655E-05 1.94309E-05 1.98896E-05 2.19095E-05 2.11641E-05 2.21183E-05 2.32337E-05 2.45496E-05 2.47249E-05 2.46320E-05 2.52127E-05 2.75657E-05 2.59635E-05 2.51123E-05 2.44109E-05 2.54636E-05 2.66407E-05 2.63198E-05 2.66309E-05 2.68106E-05
30.0 2.46664E-05 2.52708E-05 2.57456E-05 2.76144E-05 2.82642E-05 2.96516E-05 3.07862E-05 3.31814E-05 3.48228E-05 3.68357E-05 3.86978E-05 3.90532E-05 3.92960E-05 4.04642E-05 4.08900E-05 4.32535E-05 4.12672E-05 4.22634E-05 4.32707E-05 4.16785E-05 4.38228E-05 4.30741E-05
100.0 4.18882E-05 4.22751E-05 4.42464E-05 4.49307E-05 4.94340E-05 5.10441E-05 5.46664E-05 5.55664E-05 5.98209E-05 6.21937E-05 6.76982E-05 7.02451E-05 7.13796E-05 7.65540E-05 7.80217E-05 8.08956E-05 8.18244E-05 7.98401E-05 9.12647E-05 8.73898E-05 9.17723E-05 7.45144E-05
