Yield function of production of Ti44 by protons, neutrons, alphas, pi+ and pi-, [(Ti44 atoms * cm2) / (g * prim. part. nucleon)] (computed with Geant4.10).
The primaries are alphas.
Energy[GeV/nuc],depths[g/cm2]: 1 3 5 10 15 20 30 40 50 60 70 80 90 100 110 120 130 140 150 160 170 186
0.01 3.62589E-06 3.20419E-15 3.40455E-15 3.92641E-15 3.64729E-15 1.86512E-15 1.23882E-15 2.53972E-15 2.77704E-15 6.60135E-16 5.75208E-16 6.82399E-16 8.23147E-16 9.68669E-16 1.20908E-15 0.00000E+00 0.00000E+00 0.00000E+00 0.00000E+00 0.00000E+00 0.00000E+00 0.00000E+00
0.03 1.35007E-05 1.92829E-07 1.04099E-10 9.21184E-11 7.59332E-11 6.14928E-11 5.75895E-11 4.63524E-11 3.66986E-11 3.25288E-11 2.57566E-11 2.46343E-11 2.55326E-11 2.03024E-11 2.12073E-11 1.76127E-11 2.91352E-11 1.49798E-11 2.12161E-11 1.86787E-11 1.51770E-11 1.25571E-11
0.1 1.56792E-05 1.40688E-05 1.05501E-05 7.03917E-06 3.04303E-08 2.48250E-08 2.27955E-08 1.92090E-08 1.78400E-08 1.54525E-08 1.42269E-08 1.42530E-08 1.21915E-08 1.20739E-08 1.13643E-08 1.17863E-08 1.32857E-08 1.00973E-08 1.04263E-08 1.19013E-08 1.34750E-08 7.92824E-09
0.18 1.23101E-05 1.22614E-05 1.09379E-05 1.01431E-05 8.11670E-06 5.90788E-06 3.52603E-06 2.65819E-07 2.31926E-07 2.08621E-07 2.02593E-07 1.80849E-07 1.70643E-07 1.59826E-07 1.53064E-07 1.52768E-07 1.44181E-07 1.47472E-07 1.35792E-07 1.35088E-07 1.44925E-07 1.31822E-07
0.3 1.33386E-05 1.35449E-05 1.30352E-05 1.22125E-05 1.01987E-05 9.35282E-06 8.09934E-06 6.36388E-06 4.95976E-06 3.56883E-06 2.10873E-06 1.48797E-06 1.36532E-06 1.28214E-06 1.21910E-06 1.19110E-06 1.12836E-06 1.08080E-06 1.03375E-06 1.08955E-06 9.88482E-07 1.02899E-06
0.56 1.76881E-05 1.76915E-05 1.77928E-05 1.77556E-05 1.78299E-05 1.77979E-05 1.75175E-05 1.66834E-05 1.60376E-05 1.49844E-05 1.42596E-05 1.36684E-05 1.33795E-05 1.21151E-05 1.14713E-05 1.07713E-05 1.02523E-05 9.98069E-06 9.91040E-06 9.48184E-06 8.89257E-06 9.61043E-06
1.0 2.40863E-05 2.46938E-05 2.58114E-05 2.74889E-05 2.77162E-05 2.90183E-05 2.95580E-05 3.05762E-05 3.05995E-05 2.96316E-05 2.98554E-05 2.98769E-05 2.91773E-05 2.88100E-05 2.83365E-05 2.90100E-05 2.86212E-05 2.79974E-05 2.75569E-05 3.13200E-05 2.86309E-05 2.96756E-05
3.0 3.66366E-05 3.93285E-05 4.06990E-05 4.25027E-05 4.50385E-05 4.85121E-05 4.90114E-05 5.10904E-05 5.34556E-05 5.53730E-05 5.61411E-05 5.87971E-05 5.82348E-05 5.91164E-05 5.90201E-05 5.98457E-05 6.13007E-05 6.16321E-05 5.90133E-05 5.92997E-05 5.60788E-05 5.98751E-05
10.0 5.60076E-05 5.90606E-05 6.18556E-05 6.51311E-05 7.18049E-05 7.55246E-05 7.94192E-05 8.51219E-05 9.06478E-05 9.36677E-05 9.56060E-05 9.68060E-05 1.01232E-04 1.04305E-04 1.05858E-04 1.06577E-04 1.12633E-04 1.03962E-04 1.04465E-04 1.09372E-04 1.05205E-04 1.17365E-04
30.0 8.88289E-05 9.12453E-05 9.72392E-05 1.01786E-04 1.09292E-04 1.15132E-04 1.22441E-04 1.33583E-04 1.43087E-04 1.49905E-04 1.54785E-04 1.58036E-04 1.70124E-04 1.70917E-04 1.69676E-04 1.73866E-04 1.78921E-04 1.96635E-04 1.83787E-04 1.73629E-04 1.72997E-04 1.78860E-04
100.0 1.39575E-04 1.45632E-04 1.57743E-04 1.61887E-04 1.86981E-04 1.87037E-04 1.93778E-04 2.09631E-04 2.30876E-04 2.45665E-04 2.74624E-04 2.78166E-04 2.91105E-04 2.97657E-04 3.09914E-04 3.16588E-04 3.35917E-04 3.66513E-04 3.82882E-04 3.86749E-04 4.52524E-04 3.30291E-04
