Yield function of production of Ti44 by protons, neutrons, alphas, pi+ and pi-, [(Ti44 atoms * cm2) / (g * prim. part. nucleon)] (computed with Geant4.10).
The primaries are protons.
Energy[GeV/nuc],depths[g/cm2]: 1 3 5 10 15 20 25 30 35 40 45 50 55 60 65 70 75 80 85 90 95 100 105 110 115 120 125 130 135 140 141.6
0.01 0.00000E+00 0.00000E+00 0.00000E+00 0.00000E+00 0.00000E+00 0.00000E+00 0.00000E+00 0.00000E+00 0.00000E+00 0.00000E+00 0.00000E+00 0.00000E+00 0.00000E+00 0.00000E+00 0.00000E+00 0.00000E+00 0.00000E+00 0.00000E+00 0.00000E+00 0.00000E+00 0.00000E+00 0.00000E+00 0.00000E+00 0.00000E+00 0.00000E+00 0.00000E+00 0.00000E+00 0.00000E+00 0.00000E+00 0.00000E+00 0.00000E+00
0.03 9.67268E-09 1.19443E-15 1.30430E-16 1.38581E-16 1.64353E-16 2.03576E-16 0.00000E+00 0.00000E+00 0.00000E+00 0.00000E+00 0.00000E+00 0.00000E+00 0.00000E+00 0.00000E+00 0.00000E+00 0.00000E+00 0.00000E+00 0.00000E+00 0.00000E+00 0.00000E+00 0.00000E+00 0.00000E+00 0.00000E+00 0.00000E+00 0.00000E+00 0.00000E+00 0.00000E+00 0.00000E+00 0.00000E+00 0.00000E+00 0.00000E+00
0.1 4.51039E-07 2.02750E-07 5.45286E-08 2.40259E-08 3.92794E-10 3.33787E-10 3.09990E-10 2.82660E-10 2.61996E-10 2.35489E-10 2.05310E-10 2.13407E-10 2.00328E-10 1.88039E-10 2.01911E-10 1.54818E-10 1.53062E-10 1.38740E-10 1.19319E-10 1.22489E-10 1.38381E-10 1.18903E-10 1.03897E-10 1.04567E-10 1.12172E-10 1.43249E-10 9.80080E-11 1.20220E-10 5.59531E-11 0.00000E+00 0.00000E+00
0.18 1.57311E-06 1.15745E-06 8.85046E-07 6.54257E-07 3.12550E-07 1.17990E-07 2.90107E-08 1.19273E-08 9.78442E-09 9.46718E-09 8.75971E-09 8.51787E-09 8.34736E-09 8.07895E-09 7.78895E-09 7.49765E-09 7.39760E-09 6.92511E-09 8.13920E-09 6.96350E-09 6.53875E-09 7.25932E-09 6.31350E-09 5.74262E-09 7.38113E-09 5.65527E-09 6.05976E-09 5.43723E-09 5.66268E-09 4.00424E-09 3.12613E-08
0.3 3.30762E-06 3.27365E-06 2.88628E-06 2.51052E-06 1.93754E-06 1.44126E-06 1.12437E-06 8.57313E-07 6.43750E-07 4.76637E-07 3.36419E-07 2.30731E-07 1.52888E-07 1.07590E-07 9.39235E-08 8.73503E-08 8.23618E-08 8.25988E-08 8.20939E-08 7.79449E-08 7.71784E-08 7.49337E-08 7.58806E-08 7.51945E-08 8.55086E-08 8.39461E-08 6.80120E-08 9.47371E-08 7.84724E-08 8.10456E-08 6.23481E-08
0.56 6.23932E-06 6.16103E-06 6.08216E-06 5.66441E-06 5.55150E-06 5.00805E-06 4.65361E-06 4.54858E-06 4.02233E-06 3.77954E-06 3.72208E-06 3.60435E-06 3.73314E-06 3.12353E-06 2.97459E-06 2.73328E-06 2.78260E-06 2.40749E-06 2.18352E-06 2.17436E-06 2.17201E-06 2.11089E-06 2.00879E-06 2.12161E-06 1.78193E-06 1.72148E-06 1.56519E-06 1.82293E-06 1.57681E-06 1.56064E-06 3.09390E-06
1.0 8.62812E-06 8.63823E-06 8.53954E-06 8.54364E-06 8.23967E-06 7.97260E-06 7.79984E-06 7.76638E-06 7.56445E-06 7.47564E-06 7.40942E-06 7.12040E-06 7.18267E-06 6.88672E-06 6.99968E-06 7.35186E-06 6.59296E-06 6.87194E-06 6.51351E-06 6.74206E-06 6.32585E-06 6.46741E-06 6.32445E-06 6.10762E-06 5.90521E-06 6.06637E-06 6.12232E-06 5.91381E-06 1.04317E-05 5.92066E-06 2.65097E-06
3.0 8.35290E-06 8.44941E-06 8.80197E-06 9.12053E-06 9.10382E-06 9.23725E-06 9.64743E-06 9.89933E-06 1.00443E-05 1.02795E-05 1.00822E-05 1.01332E-05 9.96771E-06 1.00326E-05 1.01142E-05 1.01376E-05 1.02218E-05 1.02695E-05 1.01550E-05 1.03844E-05 9.94821E-06 1.01061E-05 1.05302E-05 1.01174E-05 1.23986E-05 1.00594E-05 9.34829E-06 1.03595E-05 8.91779E-06 8.99020E-06 4.22959E-06
10.0 1.10370E-05 1.14732E-05 1.18482E-05 1.20556E-05 1.28001E-05 1.35199E-05 1.38836E-05 1.42406E-05 1.47434E-05 1.48816E-05 1.48467E-05 1.53503E-05 1.54567E-05 1.55372E-05 1.56237E-05 1.63453E-05 1.71335E-05 1.58628E-05 1.63785E-05 1.69439E-05 1.67435E-05 1.73589E-05 1.83900E-05 1.79900E-05 1.66319E-05 1.70798E-05 1.67412E-05 1.62803E-05 1.72155E-05 1.55671E-05 1.18227E-05
30.0 1.46941E-05 1.51732E-05 1.58413E-05 1.63611E-05 1.71167E-05 1.79336E-05 1.88417E-05 2.00263E-05 2.04649E-05 2.08586E-05 2.13630E-05 2.21266E-05 2.27517E-05 2.31221E-05 2.40321E-05 2.34267E-05 2.33138E-05 2.52833E-05 2.38188E-05 2.39398E-05 2.43075E-05 2.51987E-05 2.62180E-05 2.47207E-05 2.64351E-05 2.61423E-05 2.51315E-05 2.54278E-05 2.64159E-05 2.01078E-05 2.21120E-05
100.0 2.33066E-05 2.41455E-05 2.53324E-05 2.57132E-05 2.76667E-05 2.88567E-05 2.99434E-05 3.26154E-05 3.24600E-05 3.40422E-05 3.45421E-05 3.44037E-05 3.55534E-05 3.60229E-05 3.67602E-05 3.61624E-05 3.80252E-05 3.91362E-05 4.33272E-05 4.18230E-05 4.37843E-05 4.26577E-05 4.54672E-05 4.68292E-05 4.56311E-05 4.65341E-05 4.40091E-05 4.46293E-05 4.58419E-05 3.07649E-05 2.89279E-05
