Yield function of production of Ti44 by protons, neutrons, alphas, pi+ and pi-, [(Ti44 atoms * cm2) / (g * prim. part. nucleon)] (computed with Geant4.10).
The primaries are alphas.
Energy[GeV/nuc],depths[g/cm2]: 1 3 5 10 15 20 25 30 35 40 45 50 55 60 65 70 75 80 85 90 95 100 105 110 115 120 125 130 135 140 141.6
0.01 2.36474E-06 4.09012E-15 4.40868E-15 5.19914E-15 4.13087E-15 5.72535E-15 2.13937E-15 3.92471E-15 4.73392E-15 6.06470E-15 9.21952E-15 1.82111E-15 2.22441E-15 2.85698E-15 0.00000E+00 0.00000E+00 0.00000E+00 0.00000E+00 0.00000E+00 0.00000E+00 0.00000E+00 0.00000E+00 0.00000E+00 0.00000E+00 0.00000E+00 0.00000E+00 0.00000E+00 0.00000E+00 0.00000E+00 0.00000E+00 0.00000E+00
0.03 8.61984E-06 1.86607E-07 1.02058E-10 8.68036E-11 7.19443E-11 6.29665E-11 7.57631E-11 4.95702E-11 4.61808E-11 4.40398E-11 3.95549E-11 3.44675E-11 3.78379E-11 3.41410E-11 3.51302E-11 3.26424E-11 2.30209E-11 2.39513E-11 2.45640E-11 2.27508E-11 2.19642E-11 2.33133E-11 2.75199E-11 1.96279E-11 5.69301E-11 1.66138E-11 2.20382E-11 1.96592E-11 2.38885E-11 9.96823E-13 2.25477E-11
0.1 1.01263E-05 9.11497E-06 6.84201E-06 4.51040E-06 2.34747E-08 2.06329E-08 1.82861E-08 1.70839E-08 1.61528E-08 1.49841E-08 1.47324E-08 1.43211E-08 1.31359E-08 1.32086E-08 1.21384E-08 1.12074E-08 1.18382E-08 1.16994E-08 1.10141E-08 1.10108E-08 1.08035E-08 1.04789E-08 1.22472E-08 1.07249E-08 1.03645E-08 1.13518E-08 9.53712E-09 1.03020E-08 8.94281E-09 8.16455E-09 1.23874E-08
0.18 8.42179E-06 8.10339E-06 7.22793E-06 6.65435E-06 5.34418E-06 3.87365E-06 2.33536E-06 6.91864E-07 2.06275E-07 1.88594E-07 1.84801E-07 1.76189E-07 1.66862E-07 1.63961E-07 1.54682E-07 1.51558E-07 1.59374E-07 1.48675E-07 1.65701E-07 1.41726E-07 1.44979E-07 1.41425E-07 1.32666E-07 1.26881E-07 1.24407E-07 1.32399E-07 1.41450E-07 1.62410E-07 1.19565E-07 8.47792E-08 1.81869E-07
0.3 9.11809E-06 8.80259E-06 8.61117E-06 8.36942E-06 7.08184E-06 6.31710E-06 5.64919E-06 5.04399E-06 4.54574E-06 3.99291E-06 3.55825E-06 3.17584E-06 2.69249E-06 2.15148E-06 1.57579E-06 1.14732E-06 1.13355E-06 1.08610E-06 1.08718E-06 1.08349E-06 1.04924E-06 1.07517E-06 1.00929E-06 1.00141E-06 1.03778E-06 9.95350E-07 1.01646E-06 9.49880E-07 9.30963E-07 1.23809E-06 6.09811E-07
0.56 1.22656E-05 1.23110E-05 1.24269E-05 1.22582E-05 1.24601E-05 1.22949E-05 1.25514E-05 1.21464E-05 1.19077E-05 1.17693E-05 1.18723E-05 1.13827E-05 1.10238E-05 1.10371E-05 1.06398E-05 1.02641E-05 1.00796E-05 1.01327E-05 9.85822E-06 1.02039E-05 9.37245E-06 9.36931E-06 9.55049E-06 9.33745E-06 9.11392E-06 8.91328E-06 9.08686E-06 8.92223E-06 9.05302E-06 9.02397E-06 1.42176E-05
1.0 1.66973E-05 1.74975E-05 1.81505E-05 1.87276E-05 1.96216E-05 2.02344E-05 2.02354E-05 2.05955E-05 2.07179E-05 2.13777E-05 2.13798E-05 2.14848E-05 2.13621E-05 2.19449E-05 2.16060E-05 2.14465E-05 2.11128E-05 2.13901E-05 2.15553E-05 2.13335E-05 2.13999E-05 2.19578E-05 2.10635E-05 2.16963E-05 2.23154E-05 2.17582E-05 2.11323E-05 2.05209E-05 2.02261E-05 2.14403E-05 1.39031E-05
3.0 2.47855E-05 2.55476E-05 2.74178E-05 2.83703E-05 3.04737E-05 3.14725E-05 3.27503E-05 3.33504E-05 3.41348E-05 3.52729E-05 3.52908E-05 3.68201E-05 3.64974E-05 3.69572E-05 3.89064E-05 3.86690E-05 3.80328E-05 3.88361E-05 3.90326E-05 3.83580E-05 3.84504E-05 3.89648E-05 3.89842E-05 4.02730E-05 3.91224E-05 3.92669E-05 3.81310E-05 3.99191E-05 4.65291E-05 3.24001E-05 2.58847E-05
10.0 3.63022E-05 3.83147E-05 4.01729E-05 4.21365E-05 4.63623E-05 5.04999E-05 5.07872E-05 5.20069E-05 5.37457E-05 5.68080E-05 5.65211E-05 5.80194E-05 5.97780E-05 5.98272E-05 6.25642E-05 6.85867E-05 6.32634E-05 6.36224E-05 6.41015E-05 6.56888E-05 6.78831E-05 6.90401E-05 6.94196E-05 6.69226E-05 6.62299E-05 7.32725E-05 6.91463E-05 6.03469E-05 6.43546E-05 5.13774E-05 7.11275E-05
30.0 5.25787E-05 5.50494E-05 5.71505E-05 6.20094E-05 6.52247E-05 7.03248E-05 7.45450E-05 7.69387E-05 7.94636E-05 8.43286E-05 8.56381E-05 8.62332E-05 9.23033E-05 9.18751E-05 9.32103E-05 9.35807E-05 9.34628E-05 9.98849E-05 9.84896E-05 9.98839E-05 1.02632E-04 9.90322E-05 1.01110E-04 1.05470E-04 1.06801E-04 1.01268E-04 1.10090E-04 1.08746E-04 1.12882E-04 9.78647E-05 9.90942E-05
100.0 7.78654E-05 8.16814E-05 8.75271E-05 9.16171E-05 9.71378E-05 1.04872E-04 1.13730E-04 1.15066E-04 1.21723E-04 1.24613E-04 1.33734E-04 1.36866E-04 1.38744E-04 1.49053E-04 1.39006E-04 1.49409E-04 1.39918E-04 1.45591E-04 1.44033E-04 1.51760E-04 1.50186E-04 1.42481E-04 1.40354E-04 1.67152E-04 1.54901E-04 1.43001E-04 1.39644E-04 1.33877E-04 1.03873E-04 1.00610E-04 1.20184E-05
