Yield function of production of Ti44 by protons, neutrons, alphas, pi+ and pi-, [(Ti44 atoms * cm2) / (g * prim. part. nucleon)] (computed with Geant4.10).
The primaries are alphas.
Energy[GeV/nuc],depths[g/cm2]: 1 3 5 10 15 20 25 30 35 40 45 50 55 60 65 70 75 80 85 90 95 100 105 110 115 120 125 130 135 140 141.6
0.01 3.28247E-06 3.77549E-15 4.06955E-15 4.79921E-15 3.81311E-15 5.28494E-15 1.97480E-15 3.62281E-15 4.36977E-15 5.59819E-15 8.51033E-15 1.68103E-15 2.05330E-15 2.63721E-15 0.00000E+00 0.00000E+00 0.00000E+00 0.00000E+00 0.00000E+00 0.00000E+00 0.00000E+00 0.00000E+00 0.00000E+00 0.00000E+00 0.00000E+00 0.00000E+00 0.00000E+00 0.00000E+00 0.00000E+00 0.00000E+00 0.00000E+00
0.03 1.21403E-05 2.54079E-07 9.59224E-11 8.16576E-11 6.73866E-11 5.96059E-11 7.10471E-11 4.63592E-11 4.33919E-11 4.14364E-11 3.74333E-11 3.23392E-11 3.60601E-11 3.18807E-11 3.27945E-11 3.05914E-11 2.16183E-11 2.26334E-11 2.31012E-11 2.15186E-11 2.08714E-11 2.22752E-11 2.63581E-11 1.81181E-11 5.25508E-11 1.53358E-11 2.03429E-11 1.81470E-11 2.20509E-11 9.20145E-13 2.08132E-11
0.1 1.42902E-05 1.28568E-05 9.64163E-06 6.34893E-06 2.92172E-08 2.57454E-08 2.27442E-08 2.13366E-08 2.01924E-08 1.87012E-08 1.84440E-08 1.79841E-08 1.64017E-08 1.65534E-08 1.51877E-08 1.40108E-08 1.48912E-08 1.47529E-08 1.37846E-08 1.38887E-08 1.35598E-08 1.31677E-08 1.56058E-08 1.33924E-08 1.30315E-08 1.43613E-08 1.20335E-08 1.26959E-08 1.09012E-08 9.07524E-09 1.41507E-08
0.18 1.18422E-05 1.13974E-05 1.01660E-05 9.36095E-06 7.51770E-06 5.44300E-06 3.27220E-06 9.56040E-07 2.74242E-07 2.50342E-07 2.45669E-07 2.33795E-07 2.21567E-07 2.18002E-07 2.05231E-07 2.01161E-07 2.12328E-07 1.97288E-07 2.21786E-07 1.88158E-07 1.92860E-07 1.87709E-07 1.76201E-07 1.68194E-07 1.65356E-07 1.75727E-07 1.88414E-07 2.18606E-07 1.58202E-07 1.12022E-07 2.38777E-07
0.3 1.28046E-05 1.23567E-05 1.20810E-05 1.17367E-05 9.91933E-06 8.83977E-06 7.89831E-06 7.04566E-06 6.34555E-06 5.56976E-06 4.95974E-06 4.42181E-06 3.74212E-06 2.97962E-06 2.16973E-06 1.56788E-06 1.54990E-06 1.48503E-06 1.48696E-06 1.48204E-06 1.43453E-06 1.46831E-06 1.37900E-06 1.36764E-06 1.41922E-06 1.36115E-06 1.38795E-06 1.29768E-06 1.26972E-06 1.69731E-06 8.25358E-07
0.56 1.72050E-05 1.72636E-05 1.74183E-05 1.71765E-05 1.74486E-05 1.72102E-05 1.75652E-05 1.69903E-05 1.66488E-05 1.64495E-05 1.65880E-05 1.58993E-05 1.53950E-05 1.54149E-05 1.48486E-05 1.43229E-05 1.40623E-05 1.41322E-05 1.37466E-05 1.42316E-05 1.30637E-05 1.30569E-05 1.33112E-05 1.30129E-05 1.26980E-05 1.24177E-05 1.26655E-05 1.24278E-05 1.26052E-05 1.25819E-05 1.98919E-05
1.0 2.34212E-05 2.45393E-05 2.54514E-05 2.62585E-05 2.75051E-05 2.83553E-05 2.83499E-05 2.88500E-05 2.90167E-05 2.99389E-05 2.99390E-05 3.00764E-05 2.99086E-05 3.07227E-05 3.02444E-05 3.00167E-05 2.95406E-05 2.99327E-05 3.01637E-05 2.98510E-05 2.99423E-05 3.07312E-05 2.94603E-05 3.03583E-05 3.12087E-05 3.04036E-05 2.95545E-05 2.86973E-05 2.82890E-05 3.00090E-05 1.94769E-05
3.0 3.47457E-05 3.58094E-05 3.84272E-05 3.97569E-05 4.26957E-05 4.40828E-05 4.58725E-05 4.67025E-05 4.77997E-05 4.93898E-05 4.93965E-05 5.15526E-05 5.10947E-05 5.17278E-05 5.44732E-05 5.41306E-05 5.32327E-05 5.43620E-05 5.46389E-05 5.36691E-05 5.38047E-05 5.45202E-05 5.45511E-05 5.63737E-05 5.47535E-05 5.49049E-05 5.33520E-05 5.58592E-05 6.51977E-05 4.52397E-05 3.62094E-05
10.0 5.07858E-05 5.35915E-05 5.61834E-05 5.89121E-05 6.48204E-05 7.06044E-05 7.09739E-05 7.26641E-05 7.50917E-05 7.93693E-05 7.89396E-05 8.10349E-05 8.34996E-05 8.35523E-05 8.73581E-05 9.58113E-05 8.83246E-05 8.88263E-05 8.94839E-05 9.17057E-05 9.47836E-05 9.64087E-05 9.69471E-05 9.34275E-05 9.24721E-05 1.02298E-04 9.65214E-05 8.41819E-05 8.97381E-05 7.15897E-05 9.85893E-05
30.0 7.34450E-05 7.68767E-05 7.97936E-05 8.65808E-05 9.10334E-05 9.81559E-05 1.04025E-04 1.07340E-04 1.10859E-04 1.17662E-04 1.19448E-04 1.20219E-04 1.28751E-04 1.28137E-04 1.29960E-04 1.30457E-04 1.30236E-04 1.39230E-04 1.37311E-04 1.39243E-04 1.43124E-04 1.38020E-04 1.40936E-04 1.47064E-04 1.48647E-04 1.41149E-04 1.53445E-04 1.51707E-04 1.57412E-04 1.36111E-04 1.37528E-04
100.0 1.08564E-04 1.13872E-04 1.22017E-04 1.27679E-04 1.35320E-04 1.46057E-04 1.58465E-04 1.60283E-04 1.69484E-04 1.73492E-04 1.86163E-04 1.90535E-04 1.93163E-04 2.07580E-04 1.93413E-04 2.07984E-04 1.94692E-04 2.02631E-04 2.00432E-04 2.11206E-04 2.08945E-04 1.98157E-04 1.95056E-04 2.32861E-04 2.15533E-04 1.98754E-04 1.94178E-04 1.86126E-04 1.44011E-04 1.39709E-04 1.42132E-05
