Yield function of production of Ti44 by protons, neutrons, alphas, pi+ and pi-, [(Ti44 atoms * cm2) / (g * prim. part. nucleon)] (computed with Geant4.10).
The primaries are protons.
Energy[GeV/nuc],depths[g/cm2]: 1 3 5 10 15 20 30 40 50 60 70 80 90 100 110 120 130 140 150 160 170 186
0.01 0.00000E+00 0.00000E+00 0.00000E+00 0.00000E+00 0.00000E+00 0.00000E+00 0.00000E+00 0.00000E+00 0.00000E+00 0.00000E+00 0.00000E+00 0.00000E+00 0.00000E+00 0.00000E+00 0.00000E+00 0.00000E+00 0.00000E+00 0.00000E+00 0.00000E+00 0.00000E+00 0.00000E+00 0.00000E+00
0.03 9.58453E-09 0.00000E+00 0.00000E+00 0.00000E+00 0.00000E+00 0.00000E+00 0.00000E+00 0.00000E+00 0.00000E+00 0.00000E+00 0.00000E+00 0.00000E+00 0.00000E+00 0.00000E+00 0.00000E+00 0.00000E+00 0.00000E+00 0.00000E+00 0.00000E+00 0.00000E+00 0.00000E+00 0.00000E+00
0.1 6.42077E-07 2.62862E-07 5.70407E-08 2.39213E-08 3.59083E-10 3.17455E-10 2.88117E-10 2.34646E-10 1.84775E-10 1.56735E-10 1.78097E-10 1.26857E-10 1.08805E-10 9.79062E-11 9.11065E-11 1.10581E-10 9.49908E-11 7.25877E-11 6.63404E-11 4.89669E-11 1.02601E-10 5.87522E-11
0.18 2.34205E-06 1.72529E-06 1.31727E-06 9.72058E-07 4.45567E-07 1.59281E-07 3.31042E-08 1.21877E-08 1.12689E-08 1.02392E-08 9.44240E-09 8.25610E-09 7.92211E-09 7.17321E-09 7.58763E-09 7.16324E-09 6.61657E-09 6.03687E-09 6.20903E-09 4.55398E-09 4.05627E-09 2.68051E-09
0.3 5.17313E-06 4.90510E-06 4.19435E-06 3.65804E-06 2.73906E-06 2.12558E-06 1.62929E-06 9.20617E-07 4.62895E-07 2.01394E-07 1.18863E-07 1.09005E-07 1.04159E-07 1.33241E-07 9.86550E-08 9.35300E-08 7.68314E-08 7.82641E-08 8.22543E-08 7.13366E-08 6.02022E-08 4.32237E-08
0.56 9.00407E-06 9.92791E-06 8.98315E-06 8.72519E-06 8.00163E-06 7.18292E-06 6.64465E-06 5.92270E-06 4.98849E-06 4.22191E-06 3.83492E-06 3.23397E-06 2.72660E-06 2.34595E-06 2.01270E-06 1.68680E-06 1.48715E-06 1.24947E-06 9.77335E-07 8.78457E-07 9.23240E-07 7.49897E-07
1.0 1.28892E-05 1.25379E-05 1.26254E-05 1.24222E-05 1.18611E-05 1.15363E-05 1.13528E-05 1.07622E-05 1.01543E-05 9.45084E-06 9.63070E-06 9.62545E-06 8.58183E-06 8.28261E-06 7.77971E-06 7.60467E-06 7.61352E-06 7.34967E-06 7.09104E-06 7.24812E-06 6.66826E-06 6.15165E-06
3.0 1.25267E-05 1.26309E-05 1.28368E-05 1.30089E-05 1.38091E-05 1.39329E-05 1.43097E-05 1.51111E-05 1.45659E-05 1.46746E-05 1.48460E-05 1.51135E-05 1.52698E-05 1.53286E-05 1.50063E-05 1.48649E-05 1.51749E-05 1.46925E-05 1.47371E-05 1.49935E-05 1.44603E-05 1.32165E-05
10.0 1.72569E-05 1.76800E-05 1.87497E-05 1.90870E-05 2.00250E-05 2.06844E-05 2.12668E-05 2.25892E-05 2.38000E-05 2.37658E-05 2.57761E-05 2.49825E-05 2.58301E-05 2.56001E-05 2.62625E-05 2.76454E-05 2.70476E-05 2.61532E-05 2.61365E-05 2.64758E-05 2.74155E-05 2.43566E-05
30.0 2.48912E-05 2.52351E-05 2.64252E-05 2.69087E-05 2.85499E-05 3.11156E-05 3.14119E-05 3.36984E-05 3.55750E-05 3.75537E-05 3.73155E-05 3.90673E-05 3.98334E-05 4.25052E-05 4.16047E-05 4.24088E-05 4.38310E-05 4.77371E-05 4.44267E-05 4.36378E-05 4.66163E-05 5.27012E-05
100.0 4.07417E-05 4.18844E-05 4.28652E-05 4.52960E-05 4.77436E-05 4.93976E-05 5.16256E-05 5.63785E-05 5.82031E-05 6.17508E-05 6.38582E-05 7.02681E-05 7.15482E-05 7.59791E-05 7.45124E-05 8.32840E-05 8.94406E-05 8.52513E-05 8.08576E-05 8.77523E-05 7.70353E-05 9.24996E-05
