Yield function of production of Ti44 by protons, neutrons, alphas, pi+ and pi-, [(Ti44 atoms * cm2) / (g * prim. part. nucleon)] (computed with Geant4.10).
The primaries are alphas.
Energy[GeV/nuc],depths[g/cm2]: 1 3 5 10 15 20 30 40 50 60 70 80 90 100 110 120 130 140 150 160 170 186
0.01 3.62333E-06 6.52001E-15 6.03509E-15 5.34268E-15 3.82310E-15 1.94909E-15 2.83564E-15 3.73974E-15 0.00000E+00 0.00000E+00 0.00000E+00 0.00000E+00 0.00000E+00 0.00000E+00 0.00000E+00 0.00000E+00 0.00000E+00 0.00000E+00 0.00000E+00 0.00000E+00 0.00000E+00 0.00000E+00
0.03 1.34986E-05 1.92779E-07 1.02411E-10 9.12309E-11 7.35860E-11 6.49914E-11 5.38014E-11 4.26999E-11 3.82047E-11 3.12796E-11 3.09657E-11 2.48784E-11 2.33031E-11 2.18723E-11 2.29711E-11 1.64376E-11 1.70851E-11 1.11878E-11 7.47785E-12 8.59626E-12 1.26800E-11 4.72595E-12
0.1 1.55499E-05 1.41019E-05 1.05574E-05 7.03239E-06 3.10334E-08 2.55987E-08 2.31050E-08 1.95819E-08 1.74022E-08 1.67448E-08 1.45692E-08 1.33293E-08 1.26249E-08 1.18215E-08 1.13630E-08 1.09723E-08 9.85453E-09 1.04668E-08 1.07253E-08 1.02008E-08 1.20139E-08 1.17441E-08
0.18 1.25424E-05 1.24914E-05 1.08575E-05 1.00901E-05 8.09890E-06 5.89833E-06 3.54392E-06 2.63732E-07 2.37670E-07 2.07443E-07 1.91100E-07 1.95801E-07 1.64595E-07 1.65301E-07 1.51755E-07 1.60620E-07 1.38451E-07 1.30886E-07 1.28394E-07 1.27459E-07 1.34367E-07 1.22927E-07
0.3 1.37209E-05 1.38770E-05 1.26996E-05 1.35012E-05 1.02534E-05 9.05152E-06 8.22743E-06 6.52290E-06 5.03783E-06 3.62142E-06 2.16250E-06 1.40546E-06 1.30894E-06 1.30475E-06 1.18905E-06 1.13216E-06 1.09516E-06 1.07179E-06 1.07770E-06 9.93415E-07 9.91833E-07 1.08065E-06
0.56 1.73814E-05 1.79243E-05 1.80035E-05 1.80918E-05 1.78693E-05 1.77503E-05 1.72272E-05 1.64942E-05 1.59040E-05 1.46501E-05 1.41055E-05 1.33320E-05 1.29267E-05 1.17719E-05 1.12610E-05 1.06077E-05 1.01994E-05 1.01853E-05 9.37307E-06 9.21220E-06 8.68684E-06 9.57990E-06
1.0 2.37471E-05 2.46083E-05 2.63267E-05 2.67936E-05 2.83265E-05 2.86696E-05 2.88602E-05 2.96676E-05 3.00964E-05 3.02935E-05 3.02123E-05 2.93204E-05 2.90333E-05 2.86863E-05 2.82594E-05 2.78786E-05 2.74810E-05 2.78870E-05 2.74804E-05 2.78183E-05 2.83760E-05 2.70404E-05
3.0 3.67648E-05 3.79238E-05 4.02792E-05 4.20885E-05 4.57936E-05 4.76565E-05 4.90591E-05 5.24517E-05 5.37421E-05 5.49579E-05 5.69109E-05 5.78865E-05 5.81275E-05 5.84282E-05 5.96153E-05 5.88176E-05 6.09844E-05 5.89405E-05 5.89303E-05 5.74009E-05 6.14125E-05 5.92954E-05
10.0 5.68462E-05 5.94341E-05 6.26958E-05 6.66002E-05 7.37940E-05 7.70340E-05 7.78634E-05 8.39364E-05 8.92508E-05 9.31572E-05 9.49978E-05 9.73038E-05 1.01014E-04 1.03053E-04 1.03472E-04 1.08714E-04 1.03941E-04 1.09573E-04 1.08065E-04 1.04649E-04 1.13181E-04 1.08009E-04
30.0 8.71889E-05 9.14290E-05 9.61273E-05 9.91316E-05 1.08910E-04 1.15961E-04 1.19889E-04 1.45071E-04 1.41807E-04 1.54859E-04 1.54201E-04 1.62541E-04 1.72030E-04 1.75056E-04 1.91845E-04 1.86129E-04 1.96852E-04 1.91743E-04 1.89471E-04 1.94022E-04 1.84140E-04 2.04491E-04
100.0 1.39350E-04 1.45378E-04 1.54693E-04 1.64149E-04 1.79198E-04 1.90609E-04 2.00031E-04 2.38534E-04 2.31748E-04 2.36743E-04 2.67741E-04 2.88011E-04 2.98037E-04 3.06901E-04 3.10657E-04 3.19061E-04 3.20031E-04 3.27630E-04 3.49667E-04 3.23716E-04 3.48098E-04 3.90493E-04
