Yield function of production of Ti44 by protons, neutrons, alphas, pi+ and pi-, [(Ti44 atoms * cm2) / (g * prim. part. nucleon)] (computed with Geant4.10).
The primaries are protons.
Energy[GeV/nuc],depths[g/cm2]: 1 3 5 10 15 20 30 40 50 60 70 80 90 100 110 120 130 140 150 160 170 186
0.01 1.06920E-04 2.53351E-08 2.32055E-08 2.17794E-08 2.06270E-08 2.21613E-08 1.92940E-08 1.65406E-08 1.47841E-08 1.26616E-08 1.00968E-08 7.72880E-09 5.94978E-09 4.31973E-09 2.77456E-09 2.48147E-09 2.70138E-09 1.51707E-09 7.35361E-10 2.51150E-10 0.00000E+00 0.00000E+00
0.03 1.08619E-04 1.44284E-05 4.42091E-07 4.11221E-07 3.89838E-07 3.69735E-07 3.55106E-07 3.29043E-07 2.87547E-07 2.42839E-07 2.11626E-07 1.78201E-07 1.45888E-07 1.35693E-07 9.72095E-08 8.97416E-08 7.35163E-08 6.00498E-08 4.90187E-08 4.34504E-08 4.32890E-08 2.43137E-08
0.1 1.18708E-04 1.08844E-04 8.58180E-05 6.43689E-05 1.25931E-05 1.22428E-05 1.19409E-05 1.15145E-05 1.08294E-05 9.80091E-06 9.05562E-06 7.93731E-06 7.60033E-06 6.47820E-06 5.85170E-06 5.18420E-06 4.75973E-06 4.19916E-06 3.92264E-06 4.72212E-06 4.30955E-06 3.64493E-06
0.18 2.99150E-05 4.55023E-05 5.74080E-05 6.95636E-05 9.69314E-05 1.01593E-04 8.30777E-05 5.54372E-05 5.47504E-05 5.10904E-05 4.72927E-05 4.44236E-05 4.26931E-05 3.84019E-05 3.57841E-05 3.42016E-05 3.18053E-05 3.07211E-05 2.83130E-05 2.97717E-05 2.72590E-05 2.50937E-05
0.3 5.68510E-05 6.98943E-05 8.61474E-05 1.03816E-04 1.32360E-04 1.51018E-04 1.70547E-04 1.90777E-04 2.01034E-04 2.05970E-04 1.83661E-04 1.65828E-04 1.61629E-04 1.53559E-04 1.47419E-04 1.38088E-04 1.27433E-04 1.26901E-04 1.24409E-04 1.28451E-04 1.16185E-04 1.11294E-04
0.56 1.20348E-04 1.47566E-04 1.79907E-04 2.11055E-04 2.73569E-04 3.28385E-04 3.73870E-04 4.55877E-04 5.12385E-04 5.54316E-04 5.82542E-04 5.97832E-04 6.01112E-04 6.16018E-04 6.12548E-04 6.13283E-04 5.91308E-04 5.93393E-04 5.95519E-04 5.90056E-04 5.76058E-04 5.94335E-04
1.0 2.20025E-04 2.65232E-04 3.35853E-04 3.82848E-04 5.01614E-04 6.08851E-04 7.01987E-04 8.48726E-04 9.86032E-04 1.07624E-03 1.14121E-03 1.20495E-03 1.28551E-03 1.28857E-03 1.31298E-03 1.32228E-03 1.32107E-03 1.31795E-03 1.36852E-03 1.36284E-03 1.33161E-03 1.33798E-03
3.0 5.10092E-04 6.08613E-04 7.48492E-04 8.94354E-04 1.15521E-03 1.41058E-03 1.61867E-03 2.02942E-03 2.37007E-03 2.65804E-03 2.87221E-03 3.05734E-03 3.27942E-03 3.35994E-03 3.50758E-03 3.58891E-03 3.63265E-03 3.74856E-03 3.82002E-03 3.96832E-03 3.69156E-03 3.68943E-03
10.0 1.32271E-03 1.57136E-03 1.95919E-03 2.27405E-03 2.97530E-03 3.59281E-03 4.17733E-03 5.15705E-03 6.03605E-03 6.82244E-03 7.37566E-03 7.83967E-03 8.17714E-03 8.51567E-03 8.75604E-03 9.07203E-03 9.25618E-03 9.23080E-03 9.52316E-03 9.58005E-03 9.48688E-03 9.30895E-03
30.0 2.50636E-03 3.00238E-03 3.66491E-03 4.24639E-03 5.50498E-03 6.71323E-03 7.85366E-03 9.93073E-03 1.15793E-02 1.31667E-02 1.43588E-02 1.54104E-02 1.64889E-02 1.71683E-02 1.80535E-02 1.83747E-02 1.89721E-02 1.92154E-02 1.97045E-02 1.97602E-02 2.03146E-02 2.19813E-02
100.0 5.50678E-03 6.39854E-03 7.86666E-03 9.09943E-03 1.19401E-02 1.44943E-02 1.69930E-02 2.11419E-02 2.53369E-02 2.85288E-02 3.17591E-02 3.47116E-02 3.68126E-02 3.86321E-02 4.04704E-02 4.25883E-02 4.38630E-02 4.44884E-02 4.69377E-02 4.78704E-02 4.80216E-02 4.78145E-02
