Yield function of production of Ti44 by protons, neutrons, alphas, pi+ and pi-, [(Ti44 atoms * cm2) / (g * prim. part. nucleon)] (computed with Geant4.10).
The primaries are alphas.
Energy[GeV/nuc],depths[g/cm2]: 1 3 5 10 15 20 30 40 50 60 70 80 90 100 110 120 130 140 150 160 170 186
0.01 1.76131E-04 2.12674E-07 1.84469E-07 1.77273E-07 1.65583E-07 1.64717E-07 1.55020E-07 1.43538E-07 1.28649E-07 1.16333E-07 8.81092E-08 7.51764E-08 6.79582E-08 5.69767E-08 5.35497E-08 4.26441E-08 2.62549E-08 4.20134E-08 2.27492E-08 2.45900E-08 2.73223E-08 1.38963E-08
0.03 1.79991E-04 2.80232E-05 3.16686E-06 3.08165E-06 2.95670E-06 2.94382E-06 2.91561E-06 2.75654E-06 2.59465E-06 2.35670E-06 2.13781E-06 1.96640E-06 1.64991E-06 1.45294E-06 1.30493E-06 1.16851E-06 1.07884E-06 9.95339E-07 8.38963E-07 7.13693E-07 5.77343E-07 6.17870E-07
0.1 3.03499E-04 2.80092E-04 2.33554E-04 1.87530E-04 8.04764E-05 8.10303E-05 8.14143E-05 8.19122E-05 8.04644E-05 7.72604E-05 7.31463E-05 6.81958E-05 6.48624E-05 6.07848E-05 5.56896E-05 5.20419E-05 5.07144E-05 4.69040E-05 4.35135E-05 4.31466E-05 4.14104E-05 6.43686E-05
0.18 3.82844E-04 3.98178E-04 4.03391E-04 4.07104E-04 4.05617E-04 3.93323E-04 3.76149E-04 3.37910E-04 3.40636E-04 3.39277E-04 3.31479E-04 3.13411E-04 3.08314E-04 2.96680E-04 2.88707E-04 2.68340E-04 2.55035E-04 2.53052E-04 2.35092E-04 2.24605E-04 2.37410E-04 2.24242E-04
0.3 2.69446E-04 3.62424E-04 4.92083E-04 6.00678E-04 7.39545E-04 8.33312E-04 8.99162E-04 1.00607E-03 1.06765E-03 1.08654E-03 1.08411E-03 1.06071E-03 1.03135E-03 1.02437E-03 9.79385E-04 9.56863E-04 9.42447E-04 1.00455E-03 9.21999E-04 8.58404E-04 8.09847E-04 8.16372E-04
0.56 5.21764E-04 6.24563E-04 7.86208E-04 9.07734E-04 1.19227E-03 1.45637E-03 1.68256E-03 2.05528E-03 2.36330E-03 2.58650E-03 2.80065E-03 2.98401E-03 3.08118E-03 3.14731E-03 3.15505E-03 3.18482E-03 3.22387E-03 3.27791E-03 3.23460E-03 3.24801E-03 3.07693E-03 3.17730E-03
1.0 9.04594E-04 1.09222E-03 1.34867E-03 1.59767E-03 2.07232E-03 2.54756E-03 2.92627E-03 3.64251E-03 4.23051E-03 4.72102E-03 5.12011E-03 5.35711E-03 5.65028E-03 5.75170E-03 5.90831E-03 5.99975E-03 6.18697E-03 6.11927E-03 6.23098E-03 6.36740E-03 6.22015E-03 6.14518E-03
3.0 2.10302E-03 2.50245E-03 3.10186E-03 3.60583E-03 4.74009E-03 5.79427E-03 6.70267E-03 8.34878E-03 9.83761E-03 1.10597E-02 1.19907E-02 1.27865E-02 1.34894E-02 1.41354E-02 1.45713E-02 1.48615E-02 1.53258E-02 1.54417E-02 1.57216E-02 1.56601E-02 1.54956E-02 1.69131E-02
10.0 5.13088E-03 6.06906E-03 7.51489E-03 8.69354E-03 1.14574E-02 1.40577E-02 1.61743E-02 2.06693E-02 2.39007E-02 2.70740E-02 2.96153E-02 3.18130E-02 3.33546E-02 3.52160E-02 3.64216E-02 3.75291E-02 3.84287E-02 3.84599E-02 3.91708E-02 3.97413E-02 4.03794E-02 4.03818E-02
30.0 1.05691E-02 1.25798E-02 1.53367E-02 1.77571E-02 2.32995E-02 2.83821E-02 3.30845E-02 4.19781E-02 4.99769E-02 5.59113E-02 6.16548E-02 6.57885E-02 7.03235E-02 7.38055E-02 7.68739E-02 7.98033E-02 8.17173E-02 8.36539E-02 8.57494E-02 8.60051E-02 8.75177E-02 8.51773E-02
100.0 2.24974E-02 2.59838E-02 3.18021E-02 3.69109E-02 4.83504E-02 5.85115E-02 6.77445E-02 8.60225E-02 1.00091E-01 1.14647E-01 1.28288E-01 1.39257E-01 1.50706E-01 1.57372E-01 1.65013E-01 1.75267E-01 1.82037E-01 1.86039E-01 1.95933E-01 1.94654E-01 2.06338E-01 2.03951E-01
