Yield function of production of Ti44 by protons, neutrons, alphas, [(Ti44 atoms * cm2) / (g * prim. part. nucleon)] (computed with Geant4.10).
The primaries are alphas.
Energy[GeV/nuc],depths[g/cm2]: 0 1 3 5 12.04 19.08 26.12 33.16 40.2 47.24 54.28 61.32 68.36 75.4 82.44 89.48 96.52 103.56 110.6 117.64 124.68 131.72 138.76 145.8 152.84 159.88 166.92 173.96 181 188.04 195.08 202.12 209.16 216.2
0.03 1.06416E-05 1.73977E-07 1.05342E-10 8.37190E-11 6.20302E-11 5.21946E-11 4.52626E-11 3.95123E-11 3.47007E-11 3.02370E-11 3.22183E-11 2.96635E-11 2.33198E-11 2.65727E-11 1.98322E-11 1.93539E-11 1.48733E-11 2.12942E-11 1.27589E-11 1.39020E-11 9.78585E-12 1.07883E-11 1.12041E-11 9.97825E-12 9.00798E-12 8.60757E-12 9.75117E-12 1.07629E-11 9.40040E-12 1.23979E-11 1.27888E-11 6.49391E-12 2.34890E-13 9.69833E-13
0.1 1.23192E-05 1.09927E-05 8.14867E-06 5.39478E-06 2.13582E-08 1.74827E-08 1.54817E-08 1.40404E-08 1.30064E-08 1.23514E-08 1.12203E-08 1.02075E-08 9.83224E-09 8.81764E-09 8.57280E-09 8.20667E-09 7.83257E-09 7.39364E-09 7.24209E-09 6.76937E-09 7.42224E-09 6.50398E-09 6.80377E-09 6.74192E-09 6.55015E-09 5.34759E-09 5.02756E-09 5.10649E-09 4.58567E-09 5.03339E-09 3.58589E-09 4.22953E-09 3.71182E-09 6.60334E-09
0.18 9.78109E-06 9.39228E-06 8.34716E-06 7.79009E-06 5.27058E-06 2.90607E-06 4.42800E-07 1.81656E-07 1.66568E-07 1.56988E-07 1.43322E-07 1.36380E-07 1.24480E-07 1.18013E-07 1.17201E-07 1.14327E-07 1.07523E-07 1.02671E-07 9.94114E-08 9.89258E-08 9.37807E-08 9.12491E-08 9.07118E-08 9.17526E-08 8.33776E-08 8.45916E-08 8.81187E-08 7.63548E-08 8.11960E-08 6.54811E-08 7.08640E-08 7.51361E-08 7.58069E-08 1.33897E-07
0.3 1.06267E-05 1.07983E-05 9.42782E-06 9.56011E-06 7.01855E-06 5.93472E-06 4.99913E-06 4.16201E-06 3.46940E-06 2.78849E-06 2.07888E-06 1.36224E-06 1.01107E-06 9.64785E-07 8.89753E-07 8.71730E-07 8.21311E-07 7.83477E-07 7.69213E-07 7.36746E-07 7.36783E-07 7.10636E-07 6.77675E-07 6.88491E-07 6.74157E-07 6.53903E-07 8.01515E-07 6.30851E-07 5.73641E-07 5.91606E-07 6.81412E-07 7.33375E-07 4.19174E-07 3.62604E-07
0.56 1.34414E-05 1.32928E-05 1.32380E-05 1.32618E-05 1.24356E-05 1.23732E-05 1.17910E-05 1.15240E-05 1.09591E-05 1.08183E-05 9.94095E-06 9.57043E-06 9.30122E-06 8.58018E-06 8.36630E-06 8.13256E-06 7.75096E-06 7.36762E-06 7.05357E-06 6.74633E-06 6.47370E-06 6.19942E-06 5.83024E-06 5.64532E-06 5.54547E-06 5.46423E-06 5.42108E-06 5.50599E-06 5.11373E-06 5.17266E-06 4.91450E-06 5.45578E-06 5.72724E-06 6.13035E-06
1.0 1.78332E-05 1.83604E-05 1.92055E-05 1.93783E-05 1.96818E-05 2.03831E-05 2.14033E-05 2.12192E-05 2.04806E-05 2.05933E-05 2.08105E-05 2.08585E-05 2.02394E-05 2.03457E-05 1.98059E-05 2.03898E-05 1.97734E-05 1.93177E-05 1.95110E-05 1.89073E-05 2.15855E-05 1.88545E-05 1.94601E-05 1.81139E-05 1.80381E-05 1.80675E-05 1.75634E-05 1.79528E-05 1.84346E-05 2.06537E-05 1.64594E-05 2.06343E-05 2.10648E-05 1.69546E-05
3.0 2.77136E-05 2.89680E-05 3.04120E-05 3.17983E-05 3.36413E-05 3.54178E-05 3.66132E-05 3.82428E-05 3.82546E-05 3.93070E-05 3.96519E-05 4.06455E-05 4.12798E-05 4.05943E-05 4.08648E-05 4.29683E-05 4.16665E-05 4.16228E-05 4.30056E-05 4.19210E-05 4.12360E-05 4.04225E-05 3.96725E-05 4.10647E-05 4.35930E-05 4.27867E-05 4.07172E-05 4.12432E-05 4.10367E-05 3.97392E-05 4.08778E-05 4.16563E-05 3.64918E-05 3.28732E-05
10.0 4.40370E-05 4.64332E-05 4.81541E-05 5.01524E-05 5.35430E-05 5.66622E-05 6.03320E-05 6.34720E-05 6.57189E-05 6.72572E-05 6.98377E-05 7.14782E-05 7.32828E-05 7.19033E-05 7.34651E-05 7.47275E-05 7.52696E-05 7.71645E-05 7.69361E-05 7.94776E-05 7.89995E-05 7.93931E-05 7.97055E-05 8.12467E-05 8.09575E-05 7.78833E-05 7.84737E-05 7.87867E-05 8.20710E-05 8.34649E-05 8.01215E-05 7.76702E-05 7.40782E-05 8.35888E-05
30.0 7.10741E-05 7.40589E-05 7.74326E-05 7.93206E-05 8.55710E-05 9.24295E-05 9.94333E-05 1.04668E-04 1.09662E-04 1.13795E-04 1.15533E-04 1.21448E-04 1.23744E-04 1.26791E-04 1.32222E-04 1.28613E-04 1.35448E-04 1.33336E-04 1.36735E-04 1.31478E-04 1.33781E-04 1.34231E-04 1.36011E-04 1.37820E-04 1.36514E-04 1.42430E-04 1.42608E-04 1.45979E-04 1.39242E-04 1.34621E-04 1.49895E-04 1.37867E-04 1.22935E-04 1.09667E-04
100.0 1.19029E-04 1.22473E-04 1.30821E-04 1.38351E-04 1.43877E-04 1.55958E-04 1.68439E-04 1.81234E-04 1.87443E-04 1.99578E-04 2.14223E-04 2.27812E-04 2.32675E-04 2.50130E-04 2.55343E-04 2.46999E-04 2.42552E-04 2.56115E-04 2.46296E-04 2.51875E-04 2.53244E-04 2.46317E-04 2.48888E-04 2.46752E-04 2.45066E-04 2.84342E-04 2.43545E-04 2.08912E-04 1.97353E-04 2.00959E-04 2.25146E-04 2.37876E-04 2.52042E-04 3.10627E-04
