Yield function of production of Ti44 by protons, neutrons, alphas, [(Ti44 atoms * cm2) / (g * prim. part. nucleon)] (computed with Geant4.10).
The primaries are protons.
Energy[GeV/nuc],depths[g/cm2]: 0 1 3 5 12.04 19.08 26.12 33.16 40.2 47.24 54.28 61.32 68.36 75.4 82.44 89.48 96.52 103.56 110.6 117.64 124.68 131.72 138.76 145.8 152.84 159.88 166.92 173.96 181 188.04 195.08 202.12 209.16 216.2
0.03 9.86065E-09 3.09350E-16 3.18873E-16 3.32489E-16 9.94541E-17 1.10665E-16 0.00000E+00 0.00000E+00 0.00000E+00 0.00000E+00 0.00000E+00 0.00000E+00 0.00000E+00 0.00000E+00 0.00000E+00 0.00000E+00 0.00000E+00 0.00000E+00 0.00000E+00 0.00000E+00 0.00000E+00 0.00000E+00 0.00000E+00 0.00000E+00 0.00000E+00 0.00000E+00 0.00000E+00 0.00000E+00 0.00000E+00 0.00000E+00 0.00000E+00 0.00000E+00 0.00000E+00 0.00000E+00
0.1 5.32679E-07 2.26207E-07 5.41855E-08 2.37039E-08 3.50144E-10 2.83546E-10 2.32550E-10 2.17607E-10 1.71359E-10 1.49757E-10 1.30842E-10 1.23806E-10 1.13111E-10 1.04953E-10 9.72386E-11 7.69977E-11 7.22277E-11 7.31865E-11 7.07429E-11 6.86440E-11 6.11114E-11 6.06627E-11 5.36175E-11 5.93086E-11 4.95239E-11 6.06698E-11 4.32195E-11 7.60021E-11 3.44316E-11 6.37146E-11 8.07908E-11 5.61660E-11 4.99776E-11 2.58809E-10
0.18 1.86592E-06 1.36141E-06 1.03214E-06 7.60679E-07 2.33866E-07 3.72839E-08 1.01619E-08 8.93559E-09 8.00611E-09 7.41654E-09 6.81202E-09 6.33440E-09 5.82706E-09 5.74475E-09 5.53031E-09 6.24994E-09 4.65453E-09 4.31328E-09 4.17823E-09 4.49033E-09 4.68370E-09 4.18618E-09 3.77002E-09 3.71815E-09 4.30919E-09 3.32156E-09 3.52015E-09 4.05615E-09 3.24800E-09 2.93591E-09 2.83111E-09 3.25074E-09 7.02314E-09 6.83843E-09
0.3 3.96314E-06 3.77007E-06 3.23064E-06 2.76146E-06 1.81074E-06 1.24641E-06 8.35902E-07 5.38828E-07 3.29436E-07 1.80201E-07 1.01944E-07 7.72364E-08 7.25634E-08 7.44669E-08 6.78104E-08 6.51468E-08 6.75158E-08 6.69289E-08 6.08867E-08 5.77697E-08 5.43675E-08 5.26290E-08 4.79744E-08 4.82762E-08 4.86711E-08 5.23738E-08 4.96226E-08 4.29782E-08 4.41345E-08 4.47602E-08 4.80074E-08 2.95385E-08 3.03255E-08 8.61715E-08
0.56 7.06984E-06 7.32628E-06 6.65978E-06 6.50362E-06 5.43503E-06 4.79631E-06 4.30880E-06 3.85301E-06 3.54997E-06 3.07158E-06 2.72780E-06 2.39206E-06 2.11254E-06 1.94973E-06 1.68917E-06 1.52069E-06 1.36494E-06 1.18149E-06 1.03396E-06 8.90864E-07 8.39163E-07 7.03126E-07 6.04661E-07 5.38380E-07 4.81534E-07 4.36339E-07 4.41428E-07 4.12004E-07 4.69531E-07 4.42641E-07 4.75121E-07 4.01447E-07 3.44310E-07 1.20239E-07
1.0 9.41445E-06 9.78366E-06 9.28189E-06 9.33952E-06 8.66936E-06 8.17863E-06 7.69165E-06 7.21022E-06 7.27044E-06 6.67340E-06 6.66588E-06 6.16262E-06 5.93043E-06 5.78043E-06 5.73210E-06 5.18936E-06 5.12394E-06 5.07989E-06 4.82337E-06 4.79920E-06 4.53826E-06 4.72422E-06 4.47945E-06 4.23463E-06 4.56238E-06 4.03584E-06 3.98462E-06 4.92123E-06 3.70196E-06 3.79079E-06 3.60370E-06 3.60295E-06 3.65137E-06 2.66694E-06
3.0 9.48008E-06 9.57403E-06 9.70943E-06 9.79267E-06 9.90369E-06 1.00542E-05 1.00342E-05 1.04013E-05 1.08005E-05 1.06626E-05 1.05032E-05 1.04764E-05 1.09843E-05 1.05662E-05 1.05424E-05 1.05935E-05 1.09295E-05 1.05324E-05 1.06841E-05 1.14172E-05 1.05908E-05 1.03106E-05 1.16063E-05 1.14658E-05 1.04366E-05 1.03781E-05 1.02967E-05 1.04542E-05 1.00514E-05 1.06072E-05 1.02779E-05 1.01191E-05 9.35290E-06 1.00843E-05
10.0 1.34437E-05 1.38275E-05 1.43659E-05 1.46770E-05 1.49755E-05 1.55402E-05 1.62501E-05 1.68678E-05 1.74135E-05 1.76984E-05 1.82002E-05 1.79125E-05 1.78158E-05 1.81094E-05 1.85075E-05 1.87809E-05 1.90379E-05 2.00558E-05 1.92577E-05 1.91520E-05 1.86283E-05 1.88459E-05 1.88453E-05 1.94475E-05 1.97039E-05 1.95391E-05 1.96531E-05 1.96187E-05 1.86083E-05 1.84984E-05 1.75655E-05 1.92957E-05 1.75034E-05 1.80191E-05
30.0 2.00074E-05 2.01085E-05 2.08222E-05 2.09521E-05 2.21014E-05 2.33059E-05 2.52485E-05 2.61817E-05 2.72635E-05 2.77464E-05 2.89584E-05 3.04427E-05 3.03260E-05 3.10835E-05 3.14353E-05 3.19523E-05 3.45343E-05 3.27713E-05 3.35736E-05 3.41153E-05 3.44028E-05 3.38085E-05 3.52990E-05 3.46030E-05 3.40530E-05 3.53874E-05 3.46606E-05 3.58503E-05 3.44063E-05 3.44122E-05 3.33313E-05 3.20752E-05 2.69589E-05 4.49807E-05
100.0 3.43506E-05 3.50396E-05 3.65673E-05 3.70631E-05 3.88452E-05 4.24725E-05 4.56688E-05 4.65145E-05 4.90349E-05 5.13468E-05 5.41183E-05 5.41690E-05 5.73407E-05 5.72331E-05 5.83805E-05 6.09124E-05 6.03707E-05 6.37434E-05 7.87583E-05 6.73343E-05 6.38545E-05 6.49799E-05 6.69163E-05 6.70744E-05 7.04089E-05 7.15411E-05 6.90255E-05 7.22035E-05 6.78759E-05 7.75457E-05 7.06870E-05 7.27255E-05 7.32659E-05 6.64905E-05
