Yield function of production of Ti44 by protons, neutrons, alphas, [(Ti44 atoms * cm2) / (g * prim. part. nucleon)] (computed with Geant4.10).
The primaries are alphas.
Energy[GeV/nuc],depths[g/cm2]: 1 3 5 10 15 20 30 40 50 60 70 80 90 100 110 120 130 135 141.6
0.01 7.30844E-07 6.69599E-13 5.16792E-13 3.80280E-13 3.87855E-13 2.69642E-13 1.91531E-13 1.33442E-13 6.33382E-14 4.38731E-14 1.74265E-14 2.41084E-14 3.62935E-15 5.66642E-15 1.03320E-14 0.00000E+00 0.00000E+00 0.00000E+00 0.00000E+00
0.03 4.08004E-07 5.29630E-08 8.00313E-10 6.63286E-10 5.37850E-10 4.54433E-10 4.25162E-10 3.41096E-10 2.78983E-10 2.34292E-10 2.21650E-10 1.89049E-10 1.62070E-10 1.74282E-10 1.48457E-10 1.62656E-10 1.02100E-10 9.23556E-11 1.94819E-10
0.1 2.92706E-07 2.92940E-07 2.57956E-07 2.09987E-07 4.26260E-08 3.66433E-08 3.32254E-08 2.76574E-08 2.49494E-08 2.20922E-08 2.09871E-08 2.01386E-08 1.86245E-08 1.77445E-08 1.68915E-08 1.40946E-08 1.45027E-08 1.29960E-08 1.92674E-08
0.18 3.13829E-07 3.50544E-07 3.54180E-07 3.53334E-07 3.36288E-07 2.93157E-07 2.49976E-07 1.55424E-07 1.41372E-07 1.24428E-07 1.16125E-07 1.10844E-07 1.06024E-07 1.01306E-07 9.76998E-08 9.54407E-08 9.76766E-08 7.98543E-08 8.90723E-08
0.3 4.36216E-07 4.75807E-07 5.18292E-07 5.49117E-07 5.79711E-07 5.91559E-07 6.03263E-07 5.76681E-07 5.49016E-07 5.11076E-07 4.85349E-07 4.30586E-07 4.08083E-07 3.93269E-07 3.85552E-07 3.66730E-07 3.88929E-07 3.35595E-07 3.48578E-07
0.56 7.48600E-07 8.05641E-07 8.73990E-07 9.50874E-07 1.03033E-06 1.10662E-06 1.18406E-06 1.21623E-06 1.25085E-06 1.34233E-06 1.31055E-06 1.35407E-06 1.36050E-06 1.36061E-06 1.32795E-06 1.38215E-06 1.37540E-06 1.41762E-06 1.20237E-06
1.0 1.07089E-06 1.15566E-06 1.27417E-06 1.35461E-06 1.47739E-06 1.60022E-06 1.69518E-06 1.82018E-06 1.92816E-06 1.99819E-06 2.03204E-06 2.11801E-06 2.12937E-06 2.15723E-06 2.45466E-06 2.13324E-06 2.09394E-06 2.17245E-06 2.11717E-06
3.0 1.90531E-06 2.07584E-06 2.22505E-06 2.40807E-06 2.66420E-06 2.81879E-06 3.02820E-06 3.33652E-06 3.52884E-06 3.74743E-06 3.88081E-06 4.08678E-06 4.17093E-06 4.14377E-06 4.22533E-06 4.16187E-06 4.24026E-06 4.01124E-06 5.63410E-06
10.0 3.71198E-06 3.95166E-06 4.29241E-06 4.60200E-06 5.25671E-06 5.57396E-06 6.16151E-06 6.65790E-06 7.13234E-06 7.56109E-06 8.05835E-06 8.21593E-06 8.44945E-06 8.57220E-06 8.46895E-06 8.72148E-06 8.65014E-06 8.79931E-06 7.54198E-06
30.0 6.44457E-06 6.83270E-06 7.38184E-06 7.93645E-06 8.86412E-06 9.60167E-06 1.03480E-05 1.13570E-05 1.26082E-05 1.33229E-05 1.42189E-05 1.47274E-05 1.52131E-05 1.62171E-05 1.60405E-05 1.68771E-05 1.77794E-05 1.73004E-05 1.55023E-05
100.0 1.19376E-05 1.26326E-05 1.38107E-05 1.45711E-05 1.67056E-05 1.76270E-05 1.87811E-05 2.06736E-05 2.27811E-05 2.41189E-05 2.57607E-05 2.62806E-05 2.81597E-05 2.87561E-05 2.88163E-05 3.40365E-05 3.11360E-05 2.67243E-05 2.89188E-05
