Yield function of production of Ti44 by protons, neutrons, alphas, pi+ and pi-, [(Ti44 atoms * cm2) / (g * prim. part. nucleon)] (computed with Geant4.10).
The primaries are alphas.
Energy[GeV/nuc],depths[g/cm2]: 1 3 5 10 15 20 30 40 50 60 70 80 90 100 110 120 130 135 141.6
0.01 1.59243E-04 1.91863E-07 1.65300E-07 1.58832E-07 1.55106E-07 1.37655E-07 1.34327E-07 1.18650E-07 1.01270E-07 9.00492E-08 7.92514E-08 6.31811E-08 6.35137E-08 5.14643E-08 3.98743E-08 2.59615E-08 2.28467E-08 1.98649E-08 8.82095E-09
0.03 1.62767E-04 2.88859E-05 2.77429E-06 2.66610E-06 2.58774E-06 2.50265E-06 2.50115E-06 2.32687E-06 2.22048E-06 1.95958E-06 1.72607E-06 1.57469E-06 1.42942E-06 1.31064E-06 1.16965E-06 1.07103E-06 1.16851E-06 1.06778E-06 1.56927E-06
0.1 2.74565E-04 2.54577E-04 2.12458E-04 1.68980E-04 7.25604E-05 7.24084E-05 7.30450E-05 7.27520E-05 7.00237E-05 6.75225E-05 6.29092E-05 6.07662E-05 5.68189E-05 5.26733E-05 5.27018E-05 5.03322E-05 4.67547E-05 4.70406E-05 4.17065E-05
0.18 3.52754E-04 3.65909E-04 3.66557E-04 3.68280E-04 3.68222E-04 3.55339E-04 3.37569E-04 2.98253E-04 3.02996E-04 2.97755E-04 2.87557E-04 2.82808E-04 2.73831E-04 2.67468E-04 2.57860E-04 2.60453E-04 2.64008E-04 2.62625E-04 2.61336E-04
0.3 2.40526E-04 3.15777E-04 4.38759E-04 5.32542E-04 6.57156E-04 7.26619E-04 7.98265E-04 8.73124E-04 9.22959E-04 9.34537E-04 9.31357E-04 9.16115E-04 9.08067E-04 8.80921E-04 8.70778E-04 8.86884E-04 8.89189E-04 8.82681E-04 9.01700E-04
0.56 4.30368E-04 5.14615E-04 6.34370E-04 7.47882E-04 9.82745E-04 1.18128E-03 1.35589E-03 1.66455E-03 1.92125E-03 2.11039E-03 2.24865E-03 2.36833E-03 2.43931E-03 2.51302E-03 2.57479E-03 2.64752E-03 2.62672E-03 2.67296E-03 2.49101E-03
1.0 7.17119E-04 8.60958E-04 1.07493E-03 1.24924E-03 1.68243E-03 2.02630E-03 2.31789E-03 2.87964E-03 3.28262E-03 3.62459E-03 3.88367E-03 4.10381E-03 4.24553E-03 4.37411E-03 4.51222E-03 4.52057E-03 4.82410E-03 5.00702E-03 4.78661E-03
3.0 1.56648E-03 1.88879E-03 2.32296E-03 2.69655E-03 3.55476E-03 4.24813E-03 4.92707E-03 6.24381E-03 7.14586E-03 7.96853E-03 8.55170E-03 9.12996E-03 9.64984E-03 1.00345E-02 1.01531E-02 1.00419E-02 1.07383E-02 1.00082E-02 1.05082E-02
10.0 3.81848E-03 4.45830E-03 5.54779E-03 6.38492E-03 8.44882E-03 1.01557E-02 1.18857E-02 1.46858E-02 1.70490E-02 1.89367E-02 2.08269E-02 2.22453E-02 2.29894E-02 2.38356E-02 2.41766E-02 2.47668E-02 2.51966E-02 2.60217E-02 2.49201E-02
30.0 7.60955E-03 8.86373E-03 1.08042E-02 1.27449E-02 1.62794E-02 1.97590E-02 2.29374E-02 2.85355E-02 3.33423E-02 3.73075E-02 4.16008E-02 4.41335E-02 4.69595E-02 4.83495E-02 5.03156E-02 5.11893E-02 5.20974E-02 5.33650E-02 5.19522E-02
100.0 1.51721E-02 1.77835E-02 2.15606E-02 2.46376E-02 3.22995E-02 3.92266E-02 4.51373E-02 5.63705E-02 6.62989E-02 7.34343E-02 8.02665E-02 8.65224E-02 9.23429E-02 9.50043E-02 9.75306E-02 1.01626E-01 1.00915E-01 9.90287E-02 1.14183E-01
