Yield function of production of Ti44 by protons, neutrons, alphas, [(Ti44 atoms * cm2) / (g * prim. part. nucleon)] (computed with Geant4.10).
The primaries are protons.
Energy[GeV/nuc],depths[g/cm2]: 1 3 5 10 15 20 30 40 50 60 70 80 90 100 110 120 130 135 141.6
0.01 6.92620E-08 0.00000E+00 0.00000E+00 0.00000E+00 0.00000E+00 0.00000E+00 0.00000E+00 0.00000E+00 0.00000E+00 0.00000E+00 0.00000E+00 0.00000E+00 0.00000E+00 0.00000E+00 0.00000E+00 0.00000E+00 0.00000E+00 0.00000E+00 0.00000E+00
0.03 1.32241E-07 4.61691E-09 5.37631E-13 4.30601E-13 2.80622E-13 2.32518E-13 1.63918E-13 1.03394E-13 9.76803E-14 4.94001E-14 4.78078E-14 2.68675E-14 2.93422E-15 4.17391E-15 1.75733E-15 0.00000E+00 0.00000E+00 0.00000E+00 0.00000E+00
0.1 2.86244E-07 2.89650E-07 2.52253E-07 1.86368E-07 2.93073E-09 2.63843E-09 2.32306E-09 1.98352E-09 1.64599E-09 1.67762E-09 1.15476E-09 1.13261E-09 1.09615E-09 9.89084E-10 9.23607E-10 8.81978E-10 9.92813E-10 7.63734E-10 2.78020E-10
0.18 2.73484E-07 2.77607E-07 2.60666E-07 2.36979E-07 1.99979E-07 1.58427E-07 1.09017E-07 1.71871E-08 1.53454E-08 1.34965E-08 1.21733E-08 1.13250E-08 1.09346E-08 1.05464E-08 9.84009E-09 9.83589E-09 9.27283E-09 8.81793E-09 8.96458E-09
0.3 2.77559E-07 2.74612E-07 2.92333E-07 2.95143E-07 2.69764E-07 2.59049E-07 2.30924E-07 2.04986E-07 1.65034E-07 1.28607E-07 7.53476E-08 5.11130E-08 4.95692E-08 4.70289E-08 4.90910E-08 4.97312E-08 4.51749E-08 4.42276E-08 3.39848E-08
0.56 1.25773E-06 1.70242E-06 3.76204E-06 2.37090E-06 2.91728E-06 1.89038E-06 1.58741E-06 1.40667E-06 1.31374E-06 8.94049E-07 6.98571E-07 5.94376E-07 5.58552E-07 4.92121E-07 4.44364E-07 4.80650E-07 4.03313E-07 3.41645E-07 3.59734E-07
1.0 7.92076E-06 1.13158E-05 1.28106E-05 1.32793E-05 1.43755E-05 1.59617E-05 1.56381E-05 1.68550E-05 1.66625E-05 1.51621E-05 1.83208E-05 1.48480E-05 1.58533E-05 1.32949E-05 1.43721E-05 1.46775E-05 1.43825E-05 1.33613E-05 2.04155E-05
3.0 4.24750E-05 4.97681E-05 5.51730E-05 6.77608E-05 8.10668E-05 8.79241E-05 8.28517E-05 9.66724E-05 9.42986E-05 1.10144E-04 9.90615E-05 1.18449E-04 9.76614E-05 1.03789E-04 1.03271E-04 9.92022E-05 9.82630E-05 9.49614E-05 1.28086E-04
10.0 1.55240E-04 1.70679E-04 1.99713E-04 2.29606E-04 2.61024E-04 2.82777E-04 3.18640E-04 3.30531E-04 3.70166E-04 3.56891E-04 3.66874E-04 5.51973E-04 4.44477E-04 3.84954E-04 3.88881E-04 4.57382E-04 5.54704E-04 4.24627E-04 4.28993E-04
30.0 3.56240E-04 3.96209E-04 4.65985E-04 4.87036E-04 5.38381E-04 5.97793E-04 6.78816E-04 6.82941E-04 7.95156E-04 8.37818E-04 8.22875E-04 9.24539E-04 9.05872E-04 9.42862E-04 9.06051E-04 9.86667E-04 9.69642E-04 9.64603E-04 9.62124E-04
100.0 8.57256E-04 9.14352E-04 9.89080E-04 1.08023E-03 1.27876E-03 1.39568E-03 1.47854E-03 1.64490E-03 1.83114E-03 1.95261E-03 1.90642E-03 2.12373E-03 2.37791E-03 2.04342E-03 2.04072E-03 2.24396E-03 2.04730E-03 2.11191E-03 1.88836E-03
