Yield function of production of Ti44 by protons, neutrons, alphas, [(Ti44 atoms * cm2) / (g * prim. part. nucleon)] (computed with Geant4.10).
The primaries are alphas.
Energy[GeV/nuc],depths[g/cm2]: 1 3 5 10 15 20 30 40 50 60 70 80 90 100 110 120 130 135 141.6
0.01 1.59243E-04 1.91863E-07 1.65300E-07 1.58832E-07 1.55106E-07 1.37655E-07 1.34327E-07 1.18650E-07 1.01270E-07 9.00492E-08 7.92514E-08 6.31811E-08 6.35137E-08 5.14643E-08 3.98743E-08 2.59615E-08 2.28467E-08 1.98649E-08 8.82095E-09
0.03 1.62767E-04 2.88859E-05 2.77429E-06 2.66610E-06 2.58774E-06 2.50265E-06 2.50115E-06 2.32687E-06 2.22048E-06 1.95958E-06 1.72607E-06 1.57469E-06 1.42942E-06 1.31064E-06 1.16965E-06 1.07103E-06 1.16851E-06 1.06778E-06 1.56927E-06
0.1 2.74565E-04 2.54577E-04 2.12458E-04 1.68980E-04 7.25604E-05 7.24084E-05 7.30450E-05 7.27520E-05 7.00237E-05 6.75225E-05 6.29092E-05 6.07662E-05 5.68189E-05 5.26733E-05 5.27018E-05 5.03322E-05 4.67547E-05 4.70406E-05 4.17065E-05
0.18 3.52754E-04 3.65909E-04 3.66557E-04 3.68280E-04 3.68222E-04 3.55339E-04 3.37569E-04 2.98253E-04 3.02996E-04 2.97755E-04 2.87557E-04 2.82808E-04 2.73831E-04 2.67468E-04 2.57860E-04 2.60453E-04 2.64008E-04 2.62625E-04 2.61336E-04
0.3 2.40508E-04 3.15747E-04 4.38725E-04 5.32508E-04 6.57123E-04 7.26594E-04 7.98236E-04 8.73105E-04 9.22946E-04 9.34512E-04 9.31330E-04 9.16095E-04 9.08067E-04 8.80921E-04 8.70778E-04 8.86884E-04 8.89189E-04 8.82681E-04 9.01700E-04
0.56 4.26139E-04 5.09180E-04 6.28710E-04 7.41163E-04 9.75968E-04 1.17238E-03 1.34883E-03 1.65896E-03 1.91636E-03 2.10684E-03 2.24405E-03 2.36587E-03 2.43720E-03 2.51016E-03 2.57275E-03 2.64584E-03 2.62559E-03 2.67231E-03 2.48323E-03
1.0 6.87709E-04 8.21914E-04 1.02588E-03 1.19442E-03 1.62038E-03 1.94565E-03 2.25889E-03 2.78356E-03 3.21246E-03 3.56661E-03 3.82585E-03 4.02574E-03 4.18776E-03 4.31641E-03 4.45517E-03 4.46010E-03 4.64731E-03 4.94087E-03 4.75542E-03
3.0 1.41354E-03 1.70109E-03 2.10520E-03 2.47294E-03 3.25800E-03 3.94566E-03 4.59701E-03 5.85757E-03 6.76109E-03 7.57414E-03 8.13978E-03 8.73933E-03 9.23933E-03 9.61866E-03 9.74067E-03 9.67148E-03 1.02165E-02 9.56204E-03 1.00653E-02
10.0 3.18424E-03 3.76770E-03 4.70804E-03 5.48124E-03 7.46282E-03 8.99441E-03 1.05752E-02 1.32211E-02 1.55141E-02 1.74031E-02 1.91241E-02 2.04765E-02 2.13541E-02 2.22336E-02 2.26467E-02 2.31066E-02 2.36321E-02 2.33364E-02 2.32209E-02
30.0 6.02250E-03 7.11604E-03 8.82866E-03 1.04006E-02 1.38208E-02 1.70419E-02 1.99999E-02 2.54131E-02 2.98198E-02 3.38195E-02 3.76792E-02 4.01399E-02 4.24678E-02 4.42238E-02 4.61088E-02 4.69610E-02 4.80004E-02 4.96283E-02 4.78797E-02
100.0 1.16428E-02 1.39245E-02 1.71229E-02 2.03569E-02 2.71804E-02 3.33882E-02 3.90150E-02 4.96953E-02 5.81178E-02 6.56644E-02 7.27398E-02 7.80975E-02 8.36530E-02 8.63492E-02 8.80353E-02 9.24243E-02 9.19027E-02 8.98390E-02 1.09129E-01
