Yield function of production of Ti44 by protons, neutrons, alphas, pi+ and pi-, [(Ti44 atoms * cm2) / (g * prim. part. nucleon)] (computed with Geant4.10).
The primaries are protons.
Energy[GeV/nuc],depths[g/cm2]: 1 3 5 10 15 20 30 40 50 60 70 80 90 100 110 120 130 135 141.6
0.01 9.67837E-05 1.82440E-08 1.66861E-08 1.44147E-08 1.45919E-08 1.33277E-08 1.20490E-08 1.05943E-08 9.05412E-09 7.31769E-09 8.67609E-09 3.55832E-09 4.23166E-09 1.78483E-09 2.98860E-09 1.82251E-09 1.33609E-09 2.77955E-09 0.00000E+00
0.03 9.82447E-05 1.52017E-05 3.29149E-07 3.05208E-07 2.88875E-07 2.75814E-07 2.63500E-07 2.31636E-07 2.04901E-07 1.71098E-07 1.54342E-07 1.25730E-07 1.02923E-07 9.19289E-08 7.54519E-08 6.20533E-08 5.21937E-08 4.74442E-08 3.62188E-08
0.1 1.08064E-04 9.86124E-05 7.78022E-05 5.76736E-05 1.07838E-05 1.05245E-05 1.01286E-05 1.00225E-05 9.12425E-06 8.19221E-06 7.69519E-06 7.02366E-06 6.35586E-06 5.87273E-06 6.26543E-06 5.17253E-06 4.55206E-06 5.65463E-06 3.59856E-06
0.18 2.71384E-05 4.04721E-05 5.37699E-05 6.21374E-05 8.64231E-05 9.01900E-05 7.38622E-05 4.70936E-05 4.49861E-05 4.30645E-05 3.99175E-05 3.86023E-05 3.57678E-05 3.40742E-05 3.32757E-05 3.16543E-05 3.30944E-05 3.29534E-05 2.93715E-05
0.3 4.86728E-05 5.94643E-05 7.45603E-05 8.77069E-05 1.15323E-04 1.34109E-04 1.44528E-04 1.67821E-04 1.74101E-04 1.78476E-04 1.58127E-04 1.47387E-04 1.42181E-04 1.33661E-04 1.31063E-04 1.24789E-04 1.22628E-04 1.10995E-04 1.12091E-04
0.56 9.88580E-05 1.20756E-04 1.50987E-04 1.73609E-04 2.26796E-04 2.72871E-04 3.10762E-04 3.80051E-04 4.18158E-04 4.57168E-04 4.82677E-04 5.00102E-04 5.16929E-04 5.38486E-04 5.47763E-04 5.39106E-04 5.21318E-04 5.53641E-04 5.49641E-04
1.0 1.77094E-04 2.12989E-04 2.66419E-04 3.08571E-04 4.05476E-04 4.83382E-04 5.61783E-04 6.76325E-04 7.77856E-04 8.51588E-04 9.09679E-04 9.51177E-04 1.00154E-03 1.04155E-03 1.03759E-03 1.03970E-03 1.14839E-03 1.03141E-03 1.00126E-03
3.0 3.88257E-04 4.60958E-04 5.69191E-04 6.66835E-04 8.85050E-04 1.06442E-03 1.24058E-03 1.50870E-03 1.74086E-03 1.93516E-03 2.10470E-03 2.25777E-03 2.30282E-03 2.39848E-03 2.48190E-03 2.47935E-03 2.48725E-03 2.45576E-03 2.46415E-03
10.0 1.01577E-03 1.19589E-03 1.46976E-03 1.71934E-03 2.24020E-03 2.70508E-03 3.12623E-03 3.83654E-03 4.47136E-03 4.97435E-03 5.27638E-03 5.80933E-03 5.91983E-03 6.01229E-03 6.31142E-03 6.50034E-03 6.34243E-03 6.22571E-03 6.48250E-03
30.0 1.74450E-03 2.04504E-03 2.50988E-03 2.90809E-03 3.75664E-03 4.53930E-03 5.30094E-03 6.54737E-03 7.71115E-03 8.74458E-03 9.46840E-03 1.03413E-02 1.09538E-02 1.13867E-02 1.16854E-02 1.21919E-02 1.22235E-02 1.19293E-02 1.19100E-02
100.0 3.71763E-03 4.30224E-03 5.21310E-03 6.10011E-03 7.97839E-03 9.67624E-03 1.10586E-02 1.37681E-02 1.61127E-02 1.82912E-02 1.98283E-02 2.13065E-02 2.26097E-02 2.30037E-02 2.37114E-02 2.47748E-02 2.46868E-02 2.58968E-02 2.45904E-02
