Yield function of production of Ti44 by protons, neutrons, alphas, [(Ti44 atoms * cm2) / (g * prim. part. nucleon)] (computed with Geant4.10).
The primaries are alphas.
Energy[GeV/nuc],depths[g/cm2]: 1 3 5 10 15 20 30 40 50 60 70 80 90 100 110 120 130 135 141.6
0.01 7.30844E-07 6.69599E-13 5.16792E-13 3.80280E-13 3.87855E-13 2.69642E-13 1.91531E-13 1.33442E-13 6.33382E-14 4.38731E-14 1.74265E-14 2.41084E-14 3.62935E-15 5.66642E-15 1.03320E-14 0.00000E+00 0.00000E+00 0.00000E+00 0.00000E+00
0.03 4.08004E-07 5.29630E-08 8.00313E-10 6.63286E-10 5.37850E-10 4.54433E-10 4.25162E-10 3.41096E-10 2.78983E-10 2.34292E-10 2.21650E-10 1.89049E-10 1.62070E-10 1.74282E-10 1.48457E-10 1.62656E-10 1.02100E-10 9.23556E-11 1.94819E-10
0.1 2.92706E-07 2.92940E-07 2.57956E-07 2.09987E-07 4.26260E-08 3.66433E-08 3.32254E-08 2.76574E-08 2.49494E-08 2.20922E-08 2.09871E-08 2.01386E-08 1.86245E-08 1.77445E-08 1.68915E-08 1.40946E-08 1.45027E-08 1.29960E-08 1.92674E-08
0.18 3.13829E-07 3.50544E-07 3.54180E-07 3.53334E-07 3.36288E-07 2.93157E-07 2.49976E-07 1.55434E-07 1.41372E-07 1.24428E-07 1.16125E-07 1.10845E-07 1.06024E-07 1.01306E-07 9.76998E-08 9.54407E-08 9.76766E-08 7.98543E-08 8.90723E-08
0.3 4.53714E-07 5.05399E-07 5.52278E-07 5.83610E-07 6.12314E-07 6.17015E-07 6.32139E-07 5.96093E-07 5.61385E-07 5.35984E-07 5.12401E-07 4.51321E-07 4.08083E-07 3.93269E-07 3.85552E-07 3.66730E-07 3.88929E-07 3.35595E-07 3.48578E-07
0.56 4.97764E-06 6.24074E-06 6.53403E-06 7.67006E-06 7.80745E-06 1.00049E-05 8.24953E-06 6.80368E-06 6.14091E-06 4.89260E-06 5.91826E-06 3.81151E-06 3.47624E-06 4.22423E-06 3.37485E-06 3.05788E-06 2.51298E-06 2.06338E-06 8.98335E-06
1.0 3.04810E-05 4.02004E-05 5.03264E-05 5.61682E-05 6.35316E-05 8.22494E-05 6.06912E-05 9.78944E-05 7.20835E-05 5.99779E-05 5.98529E-05 8.01909E-05 5.98962E-05 5.98605E-05 5.95021E-05 6.26032E-05 1.78889E-04 6.83244E-05 3.33047E-05
3.0 1.54848E-04 1.89782E-04 2.19981E-04 2.26018E-04 2.99425E-04 3.05284E-04 3.33081E-04 3.89582E-04 3.88302E-04 3.98141E-04 4.15802E-04 3.94724E-04 4.14679E-04 4.19990E-04 4.16679E-04 3.74603E-04 5.25984E-04 4.50150E-04 4.48622E-04
10.0 6.37950E-04 6.94553E-04 8.44051E-04 9.08283E-04 9.91254E-04 1.16683E-03 1.31671E-03 1.47134E-03 1.54206E-03 1.54114E-03 1.71079E-03 1.77707E-03 1.64379E-03 1.61057E-03 1.53837E-03 1.66901E-03 1.57323E-03 2.69417E-03 1.70676E-03
30.0 1.59350E-03 1.75453E-03 1.98297E-03 2.35223E-03 2.46745E-03 2.72666E-03 2.94791E-03 3.13377E-03 3.53509E-03 3.50133E-03 3.93584E-03 4.00834E-03 4.50684E-03 4.14193E-03 4.22279E-03 4.24524E-03 4.11483E-03 3.75395E-03 4.08799E-03
100.0 3.54125E-03 3.87167E-03 4.45156E-03 4.29525E-03 5.13582E-03 5.85608E-03 6.14104E-03 6.69583E-03 8.20388E-03 7.79396E-03 7.55250E-03 8.45115E-03 8.71809E-03 8.68383E-03 9.52416E-03 9.23583E-03 9.04378E-03 9.21646E-03 5.08298E-03
