Yield function of production of Ti44 by protons, neutrons, alphas, [(Ti44 atoms * cm2) / (g * prim. part. nucleon)] (computed with Geant4.10).
The primaries are protons.
Energy[GeV/nuc],depths[g/cm2]: 1 3 5 10 15 20 30 40 50 60 70 80 90 100 110 120 130 135 141.6
0.01 6.92620E-08 0.00000E+00 0.00000E+00 0.00000E+00 0.00000E+00 0.00000E+00 0.00000E+00 0.00000E+00 0.00000E+00 0.00000E+00 0.00000E+00 0.00000E+00 0.00000E+00 0.00000E+00 0.00000E+00 0.00000E+00 0.00000E+00 0.00000E+00 0.00000E+00
0.03 1.32241E-07 4.61691E-09 5.37631E-13 4.30601E-13 2.80622E-13 2.32518E-13 1.63918E-13 1.03394E-13 9.76803E-14 4.94001E-14 4.78078E-14 2.68675E-14 2.93422E-15 4.17391E-15 1.75733E-15 0.00000E+00 0.00000E+00 0.00000E+00 0.00000E+00
0.1 2.86244E-07 2.89650E-07 2.52253E-07 1.86368E-07 2.93073E-09 2.63843E-09 2.32306E-09 1.98352E-09 1.64599E-09 1.67762E-09 1.15476E-09 1.13261E-09 1.09615E-09 9.89084E-10 9.23607E-10 8.81978E-10 9.92813E-10 7.63734E-10 2.78020E-10
0.18 2.73484E-07 2.77607E-07 2.60666E-07 2.36979E-07 1.99979E-07 1.58427E-07 1.09017E-07 1.71871E-08 1.53454E-08 1.34965E-08 1.21733E-08 1.13250E-08 1.09346E-08 1.05464E-08 9.84009E-09 9.83589E-09 9.27283E-09 8.81793E-09 8.96458E-09
0.3 2.73983E-07 2.71367E-07 2.87116E-07 2.93929E-07 2.69379E-07 2.58782E-07 2.30480E-07 2.04986E-07 1.65034E-07 1.28607E-07 7.53476E-08 5.11130E-08 4.95692E-08 4.70289E-08 4.90910E-08 4.97312E-08 4.51749E-08 4.42276E-08 3.39848E-08
0.56 2.99417E-07 3.15097E-07 3.28993E-07 3.32992E-07 3.42797E-07 3.58712E-07 3.55530E-07 3.82620E-07 3.59789E-07 3.56090E-07 3.55466E-07 3.51097E-07 3.52870E-07 3.92634E-07 3.54178E-07 3.44845E-07 3.36894E-07 3.41645E-07 3.59734E-07
1.0 3.48977E-07 3.72009E-07 3.93077E-07 4.16384E-07 4.35599E-07 4.55730E-07 4.79566E-07 5.03752E-07 5.11937E-07 5.18499E-07 5.12134E-07 5.38650E-07 5.29697E-07 5.54627E-07 5.25963E-07 5.42722E-07 5.42101E-07 5.01202E-07 5.05096E-07
3.0 5.25170E-07 5.59654E-07 6.00234E-07 6.20908E-07 6.87367E-07 7.27888E-07 7.61980E-07 8.26575E-07 8.61755E-07 9.25480E-07 9.44704E-07 9.77389E-07 9.76819E-07 1.01715E-06 1.01898E-06 1.10507E-06 1.01714E-06 1.10762E-06 1.27480E-06
10.0 1.05573E-06 1.13439E-06 1.22164E-06 1.29314E-06 1.45974E-06 1.57415E-06 1.66031E-06 1.81749E-06 1.91535E-06 2.04984E-06 2.05574E-06 2.06770E-06 2.16453E-06 2.16143E-06 2.24714E-06 2.22099E-06 2.20541E-06 2.19268E-06 2.34411E-06
30.0 1.54289E-06 1.63705E-06 1.74218E-06 1.90116E-06 2.05997E-06 2.23078E-06 2.38568E-06 2.71139E-06 2.94199E-06 3.10066E-06 3.31187E-06 3.49437E-06 3.52920E-06 3.67768E-06 3.66896E-06 4.23823E-06 3.87678E-06 3.83366E-06 4.15030E-06
100.0 2.91630E-06 3.07956E-06 3.36229E-06 3.50685E-06 3.98641E-06 4.21538E-06 4.51997E-06 5.05667E-06 5.61819E-06 6.03138E-06 6.27800E-06 6.60692E-06 6.75072E-06 6.70355E-06 6.93295E-06 7.27940E-06 7.97283E-06 7.30295E-06 8.18066E-06
