Yield function of production of Ti44 by protons, neutrons, alphas, [(Ti44 atoms * cm2) / (g * prim. part. nucleon)] (computed with Geant4.10).
The primaries are protons.
Energy[GeV/nuc],depths[g/cm2]: 1 3 5 10 15 20 30 40 50 60 70 80 90 100 110 120 130 135 141.6
0.01 9.67837E-05 1.82440E-08 1.66861E-08 1.44147E-08 1.45919E-08 1.33277E-08 1.20490E-08 1.05943E-08 9.05412E-09 7.31769E-09 8.67609E-09 3.55832E-09 4.23166E-09 1.78483E-09 2.98860E-09 1.82251E-09 1.33609E-09 2.77955E-09 0.00000E+00
0.03 9.82447E-05 1.52017E-05 3.29149E-07 3.05208E-07 2.88875E-07 2.75814E-07 2.63500E-07 2.31636E-07 2.04901E-07 1.71098E-07 1.54342E-07 1.25730E-07 1.02923E-07 9.19289E-08 7.54519E-08 6.20533E-08 5.21937E-08 4.74442E-08 3.62188E-08
0.1 1.08064E-04 9.86124E-05 7.78022E-05 5.76736E-05 1.07838E-05 1.05245E-05 1.01286E-05 1.00225E-05 9.12425E-06 8.19221E-06 7.69519E-06 7.02366E-06 6.35586E-06 5.87273E-06 6.26543E-06 5.17253E-06 4.55206E-06 5.65463E-06 3.59856E-06
0.18 2.71384E-05 4.04721E-05 5.37699E-05 6.21374E-05 8.64231E-05 9.01900E-05 7.38622E-05 4.70936E-05 4.49861E-05 4.30645E-05 3.99175E-05 3.86023E-05 3.57678E-05 3.40742E-05 3.32757E-05 3.16543E-05 3.30944E-05 3.29534E-05 2.93715E-05
0.3 4.86692E-05 5.94611E-05 7.45551E-05 8.77057E-05 1.15322E-04 1.34109E-04 1.44527E-04 1.67821E-04 1.74101E-04 1.78476E-04 1.58127E-04 1.47387E-04 1.42181E-04 1.33661E-04 1.31063E-04 1.24789E-04 1.22628E-04 1.10995E-04 1.12091E-04
0.56 9.78997E-05 1.19368E-04 1.47554E-04 1.71571E-04 2.24222E-04 2.71340E-04 3.09530E-04 3.79027E-04 4.17204E-04 4.56630E-04 4.82334E-04 4.99859E-04 5.16724E-04 5.38386E-04 5.47672E-04 5.38970E-04 5.21252E-04 5.53641E-04 5.49641E-04
1.0 1.69522E-04 2.02045E-04 2.54002E-04 2.95708E-04 3.91536E-04 4.67876E-04 5.46624E-04 6.59974E-04 7.61705E-04 8.36944E-04 8.91871E-04 9.36868E-04 9.86217E-04 1.02881E-03 1.02374E-03 1.02557E-03 1.13455E-03 1.01855E-03 9.81351E-04
3.0 3.46307E-04 4.11750E-04 5.14618E-04 5.99695E-04 8.04671E-04 9.77227E-04 1.15849E-03 1.41286E-03 1.64742E-03 1.82595E-03 2.00659E-03 2.14030E-03 2.20613E-03 2.29571E-03 2.37965E-03 2.38125E-03 2.39000E-03 2.36190E-03 2.33734E-03
10.0 8.61586E-04 1.02635E-03 1.27127E-03 1.49103E-03 1.98064E-03 2.42388E-03 2.80925E-03 3.50783E-03 4.10311E-03 4.61951E-03 4.91156E-03 5.25943E-03 5.47752E-03 5.62950E-03 5.92479E-03 6.04518E-03 5.78993E-03 5.80328E-03 6.05586E-03
30.0 1.38980E-03 1.65047E-03 2.04564E-03 2.42296E-03 3.22032E-03 3.94374E-03 4.62451E-03 5.86714E-03 6.91893E-03 7.90987E-03 8.64883E-03 9.42030E-03 1.00514E-02 1.04475E-02 1.07830E-02 1.12095E-02 1.12578E-02 1.09685E-02 1.09520E-02
100.0 2.86329E-03 3.39097E-03 4.22738E-03 5.02339E-03 6.70361E-03 8.28478E-03 9.58463E-03 1.21282E-02 1.42872E-02 1.63446E-02 1.79282E-02 1.91894E-02 2.02386E-02 2.09670E-02 2.16776E-02 2.25381E-02 2.26474E-02 2.37922E-02 2.27102E-02
