Yield function of production of Ti44 by protons, neutrons, alphas, pi+ and pi-, [(Ti44 atoms * cm2) / (g * prim. part. nucleon)] (computed with Geant4.10).
The primaries are protons.
Energy[GeV/nuc],depths[g/cm2]: 1 3 5 10 15 20 30 40 50 60 70 80 90 100 110 124.6
0.01 0.00000E+00 0.00000E+00 0.00000E+00 0.00000E+00 0.00000E+00 0.00000E+00 0.00000E+00 0.00000E+00 0.00000E+00 0.00000E+00 0.00000E+00 0.00000E+00 0.00000E+00 0.00000E+00 0.00000E+00 0.00000E+00
0.03 9.85447E-09 8.06969E-17 8.40029E-17 8.75356E-17 9.75381E-17 0.00000E+00 0.00000E+00 0.00000E+00 0.00000E+00 0.00000E+00 0.00000E+00 0.00000E+00 0.00000E+00 0.00000E+00 0.00000E+00 0.00000E+00
0.1 5.36428E-07 2.28710E-07 5.63321E-08 2.45226E-08 4.28920E-10 3.74525E-10 3.42184E-10 2.83525E-10 2.57919E-10 2.27403E-10 2.16933E-10 1.80710E-10 1.82502E-10 1.52996E-10 2.28341E-10 1.00781E-10
0.18 1.93533E-06 1.42039E-06 1.08459E-06 8.02933E-07 3.76218E-07 1.37699E-07 3.17922E-08 1.20029E-08 1.11243E-08 1.03612E-08 8.99779E-09 8.80382E-09 8.92362E-09 8.32956E-09 8.46113E-09 7.69348E-09
0.3 4.32023E-06 4.07354E-06 3.66140E-06 3.13631E-06 2.37728E-06 1.82497E-06 1.41584E-06 8.14091E-07 4.21401E-07 1.94694E-07 1.19834E-07 1.07031E-07 1.07917E-07 9.62317E-08 9.80967E-08 1.04011E-07
0.56 8.09748E-06 8.28837E-06 8.08389E-06 8.05570E-06 7.83832E-06 7.13669E-06 6.61248E-06 5.83904E-06 5.08297E-06 4.55126E-06 4.24269E-06 3.97371E-06 3.33074E-06 3.17180E-06 3.08680E-06 2.89983E-06
1.0 1.42514E-05 1.53881E-05 1.66529E-05 1.68421E-05 1.74776E-05 1.75766E-05 1.70209E-05 1.83887E-05 1.58609E-05 2.35824E-05 1.65714E-05 1.55330E-05 1.37918E-05 1.46272E-05 1.38372E-05 1.36655E-05
3.0 2.79595E-05 3.12320E-05 3.42628E-05 3.68829E-05 4.33651E-05 4.37755E-05 5.29913E-05 5.10289E-05 5.49402E-05 5.34699E-05 5.09316E-05 5.24917E-05 5.49333E-05 6.04827E-05 4.93569E-05 5.65923E-05
10.0 7.30159E-05 8.00363E-05 9.14580E-05 9.99769E-05 1.11036E-04 1.19379E-04 1.44257E-04 1.41853E-04 1.51688E-04 1.53848E-04 1.63937E-04 1.87519E-04 1.87944E-04 2.08173E-04 1.60182E-04 1.47495E-04
30.0 1.40217E-04 1.54141E-04 1.70855E-04 1.96634E-04 2.04913E-04 2.17761E-04 2.45358E-04 2.60795E-04 2.95877E-04 3.29438E-04 3.22494E-04 3.31453E-04 3.31952E-04 3.68976E-04 3.47490E-04 3.57800E-04
100.0 2.97918E-04 3.21249E-04 3.43182E-04 3.66372E-04 4.31577E-04 4.52223E-04 5.04071E-04 5.99533E-04 5.93792E-04 5.96112E-04 6.45985E-04 7.25224E-04 6.76340E-04 7.49965E-04 6.48446E-04 6.96316E-04
