Yield function of production of Ti44 by protons, neutrons, alphas, pi+ and pi-, [(Ti44 atoms * cm2) / (g * prim. part. nucleon)] (computed with Geant4.10).
The primaries are protons.
Energy[GeV/nuc],depths[g/cm2]: 1 3 5 10 15 20 30 40 50 60 70 80 90 100 110 124.6
0.01 0.00000E+00 0.00000E+00 0.00000E+00 0.00000E+00 0.00000E+00 0.00000E+00 0.00000E+00 0.00000E+00 0.00000E+00 0.00000E+00 0.00000E+00 0.00000E+00 0.00000E+00 0.00000E+00 0.00000E+00 0.00000E+00
0.03 9.85447E-09 8.06969E-17 8.40029E-17 8.75356E-17 9.75381E-17 0.00000E+00 0.00000E+00 0.00000E+00 0.00000E+00 0.00000E+00 0.00000E+00 0.00000E+00 0.00000E+00 0.00000E+00 0.00000E+00 0.00000E+00
0.1 5.36428E-07 2.28710E-07 5.63321E-08 2.45226E-08 4.28920E-10 3.74525E-10 3.42184E-10 2.83525E-10 2.57919E-10 2.27403E-10 2.16933E-10 1.80710E-10 1.82502E-10 1.52996E-10 2.28341E-10 1.00781E-10
0.18 1.93533E-06 1.42039E-06 1.08459E-06 8.02933E-07 3.76218E-07 1.37699E-07 3.17922E-08 1.20029E-08 1.11243E-08 1.03612E-08 8.99779E-09 8.80382E-09 8.92362E-09 8.32956E-09 8.46113E-09 7.69348E-09
0.3 4.31921E-06 4.07285E-06 3.66101E-06 3.13301E-06 2.37727E-06 1.82464E-06 1.41581E-06 8.14091E-07 4.21401E-07 1.94694E-07 1.19834E-07 1.07031E-07 1.07917E-07 9.62317E-08 9.80967E-08 1.04011E-07
0.56 7.73044E-06 7.80430E-06 7.52206E-06 7.45481E-06 6.79896E-06 6.56750E-06 5.97945E-06 5.44533E-06 4.82274E-06 4.31809E-06 4.06727E-06 3.87446E-06 3.22587E-06 3.14122E-06 3.07420E-06 2.89972E-06
1.0 1.10123E-05 1.10439E-05 1.11339E-05 1.08812E-05 1.04150E-05 1.06713E-05 1.01367E-05 9.58405E-06 9.49448E-06 9.71216E-06 9.11561E-06 9.03627E-06 8.43190E-06 8.24151E-06 8.82860E-06 8.08929E-06
3.0 1.04378E-05 1.06091E-05 1.09135E-05 1.09968E-05 1.13927E-05 1.17525E-05 1.19308E-05 1.19682E-05 1.22689E-05 1.21648E-05 1.28811E-05 1.24837E-05 1.31956E-05 1.29879E-05 1.26177E-05 1.29880E-05
10.0 1.37928E-05 1.43235E-05 1.49290E-05 1.52018E-05 1.58908E-05 1.63214E-05 1.69114E-05 1.80032E-05 1.81193E-05 1.97112E-05 1.96008E-05 1.96179E-05 1.95760E-05 2.01585E-05 2.00282E-05 1.74002E-05
30.0 1.74404E-05 1.78806E-05 1.89592E-05 1.94368E-05 2.05062E-05 2.11985E-05 2.25997E-05 2.39981E-05 2.57194E-05 2.53800E-05 2.64330E-05 2.77691E-05 2.86464E-05 3.18322E-05 2.94863E-05 2.94007E-05
100.0 2.58361E-05 2.66937E-05 2.79943E-05 2.88041E-05 3.08910E-05 3.31447E-05 3.44575E-05 3.72033E-05 3.85752E-05 3.96785E-05 4.23051E-05 4.25923E-05 4.59819E-05 5.06482E-05 4.17834E-05 4.07023E-05
