Yield function of production of Ti44 by protons, neutrons, alphas, pi+ and pi-, [(Ti44 atoms * cm2) / (g * prim. part. nucleon)] (computed with Geant4.10).
The primaries are alphas.
Energy[GeV/nuc],depths[g/cm2]: 1 3 5 10 15 20 30 40 50 60 70 80 90 100 110 124.6
0.01 2.90430E-06 3.06860E-15 3.45268E-15 3.25753E-15 2.21902E-15 4.95124E-16 5.75972E-16 8.44866E-16 0.00000E+00 0.00000E+00 0.00000E+00 0.00000E+00 0.00000E+00 0.00000E+00 0.00000E+00 0.00000E+00
0.03 1.06326E-05 1.44372E-07 1.08324E-10 9.77722E-11 7.64366E-11 6.93804E-11 7.34568E-11 4.91612E-11 4.74111E-11 3.65379E-11 3.23885E-11 3.55075E-11 2.82155E-11 2.81943E-11 2.44350E-11 1.76475E-11
0.1 1.25556E-05 1.12820E-05 8.47051E-06 5.58819E-06 2.84473E-08 2.39976E-08 2.27915E-08 1.97692E-08 1.78832E-08 1.85495E-08 1.58810E-08 1.56556E-08 1.43606E-08 1.33113E-08 1.52883E-08 8.85146E-09
0.18 1.00660E-05 1.00173E-05 9.16696E-06 8.33825E-06 6.66065E-06 4.88852E-06 2.90310E-06 2.57000E-07 2.26340E-07 2.13992E-07 1.95962E-07 1.90622E-07 1.87999E-07 1.80224E-07 1.70293E-07 1.45692E-07
0.3 1.11294E-05 1.14343E-05 1.03735E-05 1.02846E-05 9.27413E-06 8.04878E-06 7.25739E-06 5.80731E-06 4.72948E-06 3.46997E-06 2.02864E-06 1.59672E-06 1.42854E-06 1.35651E-06 1.27184E-06 1.28143E-06
0.56 1.64214E-05 1.70405E-05 1.76206E-05 1.77948E-05 1.94789E-05 1.77932E-05 1.72475E-05 1.70967E-05 1.64036E-05 1.53777E-05 1.52219E-05 1.66800E-05 1.49447E-05 1.37823E-05 1.37259E-05 1.43254E-05
1.0 3.28091E-05 3.53633E-05 4.09217E-05 4.14759E-05 4.46520E-05 5.34833E-05 4.85525E-05 4.93897E-05 5.32217E-05 5.15968E-05 5.11410E-05 4.88221E-05 4.98331E-05 5.13623E-05 5.07448E-05 4.53040E-05
3.0 9.34847E-05 1.10054E-04 1.24562E-04 1.28600E-04 1.46975E-04 1.62363E-04 1.68057E-04 1.92324E-04 1.89770E-04 2.11120E-04 2.06659E-04 2.00445E-04 1.97983E-04 2.13750E-04 1.95507E-04 2.10591E-04
10.0 2.89220E-04 3.11017E-04 3.50407E-04 4.08395E-04 4.46582E-04 4.85396E-04 5.42686E-04 5.59178E-04 6.15440E-04 6.16896E-04 6.58379E-04 6.73721E-04 7.26116E-04 6.92905E-04 6.89736E-04 6.96056E-04
30.0 5.92361E-04 6.44340E-04 7.55356E-04 7.89739E-04 8.95573E-04 1.00906E-03 1.06491E-03 1.22589E-03 1.25768E-03 1.35798E-03 1.36494E-03 1.48934E-03 1.41942E-03 1.46940E-03 1.33651E-03 1.52391E-03
100.0 1.20974E-03 1.25715E-03 1.36644E-03 1.46056E-03 1.63464E-03 1.83016E-03 2.03742E-03 2.44551E-03 2.43794E-03 2.92085E-03 2.58338E-03 2.83810E-03 2.86118E-03 3.42582E-03 2.97146E-03 2.72099E-03
