Yield function of production of Ti44 by protons, neutrons, alphas, pi+ and pi-, [(Ti44 atoms * cm2) / (g * prim. part. nucleon)] (computed with Geant4.10).
The primaries are alphas.
Energy[GeV/nuc],depths[g/cm2]: 1 3 5 10 15 20 30 40 50 60 70 80 90 100 110 124.6
0.01 2.90430E-06 3.06860E-15 3.45268E-15 3.25753E-15 2.21902E-15 4.95124E-16 5.75972E-16 8.44866E-16 0.00000E+00 0.00000E+00 0.00000E+00 0.00000E+00 0.00000E+00 0.00000E+00 0.00000E+00 0.00000E+00
0.03 1.06326E-05 1.44372E-07 1.08324E-10 9.77722E-11 7.64366E-11 6.93804E-11 7.34568E-11 4.91612E-11 4.74111E-11 3.65379E-11 3.23885E-11 3.55075E-11 2.82155E-11 2.81943E-11 2.44350E-11 1.76475E-11
0.1 1.25556E-05 1.12820E-05 8.47051E-06 5.58819E-06 2.84473E-08 2.39976E-08 2.27915E-08 1.97692E-08 1.78832E-08 1.85495E-08 1.58810E-08 1.56556E-08 1.43606E-08 1.33113E-08 1.52883E-08 8.85146E-09
0.18 1.00660E-05 1.00173E-05 9.16696E-06 8.33825E-06 6.66065E-06 4.88852E-06 2.90310E-06 2.57000E-07 2.26340E-07 2.13992E-07 1.95962E-07 1.90622E-07 1.87999E-07 1.80224E-07 1.70293E-07 1.45692E-07
0.3 1.11279E-05 1.14156E-05 1.03681E-05 1.02775E-05 9.26441E-06 8.03486E-06 7.25381E-06 5.80539E-06 4.72523E-06 3.46581E-06 2.02633E-06 1.59297E-06 1.42854E-06 1.35650E-06 1.27184E-06 1.28143E-06
0.56 1.53309E-05 1.56568E-05 1.58720E-05 1.58074E-05 1.63146E-05 1.57489E-05 1.55318E-05 1.53296E-05 1.50032E-05 1.43807E-05 1.43187E-05 1.59524E-05 1.36163E-05 1.30470E-05 1.31739E-05 1.39200E-05
1.0 2.13132E-05 2.23450E-05 2.29374E-05 2.33919E-05 2.45696E-05 2.51983E-05 2.58977E-05 2.61348E-05 2.65070E-05 2.71789E-05 2.73652E-05 2.71610E-05 2.72495E-05 2.77787E-05 2.80436E-05 2.61729E-05
3.0 3.04577E-05 3.16852E-05 3.37494E-05 3.47421E-05 3.74906E-05 3.93149E-05 4.12808E-05 4.23146E-05 4.41981E-05 4.60680E-05 4.70241E-05 4.74060E-05 4.88032E-05 5.02160E-05 4.78329E-05 5.00960E-05
10.0 4.31947E-05 4.53473E-05 4.85203E-05 5.14329E-05 5.51054E-05 5.87054E-05 6.13264E-05 6.62844E-05 7.02154E-05 7.14199E-05 7.25397E-05 7.57776E-05 7.64567E-05 7.84622E-05 8.13871E-05 7.90631E-05
30.0 6.12834E-05 6.36183E-05 6.77767E-05 6.94579E-05 7.75049E-05 8.24624E-05 8.69135E-05 9.59327E-05 9.91327E-05 1.05051E-04 1.14149E-04 1.09333E-04 1.12482E-04 1.16146E-04 1.15924E-04 1.05622E-04
100.0 8.68247E-05 8.95932E-05 9.64108E-05 1.05028E-04 1.11868E-04 1.26025E-04 1.36283E-04 1.53011E-04 1.62546E-04 1.66638E-04 1.70518E-04 1.80249E-04 1.75895E-04 1.76336E-04 1.73335E-04 1.89886E-04
