Yield function of production of Ti44 by protons, neutrons, alphas, pi+ and pi-, [(Ti44 atoms * cm2) / (g * prim. part. nucleon)] (computed with Geant4.10).
The primaries are protons.
Energy[GeV/nuc],depths[g/cm2]: 1 3 5 10 15 20 30 40 50 60 70 80 90 100 110 120 130 140 150 160 170 186
0.01 2.04205E-04 2.43312E-08 2.17521E-08 2.05289E-08 2.05328E-08 1.83987E-08 1.67983E-08 1.47205E-08 1.27849E-08 1.12823E-08 6.97496E-09 6.55257E-09 5.37933E-09 3.35614E-09 2.89520E-09 8.28359E-09 1.74898E-09 8.24410E-10 8.99766E-10 1.02776E-09 7.16422E-10 5.69651E-10
0.03 2.06687E-04 2.69586E-05 4.02940E-07 3.80440E-07 3.54670E-07 3.42463E-07 3.39375E-07 3.02657E-07 2.70157E-07 2.31522E-07 1.90692E-07 1.56404E-07 1.39384E-07 1.21000E-07 9.97778E-08 8.41313E-08 6.88940E-08 6.01053E-08 5.82170E-08 4.47846E-08 3.38877E-08 2.77935E-08
0.1 2.18286E-04 1.97184E-04 1.51821E-04 1.10010E-04 1.17080E-05 1.12489E-05 1.10733E-05 1.04113E-05 9.82991E-06 8.92828E-06 8.07870E-06 7.22844E-06 6.72339E-06 5.77855E-06 5.14707E-06 4.50575E-06 4.00775E-06 3.63884E-06 4.41910E-06 3.46606E-06 2.72848E-06 3.76073E-06
0.18 3.26285E-05 5.62390E-05 7.47435E-05 9.21151E-05 1.35443E-04 1.39325E-04 1.03089E-04 5.19011E-05 4.99446E-05 4.76339E-05 4.44150E-05 4.15333E-05 3.88067E-05 3.67137E-05 3.41390E-05 3.10220E-05 3.00360E-05 2.91170E-05 2.61634E-05 2.62699E-05 2.33658E-05 2.44760E-05
0.3 5.65091E-05 7.06492E-05 8.95217E-05 1.07529E-04 1.38445E-04 1.60235E-04 1.70323E-04 1.95007E-04 2.08798E-04 2.10272E-04 1.76539E-04 1.54915E-04 1.50133E-04 1.37057E-04 1.31895E-04 1.30393E-04 1.20114E-04 1.13735E-04 1.05912E-04 1.12613E-04 1.08562E-04 1.03499E-04
0.56 1.15437E-04 1.40928E-04 1.72093E-04 2.01724E-04 2.63944E-04 3.15868E-04 3.60388E-04 4.29347E-04 4.83119E-04 5.15744E-04 5.49184E-04 5.67682E-04 5.75184E-04 5.85709E-04 5.96344E-04 5.76669E-04 5.67886E-04 5.56478E-04 5.39399E-04 5.73416E-04 5.44580E-04 5.67861E-04
1.0 2.05069E-04 2.47362E-04 3.10730E-04 3.56744E-04 4.65836E-04 5.65208E-04 6.45535E-04 7.92515E-04 9.13020E-04 1.00454E-03 1.08238E-03 1.13416E-03 1.15969E-03 1.21444E-03 1.21363E-03 1.21745E-03 1.24451E-03 1.23831E-03 1.23355E-03 1.26919E-03 1.31890E-03 1.31994E-03
3.0 4.47023E-04 5.39475E-04 6.59851E-04 7.81147E-04 1.02405E-03 1.23824E-03 1.44255E-03 1.83468E-03 2.12200E-03 2.39053E-03 2.60097E-03 2.76322E-03 2.87823E-03 3.01348E-03 3.12943E-03 3.22738E-03 3.27052E-03 3.26206E-03 3.30282E-03 3.38497E-03 3.44439E-03 3.24312E-03
10.0 1.11452E-03 1.33081E-03 1.64816E-03 1.92506E-03 2.55489E-03 3.11224E-03 3.64473E-03 4.54946E-03 5.37082E-03 5.97082E-03 6.60168E-03 7.02130E-03 7.28418E-03 7.65237E-03 8.07685E-03 8.25453E-03 8.32371E-03 8.49870E-03 8.66899E-03 8.54596E-03 8.87360E-03 8.56421E-03
30.0 2.01066E-03 2.40008E-03 2.97426E-03 3.48007E-03 4.64976E-03 5.73673E-03 6.71202E-03 8.49363E-03 1.01231E-02 1.14475E-02 1.27338E-02 1.36395E-02 1.44801E-02 1.54774E-02 1.59911E-02 1.64650E-02 1.70731E-02 1.72046E-02 1.76505E-02 1.82013E-02 1.84555E-02 1.77254E-02
100.0 4.21639E-03 5.01362E-03 6.23762E-03 7.30727E-03 9.75689E-03 1.18777E-02 1.40365E-02 1.80150E-02 2.13356E-02 2.42306E-02 2.70783E-02 2.98170E-02 3.15913E-02 3.31177E-02 3.49030E-02 3.62910E-02 3.70851E-02 3.75481E-02 3.83940E-02 3.86079E-02 3.98610E-02 4.08665E-02
