Yield function of production of Ti44 by protons, neutrons, alphas, pi+ and pi-, [(Ti44 atoms * cm2) / (g * prim. part. nucleon)] (computed with Geant4.10).
The primaries are alphas.
Energy[GeV/nuc],depths[g/cm2]: 1 3 5 10 15 20 30 40 50 60 70 80 90 100 110 120 130 140 150 160 170 186
0.01 3.87716E-07 2.12677E-07 1.78047E-07 1.73591E-07 1.61103E-07 1.70081E-07 1.53003E-07 1.42767E-07 1.24310E-07 1.08592E-07 9.91875E-08 7.60194E-08 6.11603E-08 4.93969E-08 4.81706E-08 5.83480E-08 3.09084E-08 2.86098E-08 1.80802E-08 1.83533E-08 5.02312E-08 2.09467E-08
0.03 3.56338E-06 3.88102E-06 3.00568E-06 2.83155E-06 2.73585E-06 2.74084E-06 2.67907E-06 2.56882E-06 2.38459E-06 2.21311E-06 2.00022E-06 1.74498E-06 1.51463E-06 1.37849E-06 1.15949E-06 1.01869E-06 8.94441E-07 8.57533E-07 8.34646E-07 9.14414E-07 8.42631E-07 1.01925E-06
0.1 4.31021E-05 6.18370E-05 7.49785E-05 7.88503E-05 7.69613E-05 7.57408E-05 7.57708E-05 7.63475E-05 7.45709E-05 7.19221E-05 6.68452E-05 6.18839E-05 5.84457E-05 5.47298E-05 5.11235E-05 4.77736E-05 4.48754E-05 4.34369E-05 4.11844E-05 4.05673E-05 3.81727E-05 3.56204E-05
0.18 1.14355E-04 1.52682E-04 1.90616E-04 2.21366E-04 2.70744E-04 2.96383E-04 3.12273E-04 3.16279E-04 3.19746E-04 3.12776E-04 3.07552E-04 2.92611E-04 2.80019E-04 2.72486E-04 2.55384E-04 2.48703E-04 2.35667E-04 2.27233E-04 2.24145E-04 2.05564E-04 2.12278E-04 2.24525E-04
0.3 2.34851E-04 2.94741E-04 3.64137E-04 4.25539E-04 5.47164E-04 6.50096E-04 7.37672E-04 8.68269E-04 9.45993E-04 9.79940E-04 9.91354E-04 9.84403E-04 9.61986E-04 9.48307E-04 9.20007E-04 8.98082E-04 8.93392E-04 8.54696E-04 8.62994E-04 8.27428E-04 8.06787E-04 8.32948E-04
0.56 4.92499E-04 5.98825E-04 7.38671E-04 8.55857E-04 1.12915E-03 1.35561E-03 1.56632E-03 1.93413E-03 2.20044E-03 2.42591E-03 2.58290E-03 2.70215E-03 2.80156E-03 2.88139E-03 2.92739E-03 2.94119E-03 2.97779E-03 2.99994E-03 2.95988E-03 3.02770E-03 3.04572E-03 2.99162E-03
1.0 8.37429E-04 1.00448E-03 1.24908E-03 1.45889E-03 1.90734E-03 2.34590E-03 2.71374E-03 3.34052E-03 3.89231E-03 4.36021E-03 4.69384E-03 4.96495E-03 5.16077E-03 5.28568E-03 5.49652E-03 5.62535E-03 5.60571E-03 5.73129E-03 5.73163E-03 5.77633E-03 5.71114E-03 5.83980E-03
3.0 1.83318E-03 2.22388E-03 2.71535E-03 3.15064E-03 4.20975E-03 5.15897E-03 5.98626E-03 7.47997E-03 8.75013E-03 9.82527E-03 1.07008E-02 1.13544E-02 1.19372E-02 1.25088E-02 1.28488E-02 1.31223E-02 1.34259E-02 1.37184E-02 1.39865E-02 1.41067E-02 1.41942E-02 1.42604E-02
10.0 4.23381E-03 5.05835E-03 6.24717E-03 7.30539E-03 9.62851E-03 1.18145E-02 1.39247E-02 1.74802E-02 2.07694E-02 2.32991E-02 2.55574E-02 2.76803E-02 2.90994E-02 3.07685E-02 3.16975E-02 3.28831E-02 3.38406E-02 3.46543E-02 3.55133E-02 3.58295E-02 3.65494E-02 3.56553E-02
30.0 8.44776E-03 1.00703E-02 1.25568E-02 1.46369E-02 1.95684E-02 2.38059E-02 2.82940E-02 3.57698E-02 4.24901E-02 4.81313E-02 5.35193E-02 5.77523E-02 6.18217E-02 6.52688E-02 6.78395E-02 7.05012E-02 7.23599E-02 7.42088E-02 7.60693E-02 7.66065E-02 7.95479E-02 7.79028E-02
100.0 1.73215E-02 2.07535E-02 2.57047E-02 3.01974E-02 4.01903E-02 4.82929E-02 5.70819E-02 7.31128E-02 8.76119E-02 9.97491E-02 1.10106E-01 1.22611E-01 1.30366E-01 1.37223E-01 1.45122E-01 1.52066E-01 1.55424E-01 1.60570E-01 1.61903E-01 1.66317E-01 1.69825E-01 1.67631E-01
