Yield function of production of Ti44 by protons, neutrons, alphas, [(Ti44 atoms * cm2) / (g * prim. part. nucleon)] (computed with Geant4.10).
The primaries are alphas.
Energy[GeV/nuc],depths[g/cm2]: 0 1 3 5 10.08 15.16 20.24 25.32 30.4 35.48 40.56 45.64 50.72 55.8 60.88 65.96 71.04 76.12 81.2 86.28 91.36 96.44 101.52 106.6
0.03 1.34074E-05 2.14402E-07 9.72784E-11 8.38041E-11 6.57481E-11 5.79315E-11 5.30959E-11 4.76558E-11 4.40498E-11 4.14643E-11 3.99566E-11 3.84541E-11 3.48511E-11 3.41991E-11 3.17793E-11 3.10770E-11 3.07421E-11 3.00083E-11 2.76985E-11 2.74099E-11 2.80151E-11 2.72478E-11 2.41678E-11 3.24714E-11
0.1 1.60629E-05 1.40917E-05 1.04464E-05 6.90665E-06 3.41067E-08 2.94790E-08 2.69979E-08 2.53809E-08 2.42076E-08 2.31703E-08 2.24192E-08 2.18582E-08 2.11687E-08 2.05310E-08 2.01034E-08 1.93963E-08 1.91624E-08 1.90231E-08 1.89503E-08 1.89980E-08 1.82146E-08 1.87463E-08 1.80847E-08 1.75678E-08
0.18 1.32361E-05 1.30023E-05 1.13807E-05 1.04128E-05 7.92835E-06 5.81677E-06 3.46833E-06 1.01954E-06 3.20218E-07 3.02949E-07 2.90756E-07 2.79154E-07 2.70986E-07 2.62459E-07 2.57657E-07 2.52173E-07 2.48124E-07 2.46319E-07 2.41242E-07 2.40801E-07 2.35240E-07 2.32489E-07 2.29218E-07 2.37907E-07
0.3 1.47128E-05 1.43267E-05 1.34497E-05 1.29386E-05 1.10919E-05 1.00133E-05 8.86081E-06 7.95467E-06 7.18783E-06 6.48076E-06 5.82843E-06 5.14842E-06 4.39185E-06 3.54816E-06 2.58342E-06 1.92067E-06 1.86659E-06 1.84202E-06 1.81738E-06 1.78748E-06 1.78490E-06 1.75785E-06 1.74575E-06 1.64473E-06
0.56 2.02400E-05 2.01947E-05 2.01130E-05 2.03043E-05 1.93004E-05 1.93194E-05 1.92285E-05 1.91139E-05 1.89320E-05 1.87360E-05 1.85981E-05 1.83916E-05 1.81952E-05 1.80147E-05 1.78372E-05 1.76686E-05 1.75287E-05 1.73813E-05 1.72150E-05 1.70295E-05 1.70323E-05 1.69665E-05 1.64998E-05 1.56487E-05
1.0 2.74451E-05 2.79052E-05 2.85066E-05 2.93807E-05 2.91872E-05 3.00390E-05 3.08828E-05 3.13280E-05 3.18142E-05 3.21882E-05 3.24292E-05 3.26301E-05 3.27074E-05 3.29494E-05 3.30559E-05 3.30651E-05 3.31958E-05 3.31574E-05 3.31166E-05 3.32459E-05 3.33427E-05 3.29518E-05 3.32661E-05 3.24172E-05
3.0 3.85624E-05 3.95744E-05 4.10219E-05 4.27501E-05 4.31672E-05 4.54437E-05 4.69700E-05 4.85046E-05 4.99168E-05 5.11116E-05 5.16558E-05 5.26629E-05 5.33527E-05 5.37300E-05 5.42787E-05 5.45232E-05 5.50098E-05 5.55745E-05 5.61234E-05 5.61297E-05 5.62191E-05 5.66591E-05 5.50432E-05 5.48212E-05
10.0 5.58147E-05 5.77358E-05 6.02791E-05 6.33628E-05 6.52072E-05 6.95794E-05 7.28446E-05 7.56313E-05 7.79835E-05 8.01555E-05 8.23014E-05 8.39864E-05 8.51808E-05 8.67030E-05 8.81037E-05 8.97074E-05 8.97361E-05 9.07893E-05 9.05293E-05 9.19469E-05 9.10014E-05 9.18794E-05 9.49661E-05 8.96468E-05
30.0 7.84382E-05 8.05055E-05 8.37795E-05 8.76587E-05 8.98093E-05 9.61920E-05 1.02067E-04 1.06358E-04 1.09922E-04 1.14029E-04 1.16435E-04 1.19121E-04 1.21577E-04 1.25029E-04 1.28169E-04 1.28516E-04 1.29404E-04 1.32757E-04 1.33411E-04 1.33603E-04 1.35646E-04 1.32629E-04 1.31229E-04 1.47185E-04
100.0 1.07340E-04 1.11177E-04 1.16718E-04 1.22781E-04 1.28807E-04 1.40768E-04 1.49757E-04 1.57524E-04 1.64630E-04 1.71113E-04 1.77356E-04 1.83304E-04 1.90454E-04 1.93852E-04 1.96450E-04 2.02230E-04 2.03703E-04 2.06589E-04 2.13325E-04 2.08724E-04 2.10554E-04 2.20480E-04 2.06128E-04 2.01735E-04
