Yield function of production of Ti44 by protons, neutrons, alphas, [(Ti44 atoms * cm2) / (g * prim. part. nucleon)] (computed with Geant4.10).
The primaries are protons.
Energy[GeV/nuc],depths[g/cm2]: 0 1 3 5 10.08 15.16 20.24 25.32 30.4 35.48 40.56 45.64 50.72 55.8 60.88 65.96 71.04 76.12 81.2 86.28 91.36 96.44 101.52 106.6
0.03 9.85710E-09 9.13094E-16 3.07875E-16 3.96546E-16 1.91226E-16 0.00000E+00 0.00000E+00 0.00000E+00 0.00000E+00 0.00000E+00 0.00000E+00 0.00000E+00 0.00000E+00 0.00000E+00 0.00000E+00 0.00000E+00 0.00000E+00 0.00000E+00 0.00000E+00 0.00000E+00 0.00000E+00 0.00000E+00 0.00000E+00 0.00000E+00
0.1 6.50863E-07 2.63806E-07 5.86447E-08 2.40415E-08 4.03185E-10 3.57244E-10 3.22135E-10 2.93111E-10 2.74953E-10 2.55828E-10 2.41661E-10 2.26332E-10 2.20643E-10 2.12315E-10 2.02520E-10 1.91854E-10 1.88167E-10 1.82120E-10 1.71612E-10 1.73368E-10 1.66507E-10 1.63661E-10 1.57622E-10 2.09567E-10
0.18 2.45163E-06 1.77617E-06 1.32126E-06 9.70696E-07 4.26553E-07 1.51005E-07 3.26065E-08 1.54642E-08 1.38268E-08 1.31797E-08 1.27654E-08 1.23993E-08 1.20004E-08 1.17238E-08 1.13009E-08 1.12099E-08 1.06316E-08 1.05183E-08 1.04786E-08 1.06246E-08 1.05728E-08 1.02769E-08 1.13300E-08 9.29532E-09
0.3 5.31790E-06 5.22298E-06 4.49956E-06 3.96490E-06 2.82207E-06 2.14798E-06 1.66857E-06 1.27265E-06 9.67970E-07 7.12457E-07 5.04684E-07 3.41472E-07 2.27165E-07 1.60711E-07 1.41776E-07 1.36627E-07 1.34026E-07 1.30985E-07 1.30492E-07 1.28830E-07 1.26439E-07 1.25366E-07 1.20975E-07 1.20677E-07
0.56 1.00042E-05 9.89748E-06 9.49568E-06 9.25200E-06 8.29154E-06 7.80614E-06 7.35324E-06 6.94318E-06 6.57000E-06 6.28870E-06 6.06011E-06 5.72318E-06 5.49111E-06 5.27735E-06 5.10746E-06 4.94126E-06 4.83397E-06 4.67653E-06 4.64996E-06 4.55801E-06 4.47304E-06 4.40765E-06 4.39321E-06 4.34066E-06
1.0 1.42855E-05 1.41545E-05 1.37516E-05 1.35953E-05 1.26541E-05 1.23355E-05 1.21305E-05 1.19417E-05 1.17210E-05 1.15892E-05 1.13276E-05 1.12131E-05 1.11301E-05 1.09803E-05 1.08859E-05 1.07884E-05 1.06849E-05 1.05566E-05 1.04920E-05 1.03088E-05 1.09011E-05 1.02884E-05 1.01711E-05 9.26874E-06
3.0 1.31901E-05 1.32166E-05 1.32738E-05 1.35284E-05 1.31205E-05 1.34799E-05 1.36591E-05 1.38818E-05 1.41722E-05 1.42286E-05 1.43415E-05 1.45355E-05 1.46433E-05 1.47399E-05 1.47342E-05 1.47011E-05 1.46180E-05 1.48695E-05 1.49667E-05 1.47029E-05 1.47002E-05 1.51871E-05 1.42788E-05 1.42862E-05
10.0 1.77654E-05 1.80588E-05 1.85437E-05 1.91431E-05 1.91238E-05 2.00426E-05 2.05766E-05 2.11454E-05 2.17308E-05 2.21789E-05 2.25263E-05 2.31187E-05 2.30851E-05 2.33950E-05 2.38602E-05 2.37176E-05 2.37379E-05 2.42030E-05 2.44327E-05 2.44124E-05 2.44950E-05 2.44284E-05 2.45703E-05 2.51340E-05
30.0 2.29029E-05 2.31590E-05 2.37857E-05 2.42946E-05 2.45779E-05 2.57413E-05 2.70914E-05 2.81567E-05 2.87635E-05 2.95682E-05 3.04017E-05 3.07843E-05 3.15291E-05 3.15257E-05 3.24970E-05 3.27667E-05 3.27315E-05 3.26535E-05 3.37130E-05 3.38226E-05 3.27944E-05 3.42353E-05 3.34705E-05 3.19613E-05
100.0 3.47555E-05 3.51094E-05 3.62357E-05 3.76018E-05 3.83809E-05 4.04779E-05 4.19912E-05 4.43047E-05 4.66478E-05 4.71293E-05 4.83923E-05 4.99530E-05 4.99210E-05 5.17966E-05 5.20884E-05 5.27978E-05 5.22589E-05 5.34383E-05 5.47992E-05 5.40121E-05 5.40116E-05 5.48205E-05 5.66232E-05 5.46294E-05
